ano,orgao_cod,orgao_nome_sigla,poder_cod,situacao,uo_cod,uo_nome_sigla,categoria_cod,grupo_cod,modalidade_cod,elemento_cod,fonte_cod,ipu_cod,seq_progtrab,funcao_cod,subfuncao_cod,programa_cod,identificador_tipo_acao_cod,projeto_atividade_cod,acao_cod,subprojeto_subatividade_cod,vlr_loa_desp_uo,vlr_loa_desp_scppo,vlr_loa_desp,iag_cod,acao_desc,programa_desc
2025,1010,ASSEMBLEIA LEGISLATIVA DO ESTADO DE MINAS GERAIS - ALMG,1,0,1011,ASSEMBLEIA LEGISLATIVA DO ESTADO DE MINAS GERAIS - ALMG,3,1,90,7,10,1,4170,1,31,729,4,239,4239,1,1747000.00,1747000.00,1747000.00,0,ELABORAÇÃO LEGISLATIVA E ACOMPANHAMENTO DAS POLÍTICAS PÚBLICAS,PROCESSO LEGISLATIVO
2025,1010,ASSEMBLEIA LEGISLATIVA DO ESTADO DE MINAS GERAIS - ALMG,1,0,1011,ASSEMBLEIA LEGISLATIVA DO ESTADO DE MINAS GERAIS - ALMG,3,1,90,11,10,1,4170,1,31,729,4,239,4239,1,929344632.00,929344632.00,929344632.00,0,ELABORAÇÃO LEGISLATIVA E ACOMPANHAMENTO DAS POLÍTICAS PÚBLICAS,PROCESSO LEGISLATIVO
2025,1010,ASSEMBLEIA LEGISLATIVA DO ESTADO DE MINAS GERAIS - ALMG,1,0,1011,ASSEMBLEIA LEGISLATIVA DO ESTADO DE MINAS GERAIS - ALMG,3,1,90,13,10,1,4170,1,31,729,4,239,4239,1,81982100.00,82139100.00,82139100.00,0,ELABORAÇÃO LEGISLATIVA E ACOMPANHAMENTO DAS POLÍTICAS PÚBLICAS,PROCESSO LEGISLATIVO
2025,1010,ASSEMBLEIA LEGISLATIVA DO ESTADO DE MINAS GERAIS - ALMG,1,0,1011,ASSEMBLEIA LEGISLATIVA DO ESTADO DE MINAS GERAIS - ALMG,3,1,90,16,10,1,4170,1,31,729,4,239,4239,1,44846600.00,44846600.00,44846600.00,0,ELABORAÇÃO LEGISLATIVA E ACOMPANHAMENTO DAS POLÍTICAS PÚBLICAS,PROCESSO LEGISLATIVO
2025,1010,ASSEMBLEIA LEGISLATIVA DO ESTADO DE MINAS GERAIS - ALMG,1,0,1011,ASSEMBLEIA LEGISLATIVA DO ESTADO DE MINAS GERAIS - ALMG,3,1,90,17,10,1,4170,1,31,729,4,239,4239,1,647500.00,647500.00,647500.00,0,ELABORAÇÃO LEGISLATIVA E ACOMPANHAMENTO DAS POLÍTICAS PÚBLICAS,PROCESSO LEGISLATIVO
2025,1010,ASSEMBLEIA LEGISLATIVA DO ESTADO DE MINAS GERAIS - ALMG,1,0,1011,ASSEMBLEIA LEGISLATIVA DO ESTADO DE MINAS GERAIS - ALMG,3,1,90,92,10,1,4170,1,31,729,4,239,4239,1,30000000.00,30000000.00,30000000.00,0,ELABORAÇÃO LEGISLATIVA E ACOMPANHAMENTO DAS POLÍTICAS PÚBLICAS,PROCESSO LEGISLATIVO
2025,1010,ASSEMBLEIA LEGISLATIVA DO ESTADO DE MINAS GERAIS - ALMG,1,0,1011,ASSEMBLEIA LEGISLATIVA DO ESTADO DE MINAS GERAIS - ALMG,3,1,90,94,10,1,4170,1,31,729,4,239,4239,1,2802600.00,2802600.00,2802600.00,0,ELABORAÇÃO LEGISLATIVA E ACOMPANHAMENTO DAS POLÍTICAS PÚBLICAS,PROCESSO LEGISLATIVO
2025,1010,ASSEMBLEIA LEGISLATIVA DO ESTADO DE MINAS GERAIS - ALMG,1,0,1011,ASSEMBLEIA LEGISLATIVA DO ESTADO DE MINAS GERAIS - ALMG,3,1,91,13,10,1,4170,1,31,729,4,239,4239,1,106525400.00,106368400.00,106368400.00,0,ELABORAÇÃO LEGISLATIVA E ACOMPANHAMENTO DAS POLÍTICAS PÚBLICAS,PROCESSO LEGISLATIVO
2025,1010,ASSEMBLEIA LEGISLATIVA DO ESTADO DE MINAS GERAIS - ALMG,1,0,1011,ASSEMBLEIA LEGISLATIVA DO ESTADO DE MINAS GERAIS - ALMG,3,3,90,8,10,1,4170,1,31,729,4,239,4239,1,20512600.00,20512600.00,20512600.00,0,ELABORAÇÃO LEGISLATIVA E ACOMPANHAMENTO DAS POLÍTICAS PÚBLICAS,PROCESSO LEGISLATIVO
2025,1010,ASSEMBLEIA LEGISLATIVA DO ESTADO DE MINAS GERAIS - ALMG,1,0,1011,ASSEMBLEIA LEGISLATIVA DO ESTADO DE MINAS GERAIS - ALMG,3,3,90,8,10,7,4170,1,31,729,4,239,4239,1,1014900.00,1014900.00,1014900.00,0,ELABORAÇÃO LEGISLATIVA E ACOMPANHAMENTO DAS POLÍTICAS PÚBLICAS,PROCESSO LEGISLATIVO
2025,1010,ASSEMBLEIA LEGISLATIVA DO ESTADO DE MINAS GERAIS - ALMG,1,0,1011,ASSEMBLEIA LEGISLATIVA DO ESTADO DE MINAS GERAIS - ALMG,3,3,90,13,10,1,4170,1,31,729,4,239,4239,1,3964200.00,3964200.00,3964200.00,0,ELABORAÇÃO LEGISLATIVA E ACOMPANHAMENTO DAS POLÍTICAS PÚBLICAS,PROCESSO LEGISLATIVO
2025,1010,ASSEMBLEIA LEGISLATIVA DO ESTADO DE MINAS GERAIS - ALMG,1,0,1011,ASSEMBLEIA LEGISLATIVA DO ESTADO DE MINAS GERAIS - ALMG,3,3,90,14,10,1,4170,1,31,729,4,239,4239,1,13203600.00,13203600.00,13203600.00,0,ELABORAÇÃO LEGISLATIVA E ACOMPANHAMENTO DAS POLÍTICAS PÚBLICAS,PROCESSO LEGISLATIVO
2025,1010,ASSEMBLEIA LEGISLATIVA DO ESTADO DE MINAS GERAIS - ALMG,1,0,1011,ASSEMBLEIA LEGISLATIVA DO ESTADO DE MINAS GERAIS - ALMG,3,3,90,30,10,1,4170,1,31,729,4,239,4239,1,3497800.00,3497800.00,3497800.00,0,ELABORAÇÃO LEGISLATIVA E ACOMPANHAMENTO DAS POLÍTICAS PÚBLICAS,PROCESSO LEGISLATIVO
2025,1010,ASSEMBLEIA LEGISLATIVA DO ESTADO DE MINAS GERAIS - ALMG,1,0,1011,ASSEMBLEIA LEGISLATIVA DO ESTADO DE MINAS GERAIS - ALMG,3,3,90,31,10,1,4170,1,31,729,4,239,4239,1,99300.00,99300.00,99300.00,0,ELABORAÇÃO LEGISLATIVA E ACOMPANHAMENTO DAS POLÍTICAS PÚBLICAS,PROCESSO LEGISLATIVO
2025,1010,ASSEMBLEIA LEGISLATIVA DO ESTADO DE MINAS GERAIS - ALMG,1,0,1011,ASSEMBLEIA LEGISLATIVA DO ESTADO DE MINAS GERAIS - ALMG,3,3,90,33,10,1,4170,1,31,729,4,239,4239,1,4793500.00,4793500.00,4793500.00,0,ELABORAÇÃO LEGISLATIVA E ACOMPANHAMENTO DAS POLÍTICAS PÚBLICAS,PROCESSO LEGISLATIVO
2025,1010,ASSEMBLEIA LEGISLATIVA DO ESTADO DE MINAS GERAIS - ALMG,1,0,1011,ASSEMBLEIA LEGISLATIVA DO ESTADO DE MINAS GERAIS - ALMG,3,3,90,35,10,1,4170,1,31,729,4,239,4239,1,424200.00,424200.00,424200.00,0,ELABORAÇÃO LEGISLATIVA E ACOMPANHAMENTO DAS POLÍTICAS PÚBLICAS,PROCESSO LEGISLATIVO
2025,1010,ASSEMBLEIA LEGISLATIVA DO ESTADO DE MINAS GERAIS - ALMG,1,0,1011,ASSEMBLEIA LEGISLATIVA DO ESTADO DE MINAS GERAIS - ALMG,3,3,90,36,10,1,4170,1,31,729,4,239,4239,1,7298800.00,7298800.00,7298800.00,0,ELABORAÇÃO LEGISLATIVA E ACOMPANHAMENTO DAS POLÍTICAS PÚBLICAS,PROCESSO LEGISLATIVO
2025,1010,ASSEMBLEIA LEGISLATIVA DO ESTADO DE MINAS GERAIS - ALMG,1,0,1011,ASSEMBLEIA LEGISLATIVA DO ESTADO DE MINAS GERAIS - ALMG,3,3,90,37,10,1,4170,1,31,729,4,239,4239,1,45087000.00,45087000.00,45087000.00,0,ELABORAÇÃO LEGISLATIVA E ACOMPANHAMENTO DAS POLÍTICAS PÚBLICAS,PROCESSO LEGISLATIVO
2025,1010,ASSEMBLEIA LEGISLATIVA DO ESTADO DE MINAS GERAIS - ALMG,1,0,1011,ASSEMBLEIA LEGISLATIVA DO ESTADO DE MINAS GERAIS - ALMG,3,3,90,39,10,1,4170,1,31,729,4,239,4239,1,142270500.00,142270500.00,142270500.00,0,ELABORAÇÃO LEGISLATIVA E ACOMPANHAMENTO DAS POLÍTICAS PÚBLICAS,PROCESSO LEGISLATIVO
2025,1010,ASSEMBLEIA LEGISLATIVA DO ESTADO DE MINAS GERAIS - ALMG,1,0,1011,ASSEMBLEIA LEGISLATIVA DO ESTADO DE MINAS GERAIS - ALMG,3,3,90,40,10,1,4170,1,31,729,4,239,4239,1,7115800.00,7115800.00,7115800.00,0,ELABORAÇÃO LEGISLATIVA E ACOMPANHAMENTO DAS POLÍTICAS PÚBLICAS,PROCESSO LEGISLATIVO
2025,1010,ASSEMBLEIA LEGISLATIVA DO ESTADO DE MINAS GERAIS - ALMG,1,0,1011,ASSEMBLEIA LEGISLATIVA DO ESTADO DE MINAS GERAIS - ALMG,3,3,90,41,10,1,4170,1,31,729,4,239,4239,1,548700.00,548700.00,548700.00,0,ELABORAÇÃO LEGISLATIVA E ACOMPANHAMENTO DAS POLÍTICAS PÚBLICAS,PROCESSO LEGISLATIVO
2025,1010,ASSEMBLEIA LEGISLATIVA DO ESTADO DE MINAS GERAIS - ALMG,1,0,1011,ASSEMBLEIA LEGISLATIVA DO ESTADO DE MINAS GERAIS - ALMG,3,3,90,46,10,7,4170,1,31,729,4,239,4239,1,41596600.00,41596600.00,41596600.00,0,ELABORAÇÃO LEGISLATIVA E ACOMPANHAMENTO DAS POLÍTICAS PÚBLICAS,PROCESSO LEGISLATIVO
2025,1010,ASSEMBLEIA LEGISLATIVA DO ESTADO DE MINAS GERAIS - ALMG,1,0,1011,ASSEMBLEIA LEGISLATIVA DO ESTADO DE MINAS GERAIS - ALMG,3,3,90,47,10,1,4170,1,31,729,4,239,4239,1,159700.00,159700.00,159700.00,0,ELABORAÇÃO LEGISLATIVA E ACOMPANHAMENTO DAS POLÍTICAS PÚBLICAS,PROCESSO LEGISLATIVO
2025,1010,ASSEMBLEIA LEGISLATIVA DO ESTADO DE MINAS GERAIS - ALMG,1,0,1011,ASSEMBLEIA LEGISLATIVA DO ESTADO DE MINAS GERAIS - ALMG,3,3,90,49,10,7,4170,1,31,729,4,239,4239,1,22085500.00,22085500.00,22085500.00,0,ELABORAÇÃO LEGISLATIVA E ACOMPANHAMENTO DAS POLÍTICAS PÚBLICAS,PROCESSO LEGISLATIVO
2025,1010,ASSEMBLEIA LEGISLATIVA DO ESTADO DE MINAS GERAIS - ALMG,1,0,1011,ASSEMBLEIA LEGISLATIVA DO ESTADO DE MINAS GERAIS - ALMG,3,3,90,93,10,1,4170,1,31,729,4,239,4239,1,8719300.00,8719300.00,8719300.00,0,ELABORAÇÃO LEGISLATIVA E ACOMPANHAMENTO DAS POLÍTICAS PÚBLICAS,PROCESSO LEGISLATIVO
2025,1010,ASSEMBLEIA LEGISLATIVA DO ESTADO DE MINAS GERAIS - ALMG,1,0,1011,ASSEMBLEIA LEGISLATIVA DO ESTADO DE MINAS GERAIS - ALMG,3,3,90,93,60,1,4170,1,31,729,4,239,4239,1,21892932.00,21892932.00,21892932.00,0,ELABORAÇÃO LEGISLATIVA E ACOMPANHAMENTO DAS POLÍTICAS PÚBLICAS,PROCESSO LEGISLATIVO
2025,1010,ASSEMBLEIA LEGISLATIVA DO ESTADO DE MINAS GERAIS - ALMG,1,0,1011,ASSEMBLEIA LEGISLATIVA DO ESTADO DE MINAS GERAIS - ALMG,3,3,91,30,10,1,4170,1,31,729,4,239,4239,1,120000.00,120000.00,120000.00,0,ELABORAÇÃO LEGISLATIVA E ACOMPANHAMENTO DAS POLÍTICAS PÚBLICAS,PROCESSO LEGISLATIVO
2025,1010,ASSEMBLEIA LEGISLATIVA DO ESTADO DE MINAS GERAIS - ALMG,1,0,1011,ASSEMBLEIA LEGISLATIVA DO ESTADO DE MINAS GERAIS - ALMG,4,4,90,40,10,1,4170,1,31,729,4,239,4239,1,1520200.00,1520200.00,1520200.00,0,ELABORAÇÃO LEGISLATIVA E ACOMPANHAMENTO DAS POLÍTICAS PÚBLICAS,PROCESSO LEGISLATIVO
2025,1010,ASSEMBLEIA LEGISLATIVA DO ESTADO DE MINAS GERAIS - ALMG,1,0,1011,ASSEMBLEIA LEGISLATIVA DO ESTADO DE MINAS GERAIS - ALMG,4,4,90,52,10,1,4170,1,31,729,4,239,4239,1,9705800.00,9705800.00,9705800.00,0,ELABORAÇÃO LEGISLATIVA E ACOMPANHAMENTO DAS POLÍTICAS PÚBLICAS,PROCESSO LEGISLATIVO
2025,1010,ASSEMBLEIA LEGISLATIVA DO ESTADO DE MINAS GERAIS - ALMG,1,0,1011,ASSEMBLEIA LEGISLATIVA DO ESTADO DE MINAS GERAIS - ALMG,4,5,91,41,10,1,4170,1,31,729,4,239,4239,1,11953000.00,11953000.00,11953000.00,0,ELABORAÇÃO LEGISLATIVA E ACOMPANHAMENTO DAS POLÍTICAS PÚBLICAS,PROCESSO LEGISLATIVO
2025,1010,ASSEMBLEIA LEGISLATIVA DO ESTADO DE MINAS GERAIS - ALMG,1,0,1011,ASSEMBLEIA LEGISLATIVA DO ESTADO DE MINAS GERAIS - ALMG,3,1,90,1,10,5,2385,9,272,705,7,6,7006,1,352144000.00,352144000.00,352144000.00,0,PROVENTOS DE INATIVOS CIVIS E PENSIONISTAS,APOIO ÀS POLÍTICAS PÚBLICAS
2025,1010,ASSEMBLEIA LEGISLATIVA DO ESTADO DE MINAS GERAIS - ALMG,1,0,1011,ASSEMBLEIA LEGISLATIVA DO ESTADO DE MINAS GERAIS - ALMG,3,1,90,1,42,5,2385,9,272,705,7,6,7006,1,103400000.00,103400000.00,103400000.00,0,PROVENTOS DE INATIVOS CIVIS E PENSIONISTAS,APOIO ÀS POLÍTICAS PÚBLICAS
2025,1010,ASSEMBLEIA LEGISLATIVA DO ESTADO DE MINAS GERAIS - ALMG,1,0,1011,ASSEMBLEIA LEGISLATIVA DO ESTADO DE MINAS GERAIS - ALMG,3,1,90,1,43,5,2385,9,272,705,7,6,7006,1,120240000.00,120240000.00,120240000.00,0,PROVENTOS DE INATIVOS CIVIS E PENSIONISTAS,APOIO ÀS POLÍTICAS PÚBLICAS
2025,1010,ASSEMBLEIA LEGISLATIVA DO ESTADO DE MINAS GERAIS - ALMG,1,0,1011,ASSEMBLEIA LEGISLATIVA DO ESTADO DE MINAS GERAIS - ALMG,3,1,90,59,10,1,2385,9,272,705,7,6,7006,1,1610000.00,1610000.00,1610000.00,0,PROVENTOS DE INATIVOS CIVIS E PENSIONISTAS,APOIO ÀS POLÍTICAS PÚBLICAS
2025,1010,ASSEMBLEIA LEGISLATIVA DO ESTADO DE MINAS GERAIS - ALMG,1,0,1011,ASSEMBLEIA LEGISLATIVA DO ESTADO DE MINAS GERAIS - ALMG,3,1,91,13,10,5,2385,9,272,705,7,6,7006,1,135000.00,135000.00,135000.00,0,PROVENTOS DE INATIVOS CIVIS E PENSIONISTAS,APOIO ÀS POLÍTICAS PÚBLICAS
2025,1010,ASSEMBLEIA LEGISLATIVA DO ESTADO DE MINAS GERAIS - ALMG,1,0,1011,ASSEMBLEIA LEGISLATIVA DO ESTADO DE MINAS GERAIS - ALMG,3,1,90,91,10,9,1550,28,846,705,7,4,7004,1,1970000.00,1970000.00,1970000.00,0,PRECATÓRIOS E SENTENÇAS JUDICIÁRIAS,APOIO ÀS POLÍTICAS PÚBLICAS
2025,1010,ASSEMBLEIA LEGISLATIVA DO ESTADO DE MINAS GERAIS - ALMG,1,0,1011,ASSEMBLEIA LEGISLATIVA DO ESTADO DE MINAS GERAIS - ALMG,3,3,90,91,10,9,1550,28,846,705,7,4,7004,1,30000.00,30000.00,30000.00,0,PRECATÓRIOS E SENTENÇAS JUDICIÁRIAS,APOIO ÀS POLÍTICAS PÚBLICAS
2025,1010,ASSEMBLEIA LEGISLATIVA DO ESTADO DE MINAS GERAIS - ALMG,1,0,2361,INSTITUTO DE PREVIDÊNCIA DO LEGISLATIVO DO ESTADO DE MINAS GERAIS - IPLEMG,3,1,90,11,60,1,9570,1,122,705,2,9,2009,1,580067.00,580067.00,580067.00,0,DIREÇÃO ADMINISTRATIVA,APOIO ÀS POLÍTICAS PÚBLICAS
2025,1010,ASSEMBLEIA LEGISLATIVA DO ESTADO DE MINAS GERAIS - ALMG,1,0,2361,INSTITUTO DE PREVIDÊNCIA DO LEGISLATIVO DO ESTADO DE MINAS GERAIS - IPLEMG,3,1,90,13,60,1,9570,1,122,705,2,9,2009,1,437270.00,437270.00,437270.00,0,DIREÇÃO ADMINISTRATIVA,APOIO ÀS POLÍTICAS PÚBLICAS
2025,1010,ASSEMBLEIA LEGISLATIVA DO ESTADO DE MINAS GERAIS - ALMG,1,0,2361,INSTITUTO DE PREVIDÊNCIA DO LEGISLATIVO DO ESTADO DE MINAS GERAIS - IPLEMG,3,1,90,16,60,1,9570,1,122,705,2,9,2009,1,160764.00,160764.00,160764.00,0,DIREÇÃO ADMINISTRATIVA,APOIO ÀS POLÍTICAS PÚBLICAS
2025,1010,ASSEMBLEIA LEGISLATIVA DO ESTADO DE MINAS GERAIS - ALMG,1,0,2361,INSTITUTO DE PREVIDÊNCIA DO LEGISLATIVO DO ESTADO DE MINAS GERAIS - IPLEMG,3,1,90,92,60,1,9570,1,122,705,2,9,2009,1,62899.00,62899.00,62899.00,0,DIREÇÃO ADMINISTRATIVA,APOIO ÀS POLÍTICAS PÚBLICAS
2025,1010,ASSEMBLEIA LEGISLATIVA DO ESTADO DE MINAS GERAIS - ALMG,1,0,2361,INSTITUTO DE PREVIDÊNCIA DO LEGISLATIVO DO ESTADO DE MINAS GERAIS - IPLEMG,3,3,90,30,60,1,9570,1,122,705,2,9,2009,1,275204.00,275204.00,275204.00,0,DIREÇÃO ADMINISTRATIVA,APOIO ÀS POLÍTICAS PÚBLICAS
2025,1010,ASSEMBLEIA LEGISLATIVA DO ESTADO DE MINAS GERAIS - ALMG,1,0,2361,INSTITUTO DE PREVIDÊNCIA DO LEGISLATIVO DO ESTADO DE MINAS GERAIS - IPLEMG,3,3,90,33,60,1,9570,1,122,705,2,9,2009,1,195300.00,195300.00,195300.00,0,DIREÇÃO ADMINISTRATIVA,APOIO ÀS POLÍTICAS PÚBLICAS
2025,1010,ASSEMBLEIA LEGISLATIVA DO ESTADO DE MINAS GERAIS - ALMG,1,0,2361,INSTITUTO DE PREVIDÊNCIA DO LEGISLATIVO DO ESTADO DE MINAS GERAIS - IPLEMG,3,3,90,35,60,1,9570,1,122,705,2,9,2009,1,2301770.00,2301770.00,2301770.00,0,DIREÇÃO ADMINISTRATIVA,APOIO ÀS POLÍTICAS PÚBLICAS
2025,1010,ASSEMBLEIA LEGISLATIVA DO ESTADO DE MINAS GERAIS - ALMG,1,0,2361,INSTITUTO DE PREVIDÊNCIA DO LEGISLATIVO DO ESTADO DE MINAS GERAIS - IPLEMG,3,3,90,36,60,1,9570,1,122,705,2,9,2009,1,1557810.00,1557810.00,1557810.00,0,DIREÇÃO ADMINISTRATIVA,APOIO ÀS POLÍTICAS PÚBLICAS
2025,1010,ASSEMBLEIA LEGISLATIVA DO ESTADO DE MINAS GERAIS - ALMG,1,0,2361,INSTITUTO DE PREVIDÊNCIA DO LEGISLATIVO DO ESTADO DE MINAS GERAIS - IPLEMG,3,3,90,37,60,1,9570,1,122,705,2,9,2009,1,1537662.00,1537662.00,1537662.00,0,DIREÇÃO ADMINISTRATIVA,APOIO ÀS POLÍTICAS PÚBLICAS
2025,1010,ASSEMBLEIA LEGISLATIVA DO ESTADO DE MINAS GERAIS - ALMG,1,0,2361,INSTITUTO DE PREVIDÊNCIA DO LEGISLATIVO DO ESTADO DE MINAS GERAIS - IPLEMG,3,3,90,39,60,1,9570,1,122,705,2,9,2009,1,1574055.00,1574055.00,1574055.00,0,DIREÇÃO ADMINISTRATIVA,APOIO ÀS POLÍTICAS PÚBLICAS
2025,1010,ASSEMBLEIA LEGISLATIVA DO ESTADO DE MINAS GERAIS - ALMG,1,0,2361,INSTITUTO DE PREVIDÊNCIA DO LEGISLATIVO DO ESTADO DE MINAS GERAIS - IPLEMG,3,3,90,92,60,1,9570,1,122,705,2,9,2009,1,15750.00,15750.00,15750.00,0,DIREÇÃO ADMINISTRATIVA,APOIO ÀS POLÍTICAS PÚBLICAS
2025,1010,ASSEMBLEIA LEGISLATIVA DO ESTADO DE MINAS GERAIS - ALMG,1,0,2361,INSTITUTO DE PREVIDÊNCIA DO LEGISLATIVO DO ESTADO DE MINAS GERAIS - IPLEMG,4,4,90,52,60,1,9570,1,122,705,2,9,2009,1,382461.00,382461.00,382461.00,0,DIREÇÃO ADMINISTRATIVA,APOIO ÀS POLÍTICAS PÚBLICAS
2025,1010,ASSEMBLEIA LEGISLATIVA DO ESTADO DE MINAS GERAIS - ALMG,1,0,2361,INSTITUTO DE PREVIDÊNCIA DO LEGISLATIVO DO ESTADO DE MINAS GERAIS - IPLEMG,4,4,90,92,60,1,9570,1,122,705,2,9,2009,1,105270.00,105270.00,105270.00,0,DIREÇÃO ADMINISTRATIVA,APOIO ÀS POLÍTICAS PÚBLICAS
2025,1010,ASSEMBLEIA LEGISLATIVA DO ESTADO DE MINAS GERAIS - ALMG,1,0,2361,INSTITUTO DE PREVIDÊNCIA DO LEGISLATIVO DO ESTADO DE MINAS GERAIS - IPLEMG,3,3,90,1,60,1,2206,9,274,705,7,208,7208,1,41349406.00,41349406.00,41349406.00,0,"PROVENTOS DE INATIVOS PARLAMENTARES, OUTROS CIVIS E PENSIONISTAS",APOIO ÀS POLÍTICAS PÚBLICAS
2025,1010,ASSEMBLEIA LEGISLATIVA DO ESTADO DE MINAS GERAIS - ALMG,1,0,2361,INSTITUTO DE PREVIDÊNCIA DO LEGISLATIVO DO ESTADO DE MINAS GERAIS - IPLEMG,3,3,90,3,60,1,2206,9,274,705,7,208,7208,1,29526545.00,29526545.00,29526545.00,0,"PROVENTOS DE INATIVOS PARLAMENTARES, OUTROS CIVIS E PENSIONISTAS",APOIO ÀS POLÍTICAS PÚBLICAS
2025,1010,ASSEMBLEIA LEGISLATIVA DO ESTADO DE MINAS GERAIS - ALMG,1,0,2361,INSTITUTO DE PREVIDÊNCIA DO LEGISLATIVO DO ESTADO DE MINAS GERAIS - IPLEMG,3,3,90,92,60,1,2206,9,274,705,7,208,7208,1,620000.00,620000.00,620000.00,0,"PROVENTOS DE INATIVOS PARLAMENTARES, OUTROS CIVIS E PENSIONISTAS",APOIO ÀS POLÍTICAS PÚBLICAS
2025,1010,ASSEMBLEIA LEGISLATIVA DO ESTADO DE MINAS GERAIS - ALMG,1,0,2361,INSTITUTO DE PREVIDÊNCIA DO LEGISLATIVO DO ESTADO DE MINAS GERAIS - IPLEMG,3,3,90,8,60,1,4908,9,274,766,2,113,2113,1,4127175.00,4127175.00,4127175.00,0,"PECÚLIO, AUXÍLIO FUNERAL, SAÚDE E OUTRAS ASSISTÊNCIAS",BENEFÍCIOS ASSISTENCIAIS
2025,1010,ASSEMBLEIA LEGISLATIVA DO ESTADO DE MINAS GERAIS - ALMG,1,0,2361,INSTITUTO DE PREVIDÊNCIA DO LEGISLATIVO DO ESTADO DE MINAS GERAIS - IPLEMG,3,3,90,92,60,1,4908,9,274,766,2,113,2113,1,779100.00,779100.00,779100.00,0,"PECÚLIO, AUXÍLIO FUNERAL, SAÚDE E OUTRAS ASSISTÊNCIAS",BENEFÍCIOS ASSISTENCIAIS
2025,1010,ASSEMBLEIA LEGISLATIVA DO ESTADO DE MINAS GERAIS - ALMG,1,0,2361,INSTITUTO DE PREVIDÊNCIA DO LEGISLATIVO DO ESTADO DE MINAS GERAIS - IPLEMG,4,4,90,51,60,1,4910,9,274,767,2,114,2114,1,4754406.00,4754406.00,4754406.00,0,RESERVA TÉCNICA,RESERVA DE BENEFÍCIOS
2025,1010,ASSEMBLEIA LEGISLATIVA DO ESTADO DE MINAS GERAIS - ALMG,1,0,2361,INSTITUTO DE PREVIDÊNCIA DO LEGISLATIVO DO ESTADO DE MINAS GERAIS - IPLEMG,4,4,90,61,60,1,4910,9,274,767,2,114,2114,1,1785000.00,1785000.00,1785000.00,0,RESERVA TÉCNICA,RESERVA DE BENEFÍCIOS
2025,1010,ASSEMBLEIA LEGISLATIVA DO ESTADO DE MINAS GERAIS - ALMG,1,0,2361,INSTITUTO DE PREVIDÊNCIA DO LEGISLATIVO DO ESTADO DE MINAS GERAIS - IPLEMG,4,4,90,92,60,1,4910,9,274,767,2,114,2114,1,210000.00,210000.00,210000.00,0,RESERVA TÉCNICA,RESERVA DE BENEFÍCIOS
2025,1010,ASSEMBLEIA LEGISLATIVA DO ESTADO DE MINAS GERAIS - ALMG,1,0,2361,INSTITUTO DE PREVIDÊNCIA DO LEGISLATIVO DO ESTADO DE MINAS GERAIS - IPLEMG,4,5,90,63,60,1,4910,9,274,767,2,114,2114,1,16854750.00,16854750.00,16854750.00,0,RESERVA TÉCNICA,RESERVA DE BENEFÍCIOS
2025,1010,ASSEMBLEIA LEGISLATIVA DO ESTADO DE MINAS GERAIS - ALMG,1,0,2361,INSTITUTO DE PREVIDÊNCIA DO LEGISLATIVO DO ESTADO DE MINAS GERAIS - IPLEMG,3,3,90,91,60,9,2558,28,846,705,7,4,7004,1,321836.00,321836.00,321836.00,0,PRECATÓRIOS E SENTENÇAS JUDICIÁRIAS,APOIO ÀS POLÍTICAS PÚBLICAS
2025,1010,ASSEMBLEIA LEGISLATIVA DO ESTADO DE MINAS GERAIS - ALMG,1,0,4121,FUNDO ESPECIAL DA ASSEMBLEIA LEGISLATIVA DO ESTADO DE MINAS GERAIS - FUNDALEMG,3,3,90,39,60,1,4905,10,302,764,4,539,4539,1,1000.00,1000.00,1000.00,0,ASSISTÊNCIA COMPLEMENTAR,ASSISTÊNCIA COMPLEMENTAR
2025,1010,ASSEMBLEIA LEGISLATIVA DO ESTADO DE MINAS GERAIS - ALMG,1,0,4121,FUNDO ESPECIAL DA ASSEMBLEIA LEGISLATIVA DO ESTADO DE MINAS GERAIS - FUNDALEMG,4,5,90,66,60,1,4906,16,482,765,4,84,4084,1,17999000.00,17999000.00,17999000.00,0,FINANCIAMENTO HABITACIONAL AOS SERVIDORES DA ASSEMBLEIA LEGISLATIVA,APOIO HABITACIONAL
2025,1020,TRIBUNAL DE CONTAS DO ESTADO DE MINAS GERAIS - TCEMG,1,0,1021,TRIBUNAL DE CONTAS DO ESTADO DE MINAS GERAIS - TCEMG,3,3,90,8,10,1,8409,1,32,705,2,157,2157,1,2737497.00,2737497.00,2737497.00,0,"AUXÍLIOS ALIMENTAÇÃO, CRECHE, MORADIA, SAÚDE E OUTROS AUXÍLIOS",APOIO ÀS POLÍTICAS PÚBLICAS
2025,1020,TRIBUNAL DE CONTAS DO ESTADO DE MINAS GERAIS - TCEMG,1,0,1021,TRIBUNAL DE CONTAS DO ESTADO DE MINAS GERAIS - TCEMG,3,3,90,46,10,7,8409,1,32,705,2,157,2157,1,28045983.00,28045983.00,28045983.00,0,"AUXÍLIOS ALIMENTAÇÃO, CRECHE, MORADIA, SAÚDE E OUTROS AUXÍLIOS",APOIO ÀS POLÍTICAS PÚBLICAS
2025,1020,TRIBUNAL DE CONTAS DO ESTADO DE MINAS GERAIS - TCEMG,1,0,1021,TRIBUNAL DE CONTAS DO ESTADO DE MINAS GERAIS - TCEMG,3,3,90,93,10,1,8409,1,32,705,2,157,2157,1,26314014.00,26314014.00,26314014.00,0,"AUXÍLIOS ALIMENTAÇÃO, CRECHE, MORADIA, SAÚDE E OUTROS AUXÍLIOS",APOIO ÀS POLÍTICAS PÚBLICAS
2025,1020,TRIBUNAL DE CONTAS DO ESTADO DE MINAS GERAIS - TCEMG,1,0,1021,TRIBUNAL DE CONTAS DO ESTADO DE MINAS GERAIS - TCEMG,3,1,90,11,10,1,5486,1,32,746,4,445,4445,1,525900320.00,525900320.00,525900320.00,0,FISCALIZAÇÃO DA GESTÃO DE RECURSOS PÚBLICOS E OPERACIONALIZAÇÃO DAS ATRIBUIÇÕES INSTITUCIONAIS,CONTROLE EXTERNO DA GESTÃO DOS RECURSOS PÚBLICOS
2025,1020,TRIBUNAL DE CONTAS DO ESTADO DE MINAS GERAIS - TCEMG,1,0,1021,TRIBUNAL DE CONTAS DO ESTADO DE MINAS GERAIS - TCEMG,3,1,90,13,10,1,5486,1,32,746,4,445,4445,1,6986327.00,6986327.00,6986327.00,0,FISCALIZAÇÃO DA GESTÃO DE RECURSOS PÚBLICOS E OPERACIONALIZAÇÃO DAS ATRIBUIÇÕES INSTITUCIONAIS,CONTROLE EXTERNO DA GESTÃO DOS RECURSOS PÚBLICOS
2025,1020,TRIBUNAL DE CONTAS DO ESTADO DE MINAS GERAIS - TCEMG,1,0,1021,TRIBUNAL DE CONTAS DO ESTADO DE MINAS GERAIS - TCEMG,3,1,90,16,10,1,5486,1,32,746,4,445,4445,1,598982.00,598982.00,598982.00,0,FISCALIZAÇÃO DA GESTÃO DE RECURSOS PÚBLICOS E OPERACIONALIZAÇÃO DAS ATRIBUIÇÕES INSTITUCIONAIS,CONTROLE EXTERNO DA GESTÃO DOS RECURSOS PÚBLICOS
2025,1020,TRIBUNAL DE CONTAS DO ESTADO DE MINAS GERAIS - TCEMG,1,0,1021,TRIBUNAL DE CONTAS DO ESTADO DE MINAS GERAIS - TCEMG,3,1,90,92,10,1,5486,1,32,746,4,445,4445,1,16444155.00,16444155.00,16444155.00,0,FISCALIZAÇÃO DA GESTÃO DE RECURSOS PÚBLICOS E OPERACIONALIZAÇÃO DAS ATRIBUIÇÕES INSTITUCIONAIS,CONTROLE EXTERNO DA GESTÃO DOS RECURSOS PÚBLICOS
2025,1020,TRIBUNAL DE CONTAS DO ESTADO DE MINAS GERAIS - TCEMG,1,0,1021,TRIBUNAL DE CONTAS DO ESTADO DE MINAS GERAIS - TCEMG,3,1,91,13,10,1,5486,1,32,746,4,445,4445,1,104247486.00,104247486.00,104247486.00,0,FISCALIZAÇÃO DA GESTÃO DE RECURSOS PÚBLICOS E OPERACIONALIZAÇÃO DAS ATRIBUIÇÕES INSTITUCIONAIS,CONTROLE EXTERNO DA GESTÃO DOS RECURSOS PÚBLICOS
2025,1020,TRIBUNAL DE CONTAS DO ESTADO DE MINAS GERAIS - TCEMG,1,0,1021,TRIBUNAL DE CONTAS DO ESTADO DE MINAS GERAIS - TCEMG,3,3,50,41,10,1,5486,1,32,746,4,445,4445,1,150000.00,150000.00,150000.00,0,FISCALIZAÇÃO DA GESTÃO DE RECURSOS PÚBLICOS E OPERACIONALIZAÇÃO DAS ATRIBUIÇÕES INSTITUCIONAIS,CONTROLE EXTERNO DA GESTÃO DOS RECURSOS PÚBLICOS
2025,1020,TRIBUNAL DE CONTAS DO ESTADO DE MINAS GERAIS - TCEMG,1,0,1021,TRIBUNAL DE CONTAS DO ESTADO DE MINAS GERAIS - TCEMG,3,3,90,14,10,1,5486,1,32,746,4,445,4445,1,572900.00,572900.00,572900.00,0,FISCALIZAÇÃO DA GESTÃO DE RECURSOS PÚBLICOS E OPERACIONALIZAÇÃO DAS ATRIBUIÇÕES INSTITUCIONAIS,CONTROLE EXTERNO DA GESTÃO DOS RECURSOS PÚBLICOS
2025,1020,TRIBUNAL DE CONTAS DO ESTADO DE MINAS GERAIS - TCEMG,1,0,1021,TRIBUNAL DE CONTAS DO ESTADO DE MINAS GERAIS - TCEMG,3,3,90,19,10,1,5486,1,32,746,4,445,4445,1,420926.00,420926.00,420926.00,0,FISCALIZAÇÃO DA GESTÃO DE RECURSOS PÚBLICOS E OPERACIONALIZAÇÃO DAS ATRIBUIÇÕES INSTITUCIONAIS,CONTROLE EXTERNO DA GESTÃO DOS RECURSOS PÚBLICOS
2025,1020,TRIBUNAL DE CONTAS DO ESTADO DE MINAS GERAIS - TCEMG,1,0,1021,TRIBUNAL DE CONTAS DO ESTADO DE MINAS GERAIS - TCEMG,3,3,90,39,10,1,5486,1,32,746,4,445,4445,1,990000.00,990000.00,990000.00,0,FISCALIZAÇÃO DA GESTÃO DE RECURSOS PÚBLICOS E OPERACIONALIZAÇÃO DAS ATRIBUIÇÕES INSTITUCIONAIS,CONTROLE EXTERNO DA GESTÃO DOS RECURSOS PÚBLICOS
2025,1020,TRIBUNAL DE CONTAS DO ESTADO DE MINAS GERAIS - TCEMG,1,0,1021,TRIBUNAL DE CONTAS DO ESTADO DE MINAS GERAIS - TCEMG,3,3,90,40,10,1,5486,1,32,746,4,445,4445,1,2629354.00,2629354.00,2629354.00,0,FISCALIZAÇÃO DA GESTÃO DE RECURSOS PÚBLICOS E OPERACIONALIZAÇÃO DAS ATRIBUIÇÕES INSTITUCIONAIS,CONTROLE EXTERNO DA GESTÃO DOS RECURSOS PÚBLICOS
2025,1020,TRIBUNAL DE CONTAS DO ESTADO DE MINAS GERAIS - TCEMG,1,0,1021,TRIBUNAL DE CONTAS DO ESTADO DE MINAS GERAIS - TCEMG,3,3,90,40,60,1,5486,1,32,746,4,445,4445,1,3000000.00,3000000.00,3000000.00,0,FISCALIZAÇÃO DA GESTÃO DE RECURSOS PÚBLICOS E OPERACIONALIZAÇÃO DAS ATRIBUIÇÕES INSTITUCIONAIS,CONTROLE EXTERNO DA GESTÃO DOS RECURSOS PÚBLICOS
2025,1020,TRIBUNAL DE CONTAS DO ESTADO DE MINAS GERAIS - TCEMG,1,0,1021,TRIBUNAL DE CONTAS DO ESTADO DE MINAS GERAIS - TCEMG,3,3,90,30,10,1,10908,1,122,746,2,9,2009,1,703000.00,703000.00,703000.00,0,DIREÇÃO ADMINISTRATIVA,CONTROLE EXTERNO DA GESTÃO DOS RECURSOS PÚBLICOS
2025,1020,TRIBUNAL DE CONTAS DO ESTADO DE MINAS GERAIS - TCEMG,1,0,1021,TRIBUNAL DE CONTAS DO ESTADO DE MINAS GERAIS - TCEMG,3,3,90,33,10,1,10908,1,122,746,2,9,2009,1,1560000.00,1560000.00,1560000.00,0,DIREÇÃO ADMINISTRATIVA,CONTROLE EXTERNO DA GESTÃO DOS RECURSOS PÚBLICOS
2025,1020,TRIBUNAL DE CONTAS DO ESTADO DE MINAS GERAIS - TCEMG,1,0,1021,TRIBUNAL DE CONTAS DO ESTADO DE MINAS GERAIS - TCEMG,3,3,90,36,10,1,10908,1,122,746,2,9,2009,1,1057305.00,1057305.00,1057305.00,0,DIREÇÃO ADMINISTRATIVA,CONTROLE EXTERNO DA GESTÃO DOS RECURSOS PÚBLICOS
2025,1020,TRIBUNAL DE CONTAS DO ESTADO DE MINAS GERAIS - TCEMG,1,0,1021,TRIBUNAL DE CONTAS DO ESTADO DE MINAS GERAIS - TCEMG,3,3,90,37,10,1,10908,1,122,746,2,9,2009,1,108546512.00,108546512.00,108546512.00,0,DIREÇÃO ADMINISTRATIVA,CONTROLE EXTERNO DA GESTÃO DOS RECURSOS PÚBLICOS
2025,1020,TRIBUNAL DE CONTAS DO ESTADO DE MINAS GERAIS - TCEMG,1,0,1021,TRIBUNAL DE CONTAS DO ESTADO DE MINAS GERAIS - TCEMG,3,3,90,39,10,1,10908,1,122,746,2,9,2009,1,7963683.00,7963683.00,7963683.00,0,DIREÇÃO ADMINISTRATIVA,CONTROLE EXTERNO DA GESTÃO DOS RECURSOS PÚBLICOS
2025,1020,TRIBUNAL DE CONTAS DO ESTADO DE MINAS GERAIS - TCEMG,1,0,1021,TRIBUNAL DE CONTAS DO ESTADO DE MINAS GERAIS - TCEMG,3,3,90,40,10,1,10908,1,122,746,2,9,2009,1,9280378.00,9280378.00,9280378.00,0,DIREÇÃO ADMINISTRATIVA,CONTROLE EXTERNO DA GESTÃO DOS RECURSOS PÚBLICOS
2025,1020,TRIBUNAL DE CONTAS DO ESTADO DE MINAS GERAIS - TCEMG,1,0,1021,TRIBUNAL DE CONTAS DO ESTADO DE MINAS GERAIS - TCEMG,3,3,90,40,60,1,10908,1,122,746,2,9,2009,1,7000000.00,7000000.00,7000000.00,0,DIREÇÃO ADMINISTRATIVA,CONTROLE EXTERNO DA GESTÃO DOS RECURSOS PÚBLICOS
2025,1020,TRIBUNAL DE CONTAS DO ESTADO DE MINAS GERAIS - TCEMG,1,0,1021,TRIBUNAL DE CONTAS DO ESTADO DE MINAS GERAIS - TCEMG,4,4,90,40,10,1,10908,1,122,746,2,9,2009,1,12428190.00,12428190.00,12428190.00,0,DIREÇÃO ADMINISTRATIVA,CONTROLE EXTERNO DA GESTÃO DOS RECURSOS PÚBLICOS
2025,1020,TRIBUNAL DE CONTAS DO ESTADO DE MINAS GERAIS - TCEMG,1,0,1021,TRIBUNAL DE CONTAS DO ESTADO DE MINAS GERAIS - TCEMG,4,4,90,52,10,1,10908,1,122,746,2,9,2009,1,5092922.00,5092922.00,5092922.00,0,DIREÇÃO ADMINISTRATIVA,CONTROLE EXTERNO DA GESTÃO DOS RECURSOS PÚBLICOS
2025,1020,TRIBUNAL DE CONTAS DO ESTADO DE MINAS GERAIS - TCEMG,1,0,1021,TRIBUNAL DE CONTAS DO ESTADO DE MINAS GERAIS - TCEMG,4,4,90,52,60,1,10908,1,122,746,2,9,2009,1,10779514.00,10779514.00,10779514.00,0,DIREÇÃO ADMINISTRATIVA,CONTROLE EXTERNO DA GESTÃO DOS RECURSOS PÚBLICOS
2025,1020,TRIBUNAL DE CONTAS DO ESTADO DE MINAS GERAIS - TCEMG,1,0,1021,TRIBUNAL DE CONTAS DO ESTADO DE MINAS GERAIS - TCEMG,3,3,90,14,10,1,6596,1,128,760,2,145,2145,1,1500000.00,1500000.00,1500000.00,0,"CAPACITAÇÃO DE SERVIDORES E MEMBROS DO TCEMG, GESTORES E SERVIDORES PÚBLICOS DAS ENTIDADES JURISDICIONADAS E REPRESENTANTES DE ENTIDADES DA SOCIEDADE",CAPACITAÇÃO E ORIENTAÇÃO PARA MELHORAR A GESTÃO DOS RECURSOS PÚBLICOS
2025,1020,TRIBUNAL DE CONTAS DO ESTADO DE MINAS GERAIS - TCEMG,1,0,1021,TRIBUNAL DE CONTAS DO ESTADO DE MINAS GERAIS - TCEMG,3,3,90,36,10,1,6596,1,128,760,2,145,2145,1,358255.00,358255.00,358255.00,0,"CAPACITAÇÃO DE SERVIDORES E MEMBROS DO TCEMG, GESTORES E SERVIDORES PÚBLICOS DAS ENTIDADES JURISDICIONADAS E REPRESENTANTES DE ENTIDADES DA SOCIEDADE",CAPACITAÇÃO E ORIENTAÇÃO PARA MELHORAR A GESTÃO DOS RECURSOS PÚBLICOS
2025,1020,TRIBUNAL DE CONTAS DO ESTADO DE MINAS GERAIS - TCEMG,1,0,1021,TRIBUNAL DE CONTAS DO ESTADO DE MINAS GERAIS - TCEMG,3,3,90,39,10,1,6596,1,128,760,2,145,2145,1,3197428.00,3197428.00,3197428.00,0,"CAPACITAÇÃO DE SERVIDORES E MEMBROS DO TCEMG, GESTORES E SERVIDORES PÚBLICOS DAS ENTIDADES JURISDICIONADAS E REPRESENTANTES DE ENTIDADES DA SOCIEDADE",CAPACITAÇÃO E ORIENTAÇÃO PARA MELHORAR A GESTÃO DOS RECURSOS PÚBLICOS
2025,1020,TRIBUNAL DE CONTAS DO ESTADO DE MINAS GERAIS - TCEMG,1,0,1021,TRIBUNAL DE CONTAS DO ESTADO DE MINAS GERAIS - TCEMG,3,1,90,1,10,5,2350,9,272,705,7,6,7006,1,263807624.00,263807624.00,263807624.00,0,PROVENTOS DE INATIVOS CIVIS E PENSIONISTAS,APOIO ÀS POLÍTICAS PÚBLICAS
2025,1020,TRIBUNAL DE CONTAS DO ESTADO DE MINAS GERAIS - TCEMG,1,0,1021,TRIBUNAL DE CONTAS DO ESTADO DE MINAS GERAIS - TCEMG,3,1,90,1,42,5,2350,9,272,705,7,6,7006,1,103953792.00,103953792.00,103953792.00,0,PROVENTOS DE INATIVOS CIVIS E PENSIONISTAS,APOIO ÀS POLÍTICAS PÚBLICAS
2025,1020,TRIBUNAL DE CONTAS DO ESTADO DE MINAS GERAIS - TCEMG,1,0,1021,TRIBUNAL DE CONTAS DO ESTADO DE MINAS GERAIS - TCEMG,3,1,90,1,43,5,2350,9,272,705,7,6,7006,1,111782853.00,111782853.00,111782853.00,0,PROVENTOS DE INATIVOS CIVIS E PENSIONISTAS,APOIO ÀS POLÍTICAS PÚBLICAS
2025,1020,TRIBUNAL DE CONTAS DO ESTADO DE MINAS GERAIS - TCEMG,1,0,1021,TRIBUNAL DE CONTAS DO ESTADO DE MINAS GERAIS - TCEMG,3,1,90,59,10,1,2350,9,272,705,7,6,7006,1,1525590.00,1525590.00,1525590.00,0,PROVENTOS DE INATIVOS CIVIS E PENSIONISTAS,APOIO ÀS POLÍTICAS PÚBLICAS
2025,1020,TRIBUNAL DE CONTAS DO ESTADO DE MINAS GERAIS - TCEMG,1,0,1021,TRIBUNAL DE CONTAS DO ESTADO DE MINAS GERAIS - TCEMG,3,1,91,13,10,5,2350,9,272,705,7,6,7006,1,583615.00,583615.00,583615.00,0,PROVENTOS DE INATIVOS CIVIS E PENSIONISTAS,APOIO ÀS POLÍTICAS PÚBLICAS
2025,1020,TRIBUNAL DE CONTAS DO ESTADO DE MINAS GERAIS - TCEMG,1,0,1021,TRIBUNAL DE CONTAS DO ESTADO DE MINAS GERAIS - TCEMG,3,3,90,91,10,9,2330,28,846,705,7,4,7004,1,1000.00,1000.00,1000.00,0,PRECATÓRIOS E SENTENÇAS JUDICIÁRIAS,APOIO ÀS POLÍTICAS PÚBLICAS
2025,1020,TRIBUNAL DE CONTAS DO ESTADO DE MINAS GERAIS - TCEMG,1,0,4611,FUNDO DO TRIBUNAL DE CONTAS DO ESTADO DE MINAS GERAIS - FUNCONTAS,3,3,90,40,60,1,8787,1,122,704,2,56,2056,1,3000000.00,3000000.00,3000000.00,0,REAPARELHAMENTO E APERFEIÇOAMENTO INSTITUCIONAL,MODERNIZAÇÃO INSTITUCIONAL
2025,1020,TRIBUNAL DE CONTAS DO ESTADO DE MINAS GERAIS - TCEMG,1,0,4611,FUNDO DO TRIBUNAL DE CONTAS DO ESTADO DE MINAS GERAIS - FUNCONTAS,4,4,90,52,60,1,8787,1,122,704,2,56,2056,1,3000000.00,3000000.00,3000000.00,0,REAPARELHAMENTO E APERFEIÇOAMENTO INSTITUCIONAL,MODERNIZAÇÃO INSTITUCIONAL
2025,1030,TRIBUNAL DE JUSTIÇA DO ESTADO DE MINAS GERAIS - TJMG,2,0,1031,TRIBUNAL DE JUSTIÇA DO ESTADO DE MINAS GERAIS - TJMG,3,1,90,7,10,1,9543,2,122,706,2,53,2053,1,5215917.00,5215917.00,5215917.00,0,REMUNERAÇÃO DE MAGISTRADOS DA ATIVA E ENCARGOS SOCIAIS,PRESTAÇÃO JURISDICIONAL
2025,1030,TRIBUNAL DE JUSTIÇA DO ESTADO DE MINAS GERAIS - TJMG,2,0,1031,TRIBUNAL DE JUSTIÇA DO ESTADO DE MINAS GERAIS - TJMG,3,1,90,11,10,1,9543,2,122,706,2,53,2053,1,677469838.00,677469838.00,677469838.00,0,REMUNERAÇÃO DE MAGISTRADOS DA ATIVA E ENCARGOS SOCIAIS,PRESTAÇÃO JURISDICIONAL
2025,1030,TRIBUNAL DE JUSTIÇA DO ESTADO DE MINAS GERAIS - TJMG,2,0,1031,TRIBUNAL DE JUSTIÇA DO ESTADO DE MINAS GERAIS - TJMG,3,1,90,16,10,1,9543,2,122,706,2,53,2053,1,100942848.00,100942848.00,100942848.00,0,REMUNERAÇÃO DE MAGISTRADOS DA ATIVA E ENCARGOS SOCIAIS,PRESTAÇÃO JURISDICIONAL
2025,1030,TRIBUNAL DE JUSTIÇA DO ESTADO DE MINAS GERAIS - TJMG,2,0,1031,TRIBUNAL DE JUSTIÇA DO ESTADO DE MINAS GERAIS - TJMG,3,1,90,92,10,1,9543,2,122,706,2,53,2053,1,173358671.00,474218297.00,474218297.00,0,REMUNERAÇÃO DE MAGISTRADOS DA ATIVA E ENCARGOS SOCIAIS,PRESTAÇÃO JURISDICIONAL
2025,1030,TRIBUNAL DE JUSTIÇA DO ESTADO DE MINAS GERAIS - TJMG,2,0,1031,TRIBUNAL DE JUSTIÇA DO ESTADO DE MINAS GERAIS - TJMG,3,1,91,13,10,1,9543,2,122,706,2,53,2053,1,134377729.00,134377729.00,134377729.00,0,REMUNERAÇÃO DE MAGISTRADOS DA ATIVA E ENCARGOS SOCIAIS,PRESTAÇÃO JURISDICIONAL
2025,1030,TRIBUNAL DE JUSTIÇA DO ESTADO DE MINAS GERAIS - TJMG,2,0,1031,TRIBUNAL DE JUSTIÇA DO ESTADO DE MINAS GERAIS - TJMG,3,1,91,92,10,1,9543,2,122,706,2,53,2053,1,24840000.00,24840000.00,24840000.00,0,REMUNERAÇÃO DE MAGISTRADOS DA ATIVA E ENCARGOS SOCIAIS,PRESTAÇÃO JURISDICIONAL
2025,1030,TRIBUNAL DE JUSTIÇA DO ESTADO DE MINAS GERAIS - TJMG,2,0,1031,TRIBUNAL DE JUSTIÇA DO ESTADO DE MINAS GERAIS - TJMG,3,3,90,8,10,7,9543,2,122,706,2,53,2053,1,5730514.00,5730514.00,5730514.00,0,REMUNERAÇÃO DE MAGISTRADOS DA ATIVA E ENCARGOS SOCIAIS,PRESTAÇÃO JURISDICIONAL
2025,1030,TRIBUNAL DE JUSTIÇA DO ESTADO DE MINAS GERAIS - TJMG,2,0,1031,TRIBUNAL DE JUSTIÇA DO ESTADO DE MINAS GERAIS - TJMG,3,3,90,46,10,7,9543,2,122,706,2,53,2053,1,30280470.00,30280470.00,30280470.00,0,REMUNERAÇÃO DE MAGISTRADOS DA ATIVA E ENCARGOS SOCIAIS,PRESTAÇÃO JURISDICIONAL
2025,1030,TRIBUNAL DE JUSTIÇA DO ESTADO DE MINAS GERAIS - TJMG,2,0,1031,TRIBUNAL DE JUSTIÇA DO ESTADO DE MINAS GERAIS - TJMG,3,3,90,93,10,7,9543,2,122,706,2,53,2053,1,79356763.00,79356763.00,79356763.00,0,REMUNERAÇÃO DE MAGISTRADOS DA ATIVA E ENCARGOS SOCIAIS,PRESTAÇÃO JURISDICIONAL
2025,1030,TRIBUNAL DE JUSTIÇA DO ESTADO DE MINAS GERAIS - TJMG,2,0,1031,TRIBUNAL DE JUSTIÇA DO ESTADO DE MINAS GERAIS - TJMG,3,3,90,93,60,7,9543,2,122,706,2,53,2053,1,25553030.00,25553030.00,25553030.00,0,REMUNERAÇÃO DE MAGISTRADOS DA ATIVA E ENCARGOS SOCIAIS,PRESTAÇÃO JURISDICIONAL
2025,1030,TRIBUNAL DE JUSTIÇA DO ESTADO DE MINAS GERAIS - TJMG,2,0,1031,TRIBUNAL DE JUSTIÇA DO ESTADO DE MINAS GERAIS - TJMG,3,1,90,7,10,1,9546,2,122,706,2,54,2054,1,595759.00,595759.00,595759.00,0,REMUNERAÇÃO DE SERVIDORES DA ATIVA E ENCARGOS SOCIAIS,PRESTAÇÃO JURISDICIONAL
2025,1030,TRIBUNAL DE JUSTIÇA DO ESTADO DE MINAS GERAIS - TJMG,2,0,1031,TRIBUNAL DE JUSTIÇA DO ESTADO DE MINAS GERAIS - TJMG,3,1,90,11,10,1,9546,2,122,706,2,54,2054,1,3682236507.00,3682236507.00,3682236507.00,0,REMUNERAÇÃO DE SERVIDORES DA ATIVA E ENCARGOS SOCIAIS,PRESTAÇÃO JURISDICIONAL
2025,1030,TRIBUNAL DE JUSTIÇA DO ESTADO DE MINAS GERAIS - TJMG,2,0,1031,TRIBUNAL DE JUSTIÇA DO ESTADO DE MINAS GERAIS - TJMG,3,1,90,13,10,1,9546,2,122,706,2,54,2054,1,78645812.00,78645812.00,78645812.00,0,REMUNERAÇÃO DE SERVIDORES DA ATIVA E ENCARGOS SOCIAIS,PRESTAÇÃO JURISDICIONAL
2025,1030,TRIBUNAL DE JUSTIÇA DO ESTADO DE MINAS GERAIS - TJMG,2,0,1031,TRIBUNAL DE JUSTIÇA DO ESTADO DE MINAS GERAIS - TJMG,3,1,90,16,10,1,9546,2,122,706,2,54,2054,1,563043230.00,506636635.00,506636635.00,0,REMUNERAÇÃO DE SERVIDORES DA ATIVA E ENCARGOS SOCIAIS,PRESTAÇÃO JURISDICIONAL
2025,1030,TRIBUNAL DE JUSTIÇA DO ESTADO DE MINAS GERAIS - TJMG,2,0,1031,TRIBUNAL DE JUSTIÇA DO ESTADO DE MINAS GERAIS - TJMG,3,1,90,92,10,1,9546,2,122,706,2,54,2054,1,213614087.00,681229815.00,681229815.00,0,REMUNERAÇÃO DE SERVIDORES DA ATIVA E ENCARGOS SOCIAIS,PRESTAÇÃO JURISDICIONAL
2025,1030,TRIBUNAL DE JUSTIÇA DO ESTADO DE MINAS GERAIS - TJMG,2,0,1031,TRIBUNAL DE JUSTIÇA DO ESTADO DE MINAS GERAIS - TJMG,3,1,91,13,10,1,9546,2,122,706,2,54,2054,1,1024562854.00,1024562854.00,1024562854.00,0,REMUNERAÇÃO DE SERVIDORES DA ATIVA E ENCARGOS SOCIAIS,PRESTAÇÃO JURISDICIONAL
2025,1030,TRIBUNAL DE JUSTIÇA DO ESTADO DE MINAS GERAIS - TJMG,2,0,1031,TRIBUNAL DE JUSTIÇA DO ESTADO DE MINAS GERAIS - TJMG,3,1,91,92,10,1,9546,2,122,706,2,54,2054,1,33556000.00,33556000.00,33556000.00,0,REMUNERAÇÃO DE SERVIDORES DA ATIVA E ENCARGOS SOCIAIS,PRESTAÇÃO JURISDICIONAL
2025,1030,TRIBUNAL DE JUSTIÇA DO ESTADO DE MINAS GERAIS - TJMG,2,0,1031,TRIBUNAL DE JUSTIÇA DO ESTADO DE MINAS GERAIS - TJMG,3,3,90,8,10,7,9546,2,122,706,2,54,2054,1,155631754.00,55631754.00,55631754.00,0,REMUNERAÇÃO DE SERVIDORES DA ATIVA E ENCARGOS SOCIAIS,PRESTAÇÃO JURISDICIONAL
2025,1030,TRIBUNAL DE JUSTIÇA DO ESTADO DE MINAS GERAIS - TJMG,2,0,1031,TRIBUNAL DE JUSTIÇA DO ESTADO DE MINAS GERAIS - TJMG,3,3,90,46,10,7,9546,2,122,706,2,54,2054,1,397900920.00,397900920.00,397900920.00,0,REMUNERAÇÃO DE SERVIDORES DA ATIVA E ENCARGOS SOCIAIS,PRESTAÇÃO JURISDICIONAL
2025,1030,TRIBUNAL DE JUSTIÇA DO ESTADO DE MINAS GERAIS - TJMG,2,0,1031,TRIBUNAL DE JUSTIÇA DO ESTADO DE MINAS GERAIS - TJMG,3,3,90,49,10,7,9546,2,122,706,2,54,2054,1,46372970.00,46372970.00,46372970.00,0,REMUNERAÇÃO DE SERVIDORES DA ATIVA E ENCARGOS SOCIAIS,PRESTAÇÃO JURISDICIONAL
2025,1030,TRIBUNAL DE JUSTIÇA DO ESTADO DE MINAS GERAIS - TJMG,2,0,1031,TRIBUNAL DE JUSTIÇA DO ESTADO DE MINAS GERAIS - TJMG,3,3,90,93,10,7,9546,2,122,706,2,54,2054,1,88299140.00,88299140.00,88299140.00,0,REMUNERAÇÃO DE SERVIDORES DA ATIVA E ENCARGOS SOCIAIS,PRESTAÇÃO JURISDICIONAL
2025,1030,TRIBUNAL DE JUSTIÇA DO ESTADO DE MINAS GERAIS - TJMG,2,0,1031,TRIBUNAL DE JUSTIÇA DO ESTADO DE MINAS GERAIS - TJMG,3,3,90,93,60,7,9546,2,122,706,2,54,2054,1,52426153.00,52426153.00,52426153.00,0,REMUNERAÇÃO DE SERVIDORES DA ATIVA E ENCARGOS SOCIAIS,PRESTAÇÃO JURISDICIONAL
2025,1030,TRIBUNAL DE JUSTIÇA DO ESTADO DE MINAS GERAIS - TJMG,2,0,1031,TRIBUNAL DE JUSTIÇA DO ESTADO DE MINAS GERAIS - TJMG,3,1,90,1,10,5,2377,9,272,705,7,6,7006,1,38483257.00,38483257.00,38483257.00,0,PROVENTOS DE INATIVOS CIVIS E PENSIONISTAS,APOIO ÀS POLÍTICAS PÚBLICAS
2025,1030,TRIBUNAL DE JUSTIÇA DO ESTADO DE MINAS GERAIS - TJMG,2,0,1031,TRIBUNAL DE JUSTIÇA DO ESTADO DE MINAS GERAIS - TJMG,3,1,90,1,42,5,2377,9,272,705,7,6,7006,1,1217336584.00,1217336584.00,1217336584.00,0,PROVENTOS DE INATIVOS CIVIS E PENSIONISTAS,APOIO ÀS POLÍTICAS PÚBLICAS
2025,1030,TRIBUNAL DE JUSTIÇA DO ESTADO DE MINAS GERAIS - TJMG,2,0,1031,TRIBUNAL DE JUSTIÇA DO ESTADO DE MINAS GERAIS - TJMG,3,1,90,1,43,5,2377,9,272,705,7,6,7006,1,753348891.00,753348891.00,753348891.00,0,PROVENTOS DE INATIVOS CIVIS E PENSIONISTAS,APOIO ÀS POLÍTICAS PÚBLICAS
2025,1030,TRIBUNAL DE JUSTIÇA DO ESTADO DE MINAS GERAIS - TJMG,2,0,1031,TRIBUNAL DE JUSTIÇA DO ESTADO DE MINAS GERAIS - TJMG,3,1,90,3,10,5,2377,9,272,705,7,6,7006,1,146414308.00,146414308.00,146414308.00,0,PROVENTOS DE INATIVOS CIVIS E PENSIONISTAS,APOIO ÀS POLÍTICAS PÚBLICAS
2025,1030,TRIBUNAL DE JUSTIÇA DO ESTADO DE MINAS GERAIS - TJMG,2,0,1031,TRIBUNAL DE JUSTIÇA DO ESTADO DE MINAS GERAIS - TJMG,3,1,90,3,43,5,2377,9,272,705,7,6,7006,1,50000000.00,50000000.00,50000000.00,0,PROVENTOS DE INATIVOS CIVIS E PENSIONISTAS,APOIO ÀS POLÍTICAS PÚBLICAS
2025,1030,TRIBUNAL DE JUSTIÇA DO ESTADO DE MINAS GERAIS - TJMG,2,0,1031,TRIBUNAL DE JUSTIÇA DO ESTADO DE MINAS GERAIS - TJMG,3,1,90,16,10,1,2377,9,272,705,7,6,7006,1,150000000.00,95985056.00,95985056.00,0,PROVENTOS DE INATIVOS CIVIS E PENSIONISTAS,APOIO ÀS POLÍTICAS PÚBLICAS
2025,1030,TRIBUNAL DE JUSTIÇA DO ESTADO DE MINAS GERAIS - TJMG,2,0,1031,TRIBUNAL DE JUSTIÇA DO ESTADO DE MINAS GERAIS - TJMG,3,1,90,59,10,5,2377,9,272,705,7,6,7006,1,32860746.00,32860746.00,32860746.00,0,PROVENTOS DE INATIVOS CIVIS E PENSIONISTAS,APOIO ÀS POLÍTICAS PÚBLICAS
2025,1030,TRIBUNAL DE JUSTIÇA DO ESTADO DE MINAS GERAIS - TJMG,2,0,1031,TRIBUNAL DE JUSTIÇA DO ESTADO DE MINAS GERAIS - TJMG,3,1,90,92,10,5,2377,9,272,705,7,6,7006,1,133721037.00,432287867.00,432287867.00,0,PROVENTOS DE INATIVOS CIVIS E PENSIONISTAS,APOIO ÀS POLÍTICAS PÚBLICAS
2025,1030,TRIBUNAL DE JUSTIÇA DO ESTADO DE MINAS GERAIS - TJMG,2,0,1031,TRIBUNAL DE JUSTIÇA DO ESTADO DE MINAS GERAIS - TJMG,3,1,91,13,43,5,2377,9,272,705,7,6,7006,1,6753403.00,6753403.00,6753403.00,0,PROVENTOS DE INATIVOS CIVIS E PENSIONISTAS,APOIO ÀS POLÍTICAS PÚBLICAS
2025,1030,TRIBUNAL DE JUSTIÇA DO ESTADO DE MINAS GERAIS - TJMG,2,0,1031,TRIBUNAL DE JUSTIÇA DO ESTADO DE MINAS GERAIS - TJMG,3,3,90,8,10,7,2377,9,272,705,7,6,7006,1,1174689.00,1174689.00,1174689.00,0,PROVENTOS DE INATIVOS CIVIS E PENSIONISTAS,APOIO ÀS POLÍTICAS PÚBLICAS
2025,1030,TRIBUNAL DE JUSTIÇA DO ESTADO DE MINAS GERAIS - TJMG,2,0,1031,TRIBUNAL DE JUSTIÇA DO ESTADO DE MINAS GERAIS - TJMG,3,3,90,93,10,7,2377,9,272,705,7,6,7006,1,129536326.00,129536326.00,129536326.00,0,PROVENTOS DE INATIVOS CIVIS E PENSIONISTAS,APOIO ÀS POLÍTICAS PÚBLICAS
2025,1030,TRIBUNAL DE JUSTIÇA DO ESTADO DE MINAS GERAIS - TJMG,2,0,1031,TRIBUNAL DE JUSTIÇA DO ESTADO DE MINAS GERAIS - TJMG,3,1,90,91,10,9,2307,28,846,705,7,4,7004,1,1000.00,1000.00,1000.00,0,PRECATÓRIOS E SENTENÇAS JUDICIÁRIAS,APOIO ÀS POLÍTICAS PÚBLICAS
2025,1030,TRIBUNAL DE JUSTIÇA DO ESTADO DE MINAS GERAIS - TJMG,2,0,4031,FUNDO ESPECIAL DO PODER JUDICIÁRIO DO ESTADO DE MINAS GERAIS - FEPJ,3,3,90,14,77,1,8467,2,61,706,2,25,2025,1,700000.00,700000.00,700000.00,0,GESTÃO DE SERVIÇOS DE TIC,PRESTAÇÃO JURISDICIONAL
2025,1030,TRIBUNAL DE JUSTIÇA DO ESTADO DE MINAS GERAIS - TJMG,2,0,4031,FUNDO ESPECIAL DO PODER JUDICIÁRIO DO ESTADO DE MINAS GERAIS - FEPJ,3,3,90,30,77,1,8467,2,61,706,2,25,2025,1,58450.00,58450.00,58450.00,0,GESTÃO DE SERVIÇOS DE TIC,PRESTAÇÃO JURISDICIONAL
2025,1030,TRIBUNAL DE JUSTIÇA DO ESTADO DE MINAS GERAIS - TJMG,2,0,4031,FUNDO ESPECIAL DO PODER JUDICIÁRIO DO ESTADO DE MINAS GERAIS - FEPJ,3,3,90,40,77,1,8467,2,61,706,2,25,2025,1,164252846.00,164252846.00,164252846.00,0,GESTÃO DE SERVIÇOS DE TIC,PRESTAÇÃO JURISDICIONAL
2025,1030,TRIBUNAL DE JUSTIÇA DO ESTADO DE MINAS GERAIS - TJMG,2,0,4031,FUNDO ESPECIAL DO PODER JUDICIÁRIO DO ESTADO DE MINAS GERAIS - FEPJ,4,4,90,40,77,1,8467,2,61,706,2,25,2025,1,55447376.00,55447376.00,55447376.00,0,GESTÃO DE SERVIÇOS DE TIC,PRESTAÇÃO JURISDICIONAL
2025,1030,TRIBUNAL DE JUSTIÇA DO ESTADO DE MINAS GERAIS - TJMG,2,0,4031,FUNDO ESPECIAL DO PODER JUDICIÁRIO DO ESTADO DE MINAS GERAIS - FEPJ,4,4,90,52,77,1,8467,2,61,706,2,25,2025,1,75171522.00,75171522.00,75171522.00,0,GESTÃO DE SERVIÇOS DE TIC,PRESTAÇÃO JURISDICIONAL
2025,1030,TRIBUNAL DE JUSTIÇA DO ESTADO DE MINAS GERAIS - TJMG,2,0,4031,FUNDO ESPECIAL DO PODER JUDICIÁRIO DO ESTADO DE MINAS GERAIS - FEPJ,3,3,90,8,60,7,9547,2,61,706,2,55,2055,1,16541327.00,16541327.00,16541327.00,0,AUXÍLIOS CONCEDIDOS A MAGISTRADOS E SERVIDORES,PRESTAÇÃO JURISDICIONAL
2025,1030,TRIBUNAL DE JUSTIÇA DO ESTADO DE MINAS GERAIS - TJMG,2,0,4031,FUNDO ESPECIAL DO PODER JUDICIÁRIO DO ESTADO DE MINAS GERAIS - FEPJ,3,3,90,46,60,7,9547,2,61,706,2,55,2055,1,126884266.00,126884266.00,126884266.00,0,AUXÍLIOS CONCEDIDOS A MAGISTRADOS E SERVIDORES,PRESTAÇÃO JURISDICIONAL
2025,1030,TRIBUNAL DE JUSTIÇA DO ESTADO DE MINAS GERAIS - TJMG,2,0,4031,FUNDO ESPECIAL DO PODER JUDICIÁRIO DO ESTADO DE MINAS GERAIS - FEPJ,3,3,90,49,60,7,9547,2,61,706,2,55,2055,1,13577150.00,13577150.00,13577150.00,0,AUXÍLIOS CONCEDIDOS A MAGISTRADOS E SERVIDORES,PRESTAÇÃO JURISDICIONAL
2025,1030,TRIBUNAL DE JUSTIÇA DO ESTADO DE MINAS GERAIS - TJMG,2,0,4031,FUNDO ESPECIAL DO PODER JUDICIÁRIO DO ESTADO DE MINAS GERAIS - FEPJ,3,3,90,93,60,7,9547,2,61,706,2,55,2055,1,62997257.00,62997257.00,62997257.00,0,AUXÍLIOS CONCEDIDOS A MAGISTRADOS E SERVIDORES,PRESTAÇÃO JURISDICIONAL
2025,1030,TRIBUNAL DE JUSTIÇA DO ESTADO DE MINAS GERAIS - TJMG,2,0,4031,FUNDO ESPECIAL DO PODER JUDICIÁRIO DO ESTADO DE MINAS GERAIS - FEPJ,3,3,90,14,77,1,7910,2,61,706,2,91,2091,1,608960.00,608960.00,608960.00,0,OBRAS E GESTÃO PREDIAL,PRESTAÇÃO JURISDICIONAL
2025,1030,TRIBUNAL DE JUSTIÇA DO ESTADO DE MINAS GERAIS - TJMG,2,0,4031,FUNDO ESPECIAL DO PODER JUDICIÁRIO DO ESTADO DE MINAS GERAIS - FEPJ,3,3,90,30,77,1,7910,2,61,706,2,91,2091,1,1532900.00,1532900.00,1532900.00,0,OBRAS E GESTÃO PREDIAL,PRESTAÇÃO JURISDICIONAL
2025,1030,TRIBUNAL DE JUSTIÇA DO ESTADO DE MINAS GERAIS - TJMG,2,0,4031,FUNDO ESPECIAL DO PODER JUDICIÁRIO DO ESTADO DE MINAS GERAIS - FEPJ,3,3,90,35,77,1,7910,2,61,706,2,91,2091,1,69960.00,69960.00,69960.00,0,OBRAS E GESTÃO PREDIAL,PRESTAÇÃO JURISDICIONAL
2025,1030,TRIBUNAL DE JUSTIÇA DO ESTADO DE MINAS GERAIS - TJMG,2,0,4031,FUNDO ESPECIAL DO PODER JUDICIÁRIO DO ESTADO DE MINAS GERAIS - FEPJ,3,3,90,36,77,1,7910,2,61,706,2,91,2091,1,2939604.00,2939604.00,2939604.00,0,OBRAS E GESTÃO PREDIAL,PRESTAÇÃO JURISDICIONAL
2025,1030,TRIBUNAL DE JUSTIÇA DO ESTADO DE MINAS GERAIS - TJMG,2,0,4031,FUNDO ESPECIAL DO PODER JUDICIÁRIO DO ESTADO DE MINAS GERAIS - FEPJ,3,3,90,39,77,1,7910,2,61,706,2,91,2091,1,107077009.00,107077009.00,107077009.00,0,OBRAS E GESTÃO PREDIAL,PRESTAÇÃO JURISDICIONAL
2025,1030,TRIBUNAL DE JUSTIÇA DO ESTADO DE MINAS GERAIS - TJMG,2,0,4031,FUNDO ESPECIAL DO PODER JUDICIÁRIO DO ESTADO DE MINAS GERAIS - FEPJ,3,3,90,40,77,1,7910,2,61,706,2,91,2091,1,3866777.00,3866777.00,3866777.00,0,OBRAS E GESTÃO PREDIAL,PRESTAÇÃO JURISDICIONAL
2025,1030,TRIBUNAL DE JUSTIÇA DO ESTADO DE MINAS GERAIS - TJMG,2,0,4031,FUNDO ESPECIAL DO PODER JUDICIÁRIO DO ESTADO DE MINAS GERAIS - FEPJ,3,3,90,47,77,1,7910,2,61,706,2,91,2091,1,980979.00,980979.00,980979.00,0,OBRAS E GESTÃO PREDIAL,PRESTAÇÃO JURISDICIONAL
2025,1030,TRIBUNAL DE JUSTIÇA DO ESTADO DE MINAS GERAIS - TJMG,2,0,4031,FUNDO ESPECIAL DO PODER JUDICIÁRIO DO ESTADO DE MINAS GERAIS - FEPJ,3,3,90,93,77,1,7910,2,61,706,2,91,2091,1,543086.00,543086.00,543086.00,0,OBRAS E GESTÃO PREDIAL,PRESTAÇÃO JURISDICIONAL
2025,1030,TRIBUNAL DE JUSTIÇA DO ESTADO DE MINAS GERAIS - TJMG,2,0,4031,FUNDO ESPECIAL DO PODER JUDICIÁRIO DO ESTADO DE MINAS GERAIS - FEPJ,4,4,90,30,60,1,7910,2,61,706,2,91,2091,1,474800.00,474800.00,474800.00,0,OBRAS E GESTÃO PREDIAL,PRESTAÇÃO JURISDICIONAL
2025,1030,TRIBUNAL DE JUSTIÇA DO ESTADO DE MINAS GERAIS - TJMG,2,0,4031,FUNDO ESPECIAL DO PODER JUDICIÁRIO DO ESTADO DE MINAS GERAIS - FEPJ,4,4,90,30,77,1,7910,2,61,706,2,91,2091,1,275400.00,275400.00,275400.00,0,OBRAS E GESTÃO PREDIAL,PRESTAÇÃO JURISDICIONAL
2025,1030,TRIBUNAL DE JUSTIÇA DO ESTADO DE MINAS GERAIS - TJMG,2,0,4031,FUNDO ESPECIAL DO PODER JUDICIÁRIO DO ESTADO DE MINAS GERAIS - FEPJ,4,4,90,39,60,1,7910,2,61,706,2,91,2091,1,6789635.00,6789635.00,6789635.00,0,OBRAS E GESTÃO PREDIAL,PRESTAÇÃO JURISDICIONAL
2025,1030,TRIBUNAL DE JUSTIÇA DO ESTADO DE MINAS GERAIS - TJMG,2,0,4031,FUNDO ESPECIAL DO PODER JUDICIÁRIO DO ESTADO DE MINAS GERAIS - FEPJ,4,4,90,39,77,1,7910,2,61,706,2,91,2091,1,3491179.00,3491179.00,3491179.00,0,OBRAS E GESTÃO PREDIAL,PRESTAÇÃO JURISDICIONAL
2025,1030,TRIBUNAL DE JUSTIÇA DO ESTADO DE MINAS GERAIS - TJMG,2,0,4031,FUNDO ESPECIAL DO PODER JUDICIÁRIO DO ESTADO DE MINAS GERAIS - FEPJ,4,4,90,51,60,1,7910,2,61,706,2,91,2091,1,158990738.00,158990738.00,158990738.00,0,OBRAS E GESTÃO PREDIAL,PRESTAÇÃO JURISDICIONAL
2025,1030,TRIBUNAL DE JUSTIÇA DO ESTADO DE MINAS GERAIS - TJMG,2,0,4031,FUNDO ESPECIAL DO PODER JUDICIÁRIO DO ESTADO DE MINAS GERAIS - FEPJ,4,4,90,51,77,1,7910,2,61,706,2,91,2091,1,354781493.00,354781493.00,354781493.00,0,OBRAS E GESTÃO PREDIAL,PRESTAÇÃO JURISDICIONAL
2025,1030,TRIBUNAL DE JUSTIÇA DO ESTADO DE MINAS GERAIS - TJMG,2,0,4031,FUNDO ESPECIAL DO PODER JUDICIÁRIO DO ESTADO DE MINAS GERAIS - FEPJ,4,4,90,52,60,1,7910,2,61,706,2,91,2091,1,7093290.00,7093290.00,7093290.00,0,OBRAS E GESTÃO PREDIAL,PRESTAÇÃO JURISDICIONAL
2025,1030,TRIBUNAL DE JUSTIÇA DO ESTADO DE MINAS GERAIS - TJMG,2,0,4031,FUNDO ESPECIAL DO PODER JUDICIÁRIO DO ESTADO DE MINAS GERAIS - FEPJ,4,4,90,52,77,1,7910,2,61,706,2,91,2091,1,1280331.00,1280331.00,1280331.00,0,OBRAS E GESTÃO PREDIAL,PRESTAÇÃO JURISDICIONAL
2025,1030,TRIBUNAL DE JUSTIÇA DO ESTADO DE MINAS GERAIS - TJMG,2,0,4031,FUNDO ESPECIAL DO PODER JUDICIÁRIO DO ESTADO DE MINAS GERAIS - FEPJ,3,3,40,41,60,1,7917,2,61,706,4,395,4395,1,2026382.00,2026382.00,2026382.00,0,PROCESSAMENTO JUDICIÁRIO,PRESTAÇÃO JURISDICIONAL
2025,1030,TRIBUNAL DE JUSTIÇA DO ESTADO DE MINAS GERAIS - TJMG,2,0,4031,FUNDO ESPECIAL DO PODER JUDICIÁRIO DO ESTADO DE MINAS GERAIS - FEPJ,3,3,90,14,77,1,7917,2,61,706,4,395,4395,1,8031863.00,8031863.00,8031863.00,0,PROCESSAMENTO JUDICIÁRIO,PRESTAÇÃO JURISDICIONAL
2025,1030,TRIBUNAL DE JUSTIÇA DO ESTADO DE MINAS GERAIS - TJMG,2,0,4031,FUNDO ESPECIAL DO PODER JUDICIÁRIO DO ESTADO DE MINAS GERAIS - FEPJ,3,3,90,15,77,1,7917,2,61,706,4,395,4395,1,1259177.00,1259177.00,1259177.00,0,PROCESSAMENTO JUDICIÁRIO,PRESTAÇÃO JURISDICIONAL
2025,1030,TRIBUNAL DE JUSTIÇA DO ESTADO DE MINAS GERAIS - TJMG,2,0,4031,FUNDO ESPECIAL DO PODER JUDICIÁRIO DO ESTADO DE MINAS GERAIS - FEPJ,3,3,90,30,60,1,7917,2,61,706,4,395,4395,1,131186761.00,131186761.00,131186761.00,0,PROCESSAMENTO JUDICIÁRIO,PRESTAÇÃO JURISDICIONAL
2025,1030,TRIBUNAL DE JUSTIÇA DO ESTADO DE MINAS GERAIS - TJMG,2,0,4031,FUNDO ESPECIAL DO PODER JUDICIÁRIO DO ESTADO DE MINAS GERAIS - FEPJ,3,3,90,30,60,2,7917,2,61,706,4,395,4395,1,88237413.00,88237413.00,88237413.00,0,PROCESSAMENTO JUDICIÁRIO,PRESTAÇÃO JURISDICIONAL
2025,1030,TRIBUNAL DE JUSTIÇA DO ESTADO DE MINAS GERAIS - TJMG,2,0,4031,FUNDO ESPECIAL DO PODER JUDICIÁRIO DO ESTADO DE MINAS GERAIS - FEPJ,3,3,90,30,77,1,7917,2,61,706,4,395,4395,1,6677576.00,6677576.00,6677576.00,0,PROCESSAMENTO JUDICIÁRIO,PRESTAÇÃO JURISDICIONAL
2025,1030,TRIBUNAL DE JUSTIÇA DO ESTADO DE MINAS GERAIS - TJMG,2,0,4031,FUNDO ESPECIAL DO PODER JUDICIÁRIO DO ESTADO DE MINAS GERAIS - FEPJ,3,3,90,31,77,1,7917,2,61,706,4,395,4395,1,152500.00,152500.00,152500.00,0,PROCESSAMENTO JUDICIÁRIO,PRESTAÇÃO JURISDICIONAL
2025,1030,TRIBUNAL DE JUSTIÇA DO ESTADO DE MINAS GERAIS - TJMG,2,0,4031,FUNDO ESPECIAL DO PODER JUDICIÁRIO DO ESTADO DE MINAS GERAIS - FEPJ,3,3,90,32,77,1,7917,2,61,706,4,395,4395,1,390000.00,390000.00,390000.00,0,PROCESSAMENTO JUDICIÁRIO,PRESTAÇÃO JURISDICIONAL
2025,1030,TRIBUNAL DE JUSTIÇA DO ESTADO DE MINAS GERAIS - TJMG,2,0,4031,FUNDO ESPECIAL DO PODER JUDICIÁRIO DO ESTADO DE MINAS GERAIS - FEPJ,3,3,90,33,77,1,7917,2,61,706,4,395,4395,1,3308000.00,3308000.00,3308000.00,0,PROCESSAMENTO JUDICIÁRIO,PRESTAÇÃO JURISDICIONAL
2025,1030,TRIBUNAL DE JUSTIÇA DO ESTADO DE MINAS GERAIS - TJMG,2,0,4031,FUNDO ESPECIAL DO PODER JUDICIÁRIO DO ESTADO DE MINAS GERAIS - FEPJ,3,3,90,35,77,1,7917,2,61,706,4,395,4395,1,1082833.00,1082833.00,1082833.00,0,PROCESSAMENTO JUDICIÁRIO,PRESTAÇÃO JURISDICIONAL
2025,1030,TRIBUNAL DE JUSTIÇA DO ESTADO DE MINAS GERAIS - TJMG,2,0,4031,FUNDO ESPECIAL DO PODER JUDICIÁRIO DO ESTADO DE MINAS GERAIS - FEPJ,3,3,90,36,60,1,7917,2,61,706,4,395,4395,1,28880000.00,28880000.00,28880000.00,0,PROCESSAMENTO JUDICIÁRIO,PRESTAÇÃO JURISDICIONAL
2025,1030,TRIBUNAL DE JUSTIÇA DO ESTADO DE MINAS GERAIS - TJMG,2,0,4031,FUNDO ESPECIAL DO PODER JUDICIÁRIO DO ESTADO DE MINAS GERAIS - FEPJ,3,3,90,36,77,1,7917,2,61,706,4,395,4395,1,122333185.00,122333185.00,122333185.00,0,PROCESSAMENTO JUDICIÁRIO,PRESTAÇÃO JURISDICIONAL
2025,1030,TRIBUNAL DE JUSTIÇA DO ESTADO DE MINAS GERAIS - TJMG,2,0,4031,FUNDO ESPECIAL DO PODER JUDICIÁRIO DO ESTADO DE MINAS GERAIS - FEPJ,3,3,90,37,60,1,7917,2,61,706,4,395,4395,1,385826144.00,385826144.00,385826144.00,0,PROCESSAMENTO JUDICIÁRIO,PRESTAÇÃO JURISDICIONAL
2025,1030,TRIBUNAL DE JUSTIÇA DO ESTADO DE MINAS GERAIS - TJMG,2,0,4031,FUNDO ESPECIAL DO PODER JUDICIÁRIO DO ESTADO DE MINAS GERAIS - FEPJ,3,3,90,37,77,1,7917,2,61,706,4,395,4395,1,826991447.00,826991447.00,826991447.00,0,PROCESSAMENTO JUDICIÁRIO,PRESTAÇÃO JURISDICIONAL
2025,1030,TRIBUNAL DE JUSTIÇA DO ESTADO DE MINAS GERAIS - TJMG,2,0,4031,FUNDO ESPECIAL DO PODER JUDICIÁRIO DO ESTADO DE MINAS GERAIS - FEPJ,3,3,90,39,60,1,7917,2,61,706,4,395,4395,1,415095372.00,415095372.00,415095372.00,0,PROCESSAMENTO JUDICIÁRIO,PRESTAÇÃO JURISDICIONAL
2025,1030,TRIBUNAL DE JUSTIÇA DO ESTADO DE MINAS GERAIS - TJMG,2,0,4031,FUNDO ESPECIAL DO PODER JUDICIÁRIO DO ESTADO DE MINAS GERAIS - FEPJ,3,3,90,39,77,1,7917,2,61,706,4,395,4395,1,121464512.00,121464512.00,121464512.00,0,PROCESSAMENTO JUDICIÁRIO,PRESTAÇÃO JURISDICIONAL
2025,1030,TRIBUNAL DE JUSTIÇA DO ESTADO DE MINAS GERAIS - TJMG,2,0,4031,FUNDO ESPECIAL DO PODER JUDICIÁRIO DO ESTADO DE MINAS GERAIS - FEPJ,3,3,90,40,77,1,7917,2,61,706,4,395,4395,1,1041812.00,1041812.00,1041812.00,0,PROCESSAMENTO JUDICIÁRIO,PRESTAÇÃO JURISDICIONAL
2025,1030,TRIBUNAL DE JUSTIÇA DO ESTADO DE MINAS GERAIS - TJMG,2,0,4031,FUNDO ESPECIAL DO PODER JUDICIÁRIO DO ESTADO DE MINAS GERAIS - FEPJ,3,3,90,47,77,1,7917,2,61,706,4,395,4395,1,5317141.00,5317141.00,5317141.00,0,PROCESSAMENTO JUDICIÁRIO,PRESTAÇÃO JURISDICIONAL
2025,1030,TRIBUNAL DE JUSTIÇA DO ESTADO DE MINAS GERAIS - TJMG,2,0,4031,FUNDO ESPECIAL DO PODER JUDICIÁRIO DO ESTADO DE MINAS GERAIS - FEPJ,3,3,90,49,77,1,7917,2,61,706,4,395,4395,1,20700000.00,20700000.00,20700000.00,0,PROCESSAMENTO JUDICIÁRIO,PRESTAÇÃO JURISDICIONAL
2025,1030,TRIBUNAL DE JUSTIÇA DO ESTADO DE MINAS GERAIS - TJMG,2,0,4031,FUNDO ESPECIAL DO PODER JUDICIÁRIO DO ESTADO DE MINAS GERAIS - FEPJ,3,3,90,93,60,2,7917,2,61,706,4,395,4395,1,120000.00,120000.00,120000.00,0,PROCESSAMENTO JUDICIÁRIO,PRESTAÇÃO JURISDICIONAL
2025,1030,TRIBUNAL DE JUSTIÇA DO ESTADO DE MINAS GERAIS - TJMG,2,0,4031,FUNDO ESPECIAL DO PODER JUDICIÁRIO DO ESTADO DE MINAS GERAIS - FEPJ,3,3,90,93,61,1,7917,2,61,706,4,395,4395,1,67798609.00,67798609.00,67798609.00,0,PROCESSAMENTO JUDICIÁRIO,PRESTAÇÃO JURISDICIONAL
2025,1030,TRIBUNAL DE JUSTIÇA DO ESTADO DE MINAS GERAIS - TJMG,2,0,4031,FUNDO ESPECIAL DO PODER JUDICIÁRIO DO ESTADO DE MINAS GERAIS - FEPJ,3,3,90,93,70,1,7917,2,61,706,4,395,4395,1,964009.00,964009.00,964009.00,0,PROCESSAMENTO JUDICIÁRIO,PRESTAÇÃO JURISDICIONAL
2025,1030,TRIBUNAL DE JUSTIÇA DO ESTADO DE MINAS GERAIS - TJMG,2,0,4031,FUNDO ESPECIAL DO PODER JUDICIÁRIO DO ESTADO DE MINAS GERAIS - FEPJ,3,3,90,93,77,1,7917,2,61,706,4,395,4395,1,106874596.00,106874596.00,106874596.00,0,PROCESSAMENTO JUDICIÁRIO,PRESTAÇÃO JURISDICIONAL
2025,1030,TRIBUNAL DE JUSTIÇA DO ESTADO DE MINAS GERAIS - TJMG,2,0,4031,FUNDO ESPECIAL DO PODER JUDICIÁRIO DO ESTADO DE MINAS GERAIS - FEPJ,4,4,40,42,60,1,7917,2,61,706,4,395,4395,1,868450.00,868450.00,868450.00,0,PROCESSAMENTO JUDICIÁRIO,PRESTAÇÃO JURISDICIONAL
2025,1030,TRIBUNAL DE JUSTIÇA DO ESTADO DE MINAS GERAIS - TJMG,2,0,4031,FUNDO ESPECIAL DO PODER JUDICIÁRIO DO ESTADO DE MINAS GERAIS - FEPJ,4,4,90,30,77,1,7917,2,61,706,4,395,4395,1,100000.00,100000.00,100000.00,0,PROCESSAMENTO JUDICIÁRIO,PRESTAÇÃO JURISDICIONAL
2025,1030,TRIBUNAL DE JUSTIÇA DO ESTADO DE MINAS GERAIS - TJMG,2,0,4031,FUNDO ESPECIAL DO PODER JUDICIÁRIO DO ESTADO DE MINAS GERAIS - FEPJ,4,4,90,40,77,1,7917,2,61,706,4,395,4395,1,2252832.00,2252832.00,2252832.00,0,PROCESSAMENTO JUDICIÁRIO,PRESTAÇÃO JURISDICIONAL
2025,1030,TRIBUNAL DE JUSTIÇA DO ESTADO DE MINAS GERAIS - TJMG,2,0,4031,FUNDO ESPECIAL DO PODER JUDICIÁRIO DO ESTADO DE MINAS GERAIS - FEPJ,4,4,90,52,47,1,7917,2,61,706,4,395,4395,1,351360.00,351360.00,351360.00,0,PROCESSAMENTO JUDICIÁRIO,PRESTAÇÃO JURISDICIONAL
2025,1030,TRIBUNAL DE JUSTIÇA DO ESTADO DE MINAS GERAIS - TJMG,2,0,4031,FUNDO ESPECIAL DO PODER JUDICIÁRIO DO ESTADO DE MINAS GERAIS - FEPJ,4,4,90,52,60,1,7917,2,61,706,4,395,4395,1,57272982.00,57272982.00,57272982.00,0,PROCESSAMENTO JUDICIÁRIO,PRESTAÇÃO JURISDICIONAL
2025,1030,TRIBUNAL DE JUSTIÇA DO ESTADO DE MINAS GERAIS - TJMG,2,0,4031,FUNDO ESPECIAL DO PODER JUDICIÁRIO DO ESTADO DE MINAS GERAIS - FEPJ,4,4,90,52,77,1,7917,2,61,706,4,395,4395,1,37403860.00,37403860.00,37403860.00,0,PROCESSAMENTO JUDICIÁRIO,PRESTAÇÃO JURISDICIONAL
2025,1030,TRIBUNAL DE JUSTIÇA DO ESTADO DE MINAS GERAIS - TJMG,2,0,4031,FUNDO ESPECIAL DO PODER JUDICIÁRIO DO ESTADO DE MINAS GERAIS - FEPJ,3,3,90,14,77,1,5419,2,128,706,2,109,2109,1,2900000.00,2900000.00,2900000.00,0,"FORMAÇÃO, APERFEIÇOAMENTO E DESENVOLVIMENTO CONTÍNUO DE PESSOAS",PRESTAÇÃO JURISDICIONAL
2025,1030,TRIBUNAL DE JUSTIÇA DO ESTADO DE MINAS GERAIS - TJMG,2,0,4031,FUNDO ESPECIAL DO PODER JUDICIÁRIO DO ESTADO DE MINAS GERAIS - FEPJ,3,3,90,36,77,1,5419,2,128,706,2,109,2109,1,234000.00,234000.00,234000.00,0,"FORMAÇÃO, APERFEIÇOAMENTO E DESENVOLVIMENTO CONTÍNUO DE PESSOAS",PRESTAÇÃO JURISDICIONAL
2025,1030,TRIBUNAL DE JUSTIÇA DO ESTADO DE MINAS GERAIS - TJMG,2,0,4031,FUNDO ESPECIAL DO PODER JUDICIÁRIO DO ESTADO DE MINAS GERAIS - FEPJ,3,3,90,39,77,1,5419,2,128,706,2,109,2109,1,1630000.00,1630000.00,1630000.00,0,"FORMAÇÃO, APERFEIÇOAMENTO E DESENVOLVIMENTO CONTÍNUO DE PESSOAS",PRESTAÇÃO JURISDICIONAL
2025,1030,TRIBUNAL DE JUSTIÇA DO ESTADO DE MINAS GERAIS - TJMG,2,0,4031,FUNDO ESPECIAL DO PODER JUDICIÁRIO DO ESTADO DE MINAS GERAIS - FEPJ,3,3,90,47,77,1,5419,2,128,706,2,109,2109,1,20000.00,20000.00,20000.00,0,"FORMAÇÃO, APERFEIÇOAMENTO E DESENVOLVIMENTO CONTÍNUO DE PESSOAS",PRESTAÇÃO JURISDICIONAL
2025,1030,TRIBUNAL DE JUSTIÇA DO ESTADO DE MINAS GERAIS - TJMG,2,0,4031,FUNDO ESPECIAL DO PODER JUDICIÁRIO DO ESTADO DE MINAS GERAIS - FEPJ,3,3,90,92,77,1,5419,2,128,706,2,109,2109,1,116000.00,116000.00,116000.00,0,"FORMAÇÃO, APERFEIÇOAMENTO E DESENVOLVIMENTO CONTÍNUO DE PESSOAS",PRESTAÇÃO JURISDICIONAL
2025,1050,TRIBUNAL DE JUSTIÇA MILITAR DO ESTADO DE MINAS GERAIS - TJMMG,2,0,1051,TRIBUNAL DE JUSTIÇA MILITAR DO ESTADO DE MINAS GERAIS - TJMMG,4,4,90,40,60,1,10374,2,61,734,1,19,1019,1,550000.00,550000.00,550000.00,0,APRIMORAMENTO DE SISTEMA ELETRÕNICO,PRESTAÇÃO JURISDICIONAL MILITAR
2025,1050,TRIBUNAL DE JUSTIÇA MILITAR DO ESTADO DE MINAS GERAIS - TJMMG,2,0,1051,TRIBUNAL DE JUSTIÇA MILITAR DO ESTADO DE MINAS GERAIS - TJMMG,3,3,90,8,10,7,9522,2,61,734,2,47,2047,1,620530.00,620529.00,620529.00,0,AUXÍLIOS CONCEDIDOS A MAGISTRADOS E SERVIDORES,PRESTAÇÃO JURISDICIONAL MILITAR
2025,1050,TRIBUNAL DE JUSTIÇA MILITAR DO ESTADO DE MINAS GERAIS - TJMMG,2,0,1051,TRIBUNAL DE JUSTIÇA MILITAR DO ESTADO DE MINAS GERAIS - TJMMG,3,3,90,46,10,7,9522,2,61,734,2,47,2047,1,6911922.00,6911922.00,6911922.00,0,AUXÍLIOS CONCEDIDOS A MAGISTRADOS E SERVIDORES,PRESTAÇÃO JURISDICIONAL MILITAR
2025,1050,TRIBUNAL DE JUSTIÇA MILITAR DO ESTADO DE MINAS GERAIS - TJMMG,2,0,1051,TRIBUNAL DE JUSTIÇA MILITAR DO ESTADO DE MINAS GERAIS - TJMMG,3,3,90,49,10,7,9522,2,61,734,2,47,2047,1,588817.00,588817.00,588817.00,0,AUXÍLIOS CONCEDIDOS A MAGISTRADOS E SERVIDORES,PRESTAÇÃO JURISDICIONAL MILITAR
2025,1050,TRIBUNAL DE JUSTIÇA MILITAR DO ESTADO DE MINAS GERAIS - TJMMG,2,0,1051,TRIBUNAL DE JUSTIÇA MILITAR DO ESTADO DE MINAS GERAIS - TJMMG,3,3,90,93,10,7,9522,2,61,734,2,47,2047,1,3455366.00,2455366.00,2455366.00,0,AUXÍLIOS CONCEDIDOS A MAGISTRADOS E SERVIDORES,PRESTAÇÃO JURISDICIONAL MILITAR
2025,1050,TRIBUNAL DE JUSTIÇA MILITAR DO ESTADO DE MINAS GERAIS - TJMMG,2,0,1051,TRIBUNAL DE JUSTIÇA MILITAR DO ESTADO DE MINAS GERAIS - TJMMG,3,3,90,39,60,1,10152,2,61,734,4,3,4003,1,385300.00,385300.00,385300.00,0,"FORMAÇÃO, APERFEIÇOAMENTO E DESENVOLVIMENTO CONTÍNUO DE PESSOAS",PRESTAÇÃO JURISDICIONAL MILITAR
2025,1050,TRIBUNAL DE JUSTIÇA MILITAR DO ESTADO DE MINAS GERAIS - TJMMG,2,0,1051,TRIBUNAL DE JUSTIÇA MILITAR DO ESTADO DE MINAS GERAIS - TJMMG,4,4,90,52,60,1,10152,2,61,734,4,3,4003,1,30000.00,30000.00,30000.00,0,"FORMAÇÃO, APERFEIÇOAMENTO E DESENVOLVIMENTO CONTÍNUO DE PESSOAS",PRESTAÇÃO JURISDICIONAL MILITAR
2025,1050,TRIBUNAL DE JUSTIÇA MILITAR DO ESTADO DE MINAS GERAIS - TJMMG,2,0,1051,TRIBUNAL DE JUSTIÇA MILITAR DO ESTADO DE MINAS GERAIS - TJMMG,3,3,90,14,10,1,5471,2,61,734,4,355,4355,1,200000.00,200000.00,200000.00,0,"PROCESSAMENTO JUDICIÁRIO MILITAR, AÇÕES DE COMUNICAÇÃO INSTITUCIONAL E PRIORIZAÇÃO DO 1º GRAU",PRESTAÇÃO JURISDICIONAL MILITAR
2025,1050,TRIBUNAL DE JUSTIÇA MILITAR DO ESTADO DE MINAS GERAIS - TJMMG,2,0,1051,TRIBUNAL DE JUSTIÇA MILITAR DO ESTADO DE MINAS GERAIS - TJMMG,3,3,90,15,10,1,5471,2,61,734,4,355,4355,1,234413.00,234414.00,234414.00,0,"PROCESSAMENTO JUDICIÁRIO MILITAR, AÇÕES DE COMUNICAÇÃO INSTITUCIONAL E PRIORIZAÇÃO DO 1º GRAU",PRESTAÇÃO JURISDICIONAL MILITAR
2025,1050,TRIBUNAL DE JUSTIÇA MILITAR DO ESTADO DE MINAS GERAIS - TJMMG,2,0,1051,TRIBUNAL DE JUSTIÇA MILITAR DO ESTADO DE MINAS GERAIS - TJMMG,3,3,90,30,10,1,5471,2,61,734,4,355,4355,1,903271.00,903271.00,903271.00,0,"PROCESSAMENTO JUDICIÁRIO MILITAR, AÇÕES DE COMUNICAÇÃO INSTITUCIONAL E PRIORIZAÇÃO DO 1º GRAU",PRESTAÇÃO JURISDICIONAL MILITAR
2025,1050,TRIBUNAL DE JUSTIÇA MILITAR DO ESTADO DE MINAS GERAIS - TJMMG,2,0,1051,TRIBUNAL DE JUSTIÇA MILITAR DO ESTADO DE MINAS GERAIS - TJMMG,3,3,90,33,10,1,5471,2,61,734,4,355,4355,1,6000.00,6000.00,6000.00,0,"PROCESSAMENTO JUDICIÁRIO MILITAR, AÇÕES DE COMUNICAÇÃO INSTITUCIONAL E PRIORIZAÇÃO DO 1º GRAU",PRESTAÇÃO JURISDICIONAL MILITAR
2025,1050,TRIBUNAL DE JUSTIÇA MILITAR DO ESTADO DE MINAS GERAIS - TJMMG,2,0,1051,TRIBUNAL DE JUSTIÇA MILITAR DO ESTADO DE MINAS GERAIS - TJMMG,3,3,90,36,10,1,5471,2,61,734,4,355,4355,1,24000.00,24000.00,24000.00,0,"PROCESSAMENTO JUDICIÁRIO MILITAR, AÇÕES DE COMUNICAÇÃO INSTITUCIONAL E PRIORIZAÇÃO DO 1º GRAU",PRESTAÇÃO JURISDICIONAL MILITAR
2025,1050,TRIBUNAL DE JUSTIÇA MILITAR DO ESTADO DE MINAS GERAIS - TJMMG,2,0,1051,TRIBUNAL DE JUSTIÇA MILITAR DO ESTADO DE MINAS GERAIS - TJMMG,3,3,90,37,10,1,5471,2,61,734,4,355,4355,1,5831503.00,5831503.00,5831503.00,0,"PROCESSAMENTO JUDICIÁRIO MILITAR, AÇÕES DE COMUNICAÇÃO INSTITUCIONAL E PRIORIZAÇÃO DO 1º GRAU",PRESTAÇÃO JURISDICIONAL MILITAR
2025,1050,TRIBUNAL DE JUSTIÇA MILITAR DO ESTADO DE MINAS GERAIS - TJMMG,2,0,1051,TRIBUNAL DE JUSTIÇA MILITAR DO ESTADO DE MINAS GERAIS - TJMMG,3,3,90,39,10,1,5471,2,61,734,4,355,4355,1,4887579.00,4887579.00,4887579.00,0,"PROCESSAMENTO JUDICIÁRIO MILITAR, AÇÕES DE COMUNICAÇÃO INSTITUCIONAL E PRIORIZAÇÃO DO 1º GRAU",PRESTAÇÃO JURISDICIONAL MILITAR
2025,1050,TRIBUNAL DE JUSTIÇA MILITAR DO ESTADO DE MINAS GERAIS - TJMMG,2,0,1051,TRIBUNAL DE JUSTIÇA MILITAR DO ESTADO DE MINAS GERAIS - TJMMG,3,3,90,40,10,1,5471,2,61,734,4,355,4355,1,1735948.00,1735948.00,1735948.00,0,"PROCESSAMENTO JUDICIÁRIO MILITAR, AÇÕES DE COMUNICAÇÃO INSTITUCIONAL E PRIORIZAÇÃO DO 1º GRAU",PRESTAÇÃO JURISDICIONAL MILITAR
2025,1050,TRIBUNAL DE JUSTIÇA MILITAR DO ESTADO DE MINAS GERAIS - TJMMG,2,0,1051,TRIBUNAL DE JUSTIÇA MILITAR DO ESTADO DE MINAS GERAIS - TJMMG,3,3,90,92,60,1,5471,2,61,734,4,355,4355,1,582000.00,576120.00,576120.00,0,"PROCESSAMENTO JUDICIÁRIO MILITAR, AÇÕES DE COMUNICAÇÃO INSTITUCIONAL E PRIORIZAÇÃO DO 1º GRAU",PRESTAÇÃO JURISDICIONAL MILITAR
2025,1050,TRIBUNAL DE JUSTIÇA MILITAR DO ESTADO DE MINAS GERAIS - TJMMG,2,0,1051,TRIBUNAL DE JUSTIÇA MILITAR DO ESTADO DE MINAS GERAIS - TJMMG,4,4,90,40,10,1,5471,2,61,734,4,355,4355,1,3066995.00,3066995.00,3066995.00,0,"PROCESSAMENTO JUDICIÁRIO MILITAR, AÇÕES DE COMUNICAÇÃO INSTITUCIONAL E PRIORIZAÇÃO DO 1º GRAU",PRESTAÇÃO JURISDICIONAL MILITAR
2025,1050,TRIBUNAL DE JUSTIÇA MILITAR DO ESTADO DE MINAS GERAIS - TJMMG,2,0,1051,TRIBUNAL DE JUSTIÇA MILITAR DO ESTADO DE MINAS GERAIS - TJMMG,4,4,90,40,60,1,5471,2,61,734,4,355,4355,1,300000.00,300000.00,300000.00,0,"PROCESSAMENTO JUDICIÁRIO MILITAR, AÇÕES DE COMUNICAÇÃO INSTITUCIONAL E PRIORIZAÇÃO DO 1º GRAU",PRESTAÇÃO JURISDICIONAL MILITAR
2025,1050,TRIBUNAL DE JUSTIÇA MILITAR DO ESTADO DE MINAS GERAIS - TJMMG,2,0,1051,TRIBUNAL DE JUSTIÇA MILITAR DO ESTADO DE MINAS GERAIS - TJMMG,4,4,90,52,10,1,5471,2,61,734,4,355,4355,1,1050000.00,1050000.00,1050000.00,0,"PROCESSAMENTO JUDICIÁRIO MILITAR, AÇÕES DE COMUNICAÇÃO INSTITUCIONAL E PRIORIZAÇÃO DO 1º GRAU",PRESTAÇÃO JURISDICIONAL MILITAR
2025,1050,TRIBUNAL DE JUSTIÇA MILITAR DO ESTADO DE MINAS GERAIS - TJMMG,2,0,1051,TRIBUNAL DE JUSTIÇA MILITAR DO ESTADO DE MINAS GERAIS - TJMMG,4,4,90,52,60,1,5471,2,61,734,4,355,4355,1,759820.00,765700.00,765700.00,0,"PROCESSAMENTO JUDICIÁRIO MILITAR, AÇÕES DE COMUNICAÇÃO INSTITUCIONAL E PRIORIZAÇÃO DO 1º GRAU",PRESTAÇÃO JURISDICIONAL MILITAR
2025,1050,TRIBUNAL DE JUSTIÇA MILITAR DO ESTADO DE MINAS GERAIS - TJMMG,2,0,1051,TRIBUNAL DE JUSTIÇA MILITAR DO ESTADO DE MINAS GERAIS - TJMMG,4,4,90,61,10,1,5471,2,61,734,4,355,4355,1,2957638.00,2957638.00,2957638.00,0,"PROCESSAMENTO JUDICIÁRIO MILITAR, AÇÕES DE COMUNICAÇÃO INSTITUCIONAL E PRIORIZAÇÃO DO 1º GRAU",PRESTAÇÃO JURISDICIONAL MILITAR
2025,1050,TRIBUNAL DE JUSTIÇA MILITAR DO ESTADO DE MINAS GERAIS - TJMMG,2,0,1051,TRIBUNAL DE JUSTIÇA MILITAR DO ESTADO DE MINAS GERAIS - TJMMG,3,1,90,11,10,1,9809,2,122,734,2,77,2077,1,13570175.00,17885769.00,17885769.00,0,REMUNERAÇÃO DE MAGISTRADOS DA ATIVA E ENCARGOS SOCIAIS,PRESTAÇÃO JURISDICIONAL MILITAR
2025,1050,TRIBUNAL DE JUSTIÇA MILITAR DO ESTADO DE MINAS GERAIS - TJMMG,2,0,1051,TRIBUNAL DE JUSTIÇA MILITAR DO ESTADO DE MINAS GERAIS - TJMMG,3,1,90,12,10,1,9809,2,122,734,2,77,2077,1,4747189.00,4747188.00,4747188.00,0,REMUNERAÇÃO DE MAGISTRADOS DA ATIVA E ENCARGOS SOCIAIS,PRESTAÇÃO JURISDICIONAL MILITAR
2025,1050,TRIBUNAL DE JUSTIÇA MILITAR DO ESTADO DE MINAS GERAIS - TJMMG,2,0,1051,TRIBUNAL DE JUSTIÇA MILITAR DO ESTADO DE MINAS GERAIS - TJMMG,3,1,90,92,10,1,9809,2,122,734,2,77,2077,1,1154305.00,4849034.00,4849034.00,0,REMUNERAÇÃO DE MAGISTRADOS DA ATIVA E ENCARGOS SOCIAIS,PRESTAÇÃO JURISDICIONAL MILITAR
2025,1050,TRIBUNAL DE JUSTIÇA MILITAR DO ESTADO DE MINAS GERAIS - TJMMG,2,0,1051,TRIBUNAL DE JUSTIÇA MILITAR DO ESTADO DE MINAS GERAIS - TJMMG,3,1,91,13,10,1,9809,2,122,734,2,77,2077,1,1423217.00,1423217.00,1423217.00,0,REMUNERAÇÃO DE MAGISTRADOS DA ATIVA E ENCARGOS SOCIAIS,PRESTAÇÃO JURISDICIONAL MILITAR
2025,1050,TRIBUNAL DE JUSTIÇA MILITAR DO ESTADO DE MINAS GERAIS - TJMMG,2,0,1051,TRIBUNAL DE JUSTIÇA MILITAR DO ESTADO DE MINAS GERAIS - TJMMG,3,1,90,11,10,1,9810,2,122,734,2,78,2078,1,40975835.00,47741935.00,47741935.00,0,REMUNERAÇÃO DE SERVIDORES DA ATIVA E ENCARGOS SOCIAIS,PRESTAÇÃO JURISDICIONAL MILITAR
2025,1050,TRIBUNAL DE JUSTIÇA MILITAR DO ESTADO DE MINAS GERAIS - TJMMG,2,0,1051,TRIBUNAL DE JUSTIÇA MILITAR DO ESTADO DE MINAS GERAIS - TJMMG,3,1,90,12,10,1,9810,2,122,734,2,78,2078,1,2612176.00,2612176.00,2612176.00,0,REMUNERAÇÃO DE SERVIDORES DA ATIVA E ENCARGOS SOCIAIS,PRESTAÇÃO JURISDICIONAL MILITAR
2025,1050,TRIBUNAL DE JUSTIÇA MILITAR DO ESTADO DE MINAS GERAIS - TJMMG,2,0,1051,TRIBUNAL DE JUSTIÇA MILITAR DO ESTADO DE MINAS GERAIS - TJMMG,3,1,90,13,10,1,9810,2,122,734,2,78,2078,1,2545713.00,2545713.00,2545713.00,0,REMUNERAÇÃO DE SERVIDORES DA ATIVA E ENCARGOS SOCIAIS,PRESTAÇÃO JURISDICIONAL MILITAR
2025,1050,TRIBUNAL DE JUSTIÇA MILITAR DO ESTADO DE MINAS GERAIS - TJMMG,2,0,1051,TRIBUNAL DE JUSTIÇA MILITAR DO ESTADO DE MINAS GERAIS - TJMMG,3,1,90,16,10,1,9810,2,122,734,2,78,2078,1,999999.00,999999.00,999999.00,0,REMUNERAÇÃO DE SERVIDORES DA ATIVA E ENCARGOS SOCIAIS,PRESTAÇÃO JURISDICIONAL MILITAR
2025,1050,TRIBUNAL DE JUSTIÇA MILITAR DO ESTADO DE MINAS GERAIS - TJMMG,2,0,1051,TRIBUNAL DE JUSTIÇA MILITAR DO ESTADO DE MINAS GERAIS - TJMMG,3,1,91,13,10,1,9810,2,122,734,2,78,2078,1,8482517.00,8506517.00,8506517.00,0,REMUNERAÇÃO DE SERVIDORES DA ATIVA E ENCARGOS SOCIAIS,PRESTAÇÃO JURISDICIONAL MILITAR
2025,1050,TRIBUNAL DE JUSTIÇA MILITAR DO ESTADO DE MINAS GERAIS - TJMMG,2,0,1051,TRIBUNAL DE JUSTIÇA MILITAR DO ESTADO DE MINAS GERAIS - TJMMG,3,1,90,1,10,5,2355,9,272,705,7,6,7006,1,6895938.00,6895938.00,6895938.00,0,PROVENTOS DE INATIVOS CIVIS E PENSIONISTAS,APOIO ÀS POLÍTICAS PÚBLICAS
2025,1050,TRIBUNAL DE JUSTIÇA MILITAR DO ESTADO DE MINAS GERAIS - TJMMG,2,0,1051,TRIBUNAL DE JUSTIÇA MILITAR DO ESTADO DE MINAS GERAIS - TJMMG,3,1,90,1,42,5,2355,9,272,705,7,6,7006,1,9905734.00,9905734.00,9905734.00,0,PROVENTOS DE INATIVOS CIVIS E PENSIONISTAS,APOIO ÀS POLÍTICAS PÚBLICAS
2025,1050,TRIBUNAL DE JUSTIÇA MILITAR DO ESTADO DE MINAS GERAIS - TJMMG,2,0,1051,TRIBUNAL DE JUSTIÇA MILITAR DO ESTADO DE MINAS GERAIS - TJMMG,3,1,90,1,43,5,2355,9,272,705,7,6,7006,1,7322510.00,7322510.00,7322510.00,0,PROVENTOS DE INATIVOS CIVIS E PENSIONISTAS,APOIO ÀS POLÍTICAS PÚBLICAS
2025,1050,TRIBUNAL DE JUSTIÇA MILITAR DO ESTADO DE MINAS GERAIS - TJMMG,2,0,1051,TRIBUNAL DE JUSTIÇA MILITAR DO ESTADO DE MINAS GERAIS - TJMMG,3,1,90,3,10,5,2355,9,272,705,7,6,7006,1,4426174.00,4426174.00,4426174.00,0,PROVENTOS DE INATIVOS CIVIS E PENSIONISTAS,APOIO ÀS POLÍTICAS PÚBLICAS
2025,1050,TRIBUNAL DE JUSTIÇA MILITAR DO ESTADO DE MINAS GERAIS - TJMMG,2,0,1051,TRIBUNAL DE JUSTIÇA MILITAR DO ESTADO DE MINAS GERAIS - TJMMG,3,1,90,13,10,1,2355,9,272,705,7,6,7006,1,8657.00,8657.00,8657.00,0,PROVENTOS DE INATIVOS CIVIS E PENSIONISTAS,APOIO ÀS POLÍTICAS PÚBLICAS
2025,1050,TRIBUNAL DE JUSTIÇA MILITAR DO ESTADO DE MINAS GERAIS - TJMMG,2,0,1051,TRIBUNAL DE JUSTIÇA MILITAR DO ESTADO DE MINAS GERAIS - TJMMG,3,1,90,13,10,5,2355,9,272,705,7,6,7006,1,24000.00,24000.00,24000.00,0,PROVENTOS DE INATIVOS CIVIS E PENSIONISTAS,APOIO ÀS POLÍTICAS PÚBLICAS
2025,1050,TRIBUNAL DE JUSTIÇA MILITAR DO ESTADO DE MINAS GERAIS - TJMMG,2,0,1051,TRIBUNAL DE JUSTIÇA MILITAR DO ESTADO DE MINAS GERAIS - TJMMG,3,1,90,59,10,1,2355,9,272,705,7,6,7006,1,2700402.00,2700402.00,2700402.00,0,PROVENTOS DE INATIVOS CIVIS E PENSIONISTAS,APOIO ÀS POLÍTICAS PÚBLICAS
2025,1050,TRIBUNAL DE JUSTIÇA MILITAR DO ESTADO DE MINAS GERAIS - TJMMG,2,0,1051,TRIBUNAL DE JUSTIÇA MILITAR DO ESTADO DE MINAS GERAIS - TJMMG,3,1,90,92,10,1,2355,9,272,705,7,6,7006,1,928389.00,3100000.00,3100000.00,0,PROVENTOS DE INATIVOS CIVIS E PENSIONISTAS,APOIO ÀS POLÍTICAS PÚBLICAS
2025,1050,TRIBUNAL DE JUSTIÇA MILITAR DO ESTADO DE MINAS GERAIS - TJMMG,2,0,1051,TRIBUNAL DE JUSTIÇA MILITAR DO ESTADO DE MINAS GERAIS - TJMMG,3,1,90,92,10,5,2355,9,272,705,7,6,7006,1,1214047.00,4700000.00,4700000.00,0,PROVENTOS DE INATIVOS CIVIS E PENSIONISTAS,APOIO ÀS POLÍTICAS PÚBLICAS
2025,1050,TRIBUNAL DE JUSTIÇA MILITAR DO ESTADO DE MINAS GERAIS - TJMMG,2,0,1051,TRIBUNAL DE JUSTIÇA MILITAR DO ESTADO DE MINAS GERAIS - TJMMG,3,1,90,1,10,1,2359,9,272,705,7,7,7007,1,4100808.00,4100805.00,4100805.00,0,PROVENTOS DE INATIVOS MILITARES,APOIO ÀS POLÍTICAS PÚBLICAS
2025,1050,TRIBUNAL DE JUSTIÇA MILITAR DO ESTADO DE MINAS GERAIS - TJMMG,2,0,1051,TRIBUNAL DE JUSTIÇA MILITAR DO ESTADO DE MINAS GERAIS - TJMMG,3,1,90,92,10,1,2359,9,272,705,7,7,7007,1,452292.00,1900000.00,1900000.00,0,PROVENTOS DE INATIVOS MILITARES,APOIO ÀS POLÍTICAS PÚBLICAS
2025,1050,TRIBUNAL DE JUSTIÇA MILITAR DO ESTADO DE MINAS GERAIS - TJMMG,2,0,1051,TRIBUNAL DE JUSTIÇA MILITAR DO ESTADO DE MINAS GERAIS - TJMMG,3,1,90,91,10,9,2322,28,846,705,7,4,7004,1,1000.00,1000.00,1000.00,0,PRECATÓRIOS E SENTENÇAS JUDICIÁRIAS,APOIO ÀS POLÍTICAS PÚBLICAS
2025,1070,GABINETE MILITAR DO GOVERNADOR DO ESTADO DE MINAS GERAIS - GMG,3,0,1071,GABINETE MILITAR DO GOVERNADOR DO ESTADO DE MINAS GERAIS - GABINETE MILITAR,3,3,90,30,10,1,10670,4,122,49,4,354,4354,1,880423.00,880423.00,880423.00,0,"GESTÃO DE BENS,SERVIÇOS E LOGISTICA DOS PRÉDIOS GOVERNAMENTAIS",ADMINISTRAÇÃO DOS PRÉDIOS GOVERNAMENTAIS
2025,1070,GABINETE MILITAR DO GOVERNADOR DO ESTADO DE MINAS GERAIS - GMG,3,0,1071,GABINETE MILITAR DO GOVERNADOR DO ESTADO DE MINAS GERAIS - GABINETE MILITAR,3,3,90,36,10,1,10670,4,122,49,4,354,4354,1,1980.00,1980.00,1980.00,0,"GESTÃO DE BENS,SERVIÇOS E LOGISTICA DOS PRÉDIOS GOVERNAMENTAIS",ADMINISTRAÇÃO DOS PRÉDIOS GOVERNAMENTAIS
2025,1070,GABINETE MILITAR DO GOVERNADOR DO ESTADO DE MINAS GERAIS - GMG,3,0,1071,GABINETE MILITAR DO GOVERNADOR DO ESTADO DE MINAS GERAIS - GABINETE MILITAR,3,3,90,37,10,1,10670,4,122,49,4,354,4354,1,4426415.00,4426415.00,4426415.00,0,"GESTÃO DE BENS,SERVIÇOS E LOGISTICA DOS PRÉDIOS GOVERNAMENTAIS",ADMINISTRAÇÃO DOS PRÉDIOS GOVERNAMENTAIS
2025,1070,GABINETE MILITAR DO GOVERNADOR DO ESTADO DE MINAS GERAIS - GMG,3,0,1071,GABINETE MILITAR DO GOVERNADOR DO ESTADO DE MINAS GERAIS - GABINETE MILITAR,3,3,90,39,10,1,10670,4,122,49,4,354,4354,1,35069.00,35069.00,35069.00,0,"GESTÃO DE BENS,SERVIÇOS E LOGISTICA DOS PRÉDIOS GOVERNAMENTAIS",ADMINISTRAÇÃO DOS PRÉDIOS GOVERNAMENTAIS
2025,1070,GABINETE MILITAR DO GOVERNADOR DO ESTADO DE MINAS GERAIS - GMG,3,0,1071,GABINETE MILITAR DO GOVERNADOR DO ESTADO DE MINAS GERAIS - GABINETE MILITAR,3,1,90,11,10,1,11067,6,122,705,2,417,2417,1,6203131.00,6203131.00,6203131.00,0,REMUNERAÇÃO DE PESSOAL ATIVO E ENCARGOS SOCIAIS,APOIO ÀS POLÍTICAS PÚBLICAS
2025,1070,GABINETE MILITAR DO GOVERNADOR DO ESTADO DE MINAS GERAIS - GMG,3,0,1071,GABINETE MILITAR DO GOVERNADOR DO ESTADO DE MINAS GERAIS - GABINETE MILITAR,3,1,90,13,10,1,11067,6,122,705,2,417,2417,1,1087112.00,1087112.00,1087112.00,0,REMUNERAÇÃO DE PESSOAL ATIVO E ENCARGOS SOCIAIS,APOIO ÀS POLÍTICAS PÚBLICAS
2025,1070,GABINETE MILITAR DO GOVERNADOR DO ESTADO DE MINAS GERAIS - GMG,3,0,1071,GABINETE MILITAR DO GOVERNADOR DO ESTADO DE MINAS GERAIS - GABINETE MILITAR,3,1,90,16,10,1,11067,6,122,705,2,417,2417,1,53962.00,53962.00,53962.00,0,REMUNERAÇÃO DE PESSOAL ATIVO E ENCARGOS SOCIAIS,APOIO ÀS POLÍTICAS PÚBLICAS
2025,1070,GABINETE MILITAR DO GOVERNADOR DO ESTADO DE MINAS GERAIS - GMG,3,0,1071,GABINETE MILITAR DO GOVERNADOR DO ESTADO DE MINAS GERAIS - GABINETE MILITAR,3,1,91,13,10,1,11067,6,122,705,2,417,2417,1,505718.00,505718.00,505718.00,0,REMUNERAÇÃO DE PESSOAL ATIVO E ENCARGOS SOCIAIS,APOIO ÀS POLÍTICAS PÚBLICAS
2025,1070,GABINETE MILITAR DO GOVERNADOR DO ESTADO DE MINAS GERAIS - GMG,3,0,1071,GABINETE MILITAR DO GOVERNADOR DO ESTADO DE MINAS GERAIS - GABINETE MILITAR,3,3,90,46,10,7,11067,6,122,705,2,417,2417,1,1360663.00,1360663.00,1360663.00,0,REMUNERAÇÃO DE PESSOAL ATIVO E ENCARGOS SOCIAIS,APOIO ÀS POLÍTICAS PÚBLICAS
2025,1070,GABINETE MILITAR DO GOVERNADOR DO ESTADO DE MINAS GERAIS - GMG,3,0,1071,GABINETE MILITAR DO GOVERNADOR DO ESTADO DE MINAS GERAIS - GABINETE MILITAR,3,3,90,49,10,7,11067,6,122,705,2,417,2417,1,131559.00,131559.00,131559.00,0,REMUNERAÇÃO DE PESSOAL ATIVO E ENCARGOS SOCIAIS,APOIO ÀS POLÍTICAS PÚBLICAS
2025,1070,GABINETE MILITAR DO GOVERNADOR DO ESTADO DE MINAS GERAIS - GMG,3,0,1071,GABINETE MILITAR DO GOVERNADOR DO ESTADO DE MINAS GERAIS - GABINETE MILITAR,3,3,90,14,10,1,9257,6,122,705,2,500,2500,1,7000.00,7000.00,7000.00,0,ASSESSORAMENTO E GERENCIAMENTO DE POLÍTICAS PÚBLICAS,APOIO ÀS POLÍTICAS PÚBLICAS
2025,1070,GABINETE MILITAR DO GOVERNADOR DO ESTADO DE MINAS GERAIS - GMG,3,0,1071,GABINETE MILITAR DO GOVERNADOR DO ESTADO DE MINAS GERAIS - GABINETE MILITAR,3,3,90,15,10,1,9257,6,122,705,2,500,2500,1,35000.00,35000.00,35000.00,0,ASSESSORAMENTO E GERENCIAMENTO DE POLÍTICAS PÚBLICAS,APOIO ÀS POLÍTICAS PÚBLICAS
2025,1070,GABINETE MILITAR DO GOVERNADOR DO ESTADO DE MINAS GERAIS - GMG,3,0,1071,GABINETE MILITAR DO GOVERNADOR DO ESTADO DE MINAS GERAIS - GABINETE MILITAR,3,3,90,30,10,1,9257,6,122,705,2,500,2500,1,41166.00,41166.00,41166.00,0,ASSESSORAMENTO E GERENCIAMENTO DE POLÍTICAS PÚBLICAS,APOIO ÀS POLÍTICAS PÚBLICAS
2025,1070,GABINETE MILITAR DO GOVERNADOR DO ESTADO DE MINAS GERAIS - GMG,3,0,1071,GABINETE MILITAR DO GOVERNADOR DO ESTADO DE MINAS GERAIS - GABINETE MILITAR,3,3,90,33,10,1,9257,6,122,705,2,500,2500,1,20496.00,20496.00,20496.00,0,ASSESSORAMENTO E GERENCIAMENTO DE POLÍTICAS PÚBLICAS,APOIO ÀS POLÍTICAS PÚBLICAS
2025,1070,GABINETE MILITAR DO GOVERNADOR DO ESTADO DE MINAS GERAIS - GMG,3,0,1071,GABINETE MILITAR DO GOVERNADOR DO ESTADO DE MINAS GERAIS - GABINETE MILITAR,3,3,90,36,10,1,9257,6,122,705,2,500,2500,1,5720.00,5720.00,5720.00,0,ASSESSORAMENTO E GERENCIAMENTO DE POLÍTICAS PÚBLICAS,APOIO ÀS POLÍTICAS PÚBLICAS
2025,1070,GABINETE MILITAR DO GOVERNADOR DO ESTADO DE MINAS GERAIS - GMG,3,0,1071,GABINETE MILITAR DO GOVERNADOR DO ESTADO DE MINAS GERAIS - GABINETE MILITAR,3,3,90,37,10,1,9257,6,122,705,2,500,2500,1,85772.00,85772.00,85772.00,0,ASSESSORAMENTO E GERENCIAMENTO DE POLÍTICAS PÚBLICAS,APOIO ÀS POLÍTICAS PÚBLICAS
2025,1070,GABINETE MILITAR DO GOVERNADOR DO ESTADO DE MINAS GERAIS - GMG,3,0,1071,GABINETE MILITAR DO GOVERNADOR DO ESTADO DE MINAS GERAIS - GABINETE MILITAR,3,3,90,39,10,1,9257,6,122,705,2,500,2500,1,657914.00,657914.00,657914.00,0,ASSESSORAMENTO E GERENCIAMENTO DE POLÍTICAS PÚBLICAS,APOIO ÀS POLÍTICAS PÚBLICAS
2025,1070,GABINETE MILITAR DO GOVERNADOR DO ESTADO DE MINAS GERAIS - GMG,3,0,1071,GABINETE MILITAR DO GOVERNADOR DO ESTADO DE MINAS GERAIS - GABINETE MILITAR,3,3,90,40,10,1,9257,6,122,705,2,500,2500,1,163573.00,163573.00,163573.00,0,ASSESSORAMENTO E GERENCIAMENTO DE POLÍTICAS PÚBLICAS,APOIO ÀS POLÍTICAS PÚBLICAS
2025,1070,GABINETE MILITAR DO GOVERNADOR DO ESTADO DE MINAS GERAIS - GMG,3,0,1071,GABINETE MILITAR DO GOVERNADOR DO ESTADO DE MINAS GERAIS - GABINETE MILITAR,3,3,90,14,10,1,10718,6,182,47,4,381,4381,1,32700.00,32700.00,32700.00,0,GESTÃO DE DESASTRE CAUSADOS PELA CHUVA,SUPORTE ÀS AÇÕES DE COMBATE E RESPOSTA AOS DANOS CAUSADOS PELAS CHUVAS
2025,1070,GABINETE MILITAR DO GOVERNADOR DO ESTADO DE MINAS GERAIS - GMG,3,0,1071,GABINETE MILITAR DO GOVERNADOR DO ESTADO DE MINAS GERAIS - GABINETE MILITAR,3,3,90,15,10,1,10718,6,182,47,4,381,4381,1,186590.00,186590.00,186590.00,0,GESTÃO DE DESASTRE CAUSADOS PELA CHUVA,SUPORTE ÀS AÇÕES DE COMBATE E RESPOSTA AOS DANOS CAUSADOS PELAS CHUVAS
2025,1070,GABINETE MILITAR DO GOVERNADOR DO ESTADO DE MINAS GERAIS - GMG,3,0,1071,GABINETE MILITAR DO GOVERNADOR DO ESTADO DE MINAS GERAIS - GABINETE MILITAR,3,3,90,30,10,1,10718,6,182,47,4,381,4381,1,1400.00,1400.00,1400.00,0,GESTÃO DE DESASTRE CAUSADOS PELA CHUVA,SUPORTE ÀS AÇÕES DE COMBATE E RESPOSTA AOS DANOS CAUSADOS PELAS CHUVAS
2025,1070,GABINETE MILITAR DO GOVERNADOR DO ESTADO DE MINAS GERAIS - GMG,3,0,1071,GABINETE MILITAR DO GOVERNADOR DO ESTADO DE MINAS GERAIS - GABINETE MILITAR,3,3,90,39,10,1,10892,6,182,48,1,89,1089,1,1000.00,1000.00,1000.00,0,PROJETO CONVIVÊNCIA COM A SECA E ESTIAGEM,PROTEÇÃO E DEFESA CIVIL
2025,1070,GABINETE MILITAR DO GOVERNADOR DO ESTADO DE MINAS GERAIS - GMG,3,0,1071,GABINETE MILITAR DO GOVERNADOR DO ESTADO DE MINAS GERAIS - GABINETE MILITAR,4,4,99,99,10,4,10892,6,182,48,1,89,1089,1,650000.00,650000.00,650000.00,0,PROJETO CONVIVÊNCIA COM A SECA E ESTIAGEM,PROTEÇÃO E DEFESA CIVIL
2025,1070,GABINETE MILITAR DO GOVERNADOR DO ESTADO DE MINAS GERAIS - GMG,3,0,1071,GABINETE MILITAR DO GOVERNADOR DO ESTADO DE MINAS GERAIS - GABINETE MILITAR,3,3,90,39,10,1,11047,6,182,48,4,155,4155,1,1000.00,1000.00,1000.00,1,"MODERNIZAÇÃO, ESTRUTURAÇÃO, CAPACITAÇÃO EM DEFESA CIVIL",PROTEÇÃO E DEFESA CIVIL
2025,1070,GABINETE MILITAR DO GOVERNADOR DO ESTADO DE MINAS GERAIS - GMG,3,0,1071,GABINETE MILITAR DO GOVERNADOR DO ESTADO DE MINAS GERAIS - GABINETE MILITAR,3,3,99,99,10,8,11047,6,182,48,4,155,4155,1,500000.00,500000.00,1000000.00,1,"MODERNIZAÇÃO, ESTRUTURAÇÃO, CAPACITAÇÃO EM DEFESA CIVIL",PROTEÇÃO E DEFESA CIVIL
2025,1070,GABINETE MILITAR DO GOVERNADOR DO ESTADO DE MINAS GERAIS - GMG,3,0,1071,GABINETE MILITAR DO GOVERNADOR DO ESTADO DE MINAS GERAIS - GABINETE MILITAR,4,4,90,52,25,1,11047,6,182,48,4,155,4155,1,230000.00,230000.00,230000.00,1,"MODERNIZAÇÃO, ESTRUTURAÇÃO, CAPACITAÇÃO EM DEFESA CIVIL",PROTEÇÃO E DEFESA CIVIL
2025,1070,GABINETE MILITAR DO GOVERNADOR DO ESTADO DE MINAS GERAIS - GMG,3,0,1071,GABINETE MILITAR DO GOVERNADOR DO ESTADO DE MINAS GERAIS - GABINETE MILITAR,4,4,99,99,10,8,11047,6,182,48,4,155,4155,1,346300.00,346300.00,746300.00,1,"MODERNIZAÇÃO, ESTRUTURAÇÃO, CAPACITAÇÃO EM DEFESA CIVIL",PROTEÇÃO E DEFESA CIVIL
2025,1070,GABINETE MILITAR DO GOVERNADOR DO ESTADO DE MINAS GERAIS - GMG,3,0,1071,GABINETE MILITAR DO GOVERNADOR DO ESTADO DE MINAS GERAIS - GABINETE MILITAR,3,3,90,14,10,1,10672,6,182,48,4,356,4356,1,9083.00,9083.00,9083.00,0,GESTÃO DE DESASTRE,PROTEÇÃO E DEFESA CIVIL
2025,1070,GABINETE MILITAR DO GOVERNADOR DO ESTADO DE MINAS GERAIS - GMG,3,0,1071,GABINETE MILITAR DO GOVERNADOR DO ESTADO DE MINAS GERAIS - GABINETE MILITAR,3,3,90,15,10,1,10672,6,182,48,4,356,4356,1,115620.00,115620.00,115620.00,0,GESTÃO DE DESASTRE,PROTEÇÃO E DEFESA CIVIL
2025,1070,GABINETE MILITAR DO GOVERNADOR DO ESTADO DE MINAS GERAIS - GMG,3,0,1071,GABINETE MILITAR DO GOVERNADOR DO ESTADO DE MINAS GERAIS - GABINETE MILITAR,3,3,90,30,10,1,10672,6,182,48,4,356,4356,1,1400.00,1400.00,1400.00,0,GESTÃO DE DESASTRE,PROTEÇÃO E DEFESA CIVIL
2025,1070,GABINETE MILITAR DO GOVERNADOR DO ESTADO DE MINAS GERAIS - GMG,3,0,1071,GABINETE MILITAR DO GOVERNADOR DO ESTADO DE MINAS GERAIS - GABINETE MILITAR,3,3,90,32,10,1,10672,6,182,48,4,356,4356,1,969268.00,969268.00,969268.00,0,GESTÃO DE DESASTRE,PROTEÇÃO E DEFESA CIVIL
2025,1070,GABINETE MILITAR DO GOVERNADOR DO ESTADO DE MINAS GERAIS - GMG,3,0,1071,GABINETE MILITAR DO GOVERNADOR DO ESTADO DE MINAS GERAIS - GABINETE MILITAR,3,3,90,37,10,1,10672,6,182,48,4,356,4356,1,273220.00,273220.00,273220.00,0,GESTÃO DE DESASTRE,PROTEÇÃO E DEFESA CIVIL
2025,1070,GABINETE MILITAR DO GOVERNADOR DO ESTADO DE MINAS GERAIS - GMG,3,0,1071,GABINETE MILITAR DO GOVERNADOR DO ESTADO DE MINAS GERAIS - GABINETE MILITAR,3,3,90,39,10,1,10672,6,182,48,4,356,4356,1,431321.00,431321.00,431321.00,0,GESTÃO DE DESASTRE,PROTEÇÃO E DEFESA CIVIL
2025,1070,GABINETE MILITAR DO GOVERNADOR DO ESTADO DE MINAS GERAIS - GMG,3,0,1071,GABINETE MILITAR DO GOVERNADOR DO ESTADO DE MINAS GERAIS - GABINETE MILITAR,3,3,90,39,57,1,10672,6,182,48,4,356,4356,1,6502000.00,6502000.00,6502000.00,0,GESTÃO DE DESASTRE,PROTEÇÃO E DEFESA CIVIL
2025,1070,GABINETE MILITAR DO GOVERNADOR DO ESTADO DE MINAS GERAIS - GMG,3,0,1071,GABINETE MILITAR DO GOVERNADOR DO ESTADO DE MINAS GERAIS - GABINETE MILITAR,4,4,90,51,10,1,10672,6,182,48,4,356,4356,1,400000.00,400000.00,400000.00,0,GESTÃO DE DESASTRE,PROTEÇÃO E DEFESA CIVIL
2025,1070,GABINETE MILITAR DO GOVERNADOR DO ESTADO DE MINAS GERAIS - GMG,3,0,1071,GABINETE MILITAR DO GOVERNADOR DO ESTADO DE MINAS GERAIS - GABINETE MILITAR,3,3,90,14,10,1,10728,6,182,48,4,390,4390,1,36900.00,36900.00,36900.00,0,GESTÃO DO RISCO DE DESASTRES,PROTEÇÃO E DEFESA CIVIL
2025,1070,GABINETE MILITAR DO GOVERNADOR DO ESTADO DE MINAS GERAIS - GMG,3,0,1071,GABINETE MILITAR DO GOVERNADOR DO ESTADO DE MINAS GERAIS - GABINETE MILITAR,3,3,90,15,10,1,10728,6,182,48,4,390,4390,1,300493.00,300493.00,300493.00,0,GESTÃO DO RISCO DE DESASTRES,PROTEÇÃO E DEFESA CIVIL
2025,1070,GABINETE MILITAR DO GOVERNADOR DO ESTADO DE MINAS GERAIS - GMG,3,0,1071,GABINETE MILITAR DO GOVERNADOR DO ESTADO DE MINAS GERAIS - GABINETE MILITAR,3,3,90,30,10,1,10728,6,182,48,4,390,4390,1,79400.00,79400.00,79400.00,0,GESTÃO DO RISCO DE DESASTRES,PROTEÇÃO E DEFESA CIVIL
2025,1070,GABINETE MILITAR DO GOVERNADOR DO ESTADO DE MINAS GERAIS - GMG,3,0,1071,GABINETE MILITAR DO GOVERNADOR DO ESTADO DE MINAS GERAIS - GABINETE MILITAR,3,3,90,31,10,1,10728,6,182,48,4,390,4390,1,21803.00,21803.00,21803.00,0,GESTÃO DO RISCO DE DESASTRES,PROTEÇÃO E DEFESA CIVIL
2025,1070,GABINETE MILITAR DO GOVERNADOR DO ESTADO DE MINAS GERAIS - GMG,3,0,1071,GABINETE MILITAR DO GOVERNADOR DO ESTADO DE MINAS GERAIS - GABINETE MILITAR,3,3,90,32,57,1,10728,6,182,48,4,390,4390,1,6000000.00,6000000.00,6000000.00,0,GESTÃO DO RISCO DE DESASTRES,PROTEÇÃO E DEFESA CIVIL
2025,1070,GABINETE MILITAR DO GOVERNADOR DO ESTADO DE MINAS GERAIS - GMG,3,0,1071,GABINETE MILITAR DO GOVERNADOR DO ESTADO DE MINAS GERAIS - GABINETE MILITAR,3,3,90,33,10,1,10728,6,182,48,4,390,4390,1,20496.00,20496.00,20496.00,0,GESTÃO DO RISCO DE DESASTRES,PROTEÇÃO E DEFESA CIVIL
2025,1070,GABINETE MILITAR DO GOVERNADOR DO ESTADO DE MINAS GERAIS - GMG,3,0,1071,GABINETE MILITAR DO GOVERNADOR DO ESTADO DE MINAS GERAIS - GABINETE MILITAR,3,3,90,39,10,1,10728,6,182,48,4,390,4390,1,10630.00,10630.00,10630.00,0,GESTÃO DO RISCO DE DESASTRES,PROTEÇÃO E DEFESA CIVIL
2025,1070,GABINETE MILITAR DO GOVERNADOR DO ESTADO DE MINAS GERAIS - GMG,3,0,1071,GABINETE MILITAR DO GOVERNADOR DO ESTADO DE MINAS GERAIS - GABINETE MILITAR,4,4,90,52,10,1,10728,6,182,48,4,390,4390,1,25000.00,25000.00,25000.00,0,GESTÃO DO RISCO DE DESASTRES,PROTEÇÃO E DEFESA CIVIL
2025,1070,GABINETE MILITAR DO GOVERNADOR DO ESTADO DE MINAS GERAIS - GMG,3,0,1071,GABINETE MILITAR DO GOVERNADOR DO ESTADO DE MINAS GERAIS - GABINETE MILITAR,3,3,90,15,10,1,10645,6,183,50,4,335,4335,1,3326880.00,3326880.00,3326880.00,0,SERVIÇO ESPECIAL DE SEGURANÇA GOVERNAMENTAL,SEGURANÇA E INTELIGÊNCIA GOVERNAMENTAL
2025,1070,GABINETE MILITAR DO GOVERNADOR DO ESTADO DE MINAS GERAIS - GMG,3,0,1071,GABINETE MILITAR DO GOVERNADOR DO ESTADO DE MINAS GERAIS - GABINETE MILITAR,3,3,90,30,10,1,10645,6,183,50,4,335,4335,1,115669.00,115669.00,115669.00,0,SERVIÇO ESPECIAL DE SEGURANÇA GOVERNAMENTAL,SEGURANÇA E INTELIGÊNCIA GOVERNAMENTAL
2025,1070,GABINETE MILITAR DO GOVERNADOR DO ESTADO DE MINAS GERAIS - GMG,3,0,1071,GABINETE MILITAR DO GOVERNADOR DO ESTADO DE MINAS GERAIS - GABINETE MILITAR,3,3,90,33,10,1,10645,6,183,50,4,335,4335,1,465546.00,465546.00,465546.00,0,SERVIÇO ESPECIAL DE SEGURANÇA GOVERNAMENTAL,SEGURANÇA E INTELIGÊNCIA GOVERNAMENTAL
2025,1070,GABINETE MILITAR DO GOVERNADOR DO ESTADO DE MINAS GERAIS - GMG,3,0,1071,GABINETE MILITAR DO GOVERNADOR DO ESTADO DE MINAS GERAIS - GABINETE MILITAR,3,3,90,39,10,1,10645,6,183,50,4,335,4335,1,538110.00,538110.00,538110.00,0,SERVIÇO ESPECIAL DE SEGURANÇA GOVERNAMENTAL,SEGURANÇA E INTELIGÊNCIA GOVERNAMENTAL
2025,1070,GABINETE MILITAR DO GOVERNADOR DO ESTADO DE MINAS GERAIS - GMG,3,0,1071,GABINETE MILITAR DO GOVERNADOR DO ESTADO DE MINAS GERAIS - GABINETE MILITAR,3,3,90,40,10,1,10645,6,183,50,4,335,4335,1,4700.00,4700.00,4700.00,0,SERVIÇO ESPECIAL DE SEGURANÇA GOVERNAMENTAL,SEGURANÇA E INTELIGÊNCIA GOVERNAMENTAL
2025,1070,GABINETE MILITAR DO GOVERNADOR DO ESTADO DE MINAS GERAIS - GMG,3,0,1071,GABINETE MILITAR DO GOVERNADOR DO ESTADO DE MINAS GERAIS - GABINETE MILITAR,3,3,90,93,10,1,10645,6,183,50,4,335,4335,1,10000.00,10000.00,10000.00,0,SERVIÇO ESPECIAL DE SEGURANÇA GOVERNAMENTAL,SEGURANÇA E INTELIGÊNCIA GOVERNAMENTAL
2025,1070,GABINETE MILITAR DO GOVERNADOR DO ESTADO DE MINAS GERAIS - GMG,3,0,1071,GABINETE MILITAR DO GOVERNADOR DO ESTADO DE MINAS GERAIS - GABINETE MILITAR,3,3,90,14,10,1,10770,6,781,46,4,426,4426,1,102626.00,102626.00,102626.00,0,GESTÃO DA AVIAÇÃO DO GABINETE MILITAR DO GOVERNADOR,SUPORTE AÉREO AOS SERVIÇOS PÚBLICOS ESTADUAIS
2025,1070,GABINETE MILITAR DO GOVERNADOR DO ESTADO DE MINAS GERAIS - GMG,3,0,1071,GABINETE MILITAR DO GOVERNADOR DO ESTADO DE MINAS GERAIS - GABINETE MILITAR,3,3,90,15,10,1,10770,6,781,46,4,426,4426,1,154140.00,154140.00,154140.00,0,GESTÃO DA AVIAÇÃO DO GABINETE MILITAR DO GOVERNADOR,SUPORTE AÉREO AOS SERVIÇOS PÚBLICOS ESTADUAIS
2025,1070,GABINETE MILITAR DO GOVERNADOR DO ESTADO DE MINAS GERAIS - GMG,3,0,1071,GABINETE MILITAR DO GOVERNADOR DO ESTADO DE MINAS GERAIS - GABINETE MILITAR,3,3,90,30,10,1,10770,6,781,46,4,426,4426,1,2657157.00,2657157.00,2657157.00,0,GESTÃO DA AVIAÇÃO DO GABINETE MILITAR DO GOVERNADOR,SUPORTE AÉREO AOS SERVIÇOS PÚBLICOS ESTADUAIS
2025,1070,GABINETE MILITAR DO GOVERNADOR DO ESTADO DE MINAS GERAIS - GMG,3,0,1071,GABINETE MILITAR DO GOVERNADOR DO ESTADO DE MINAS GERAIS - GABINETE MILITAR,3,3,90,33,10,1,10770,6,781,46,4,426,4426,1,71604.00,71604.00,71604.00,0,GESTÃO DA AVIAÇÃO DO GABINETE MILITAR DO GOVERNADOR,SUPORTE AÉREO AOS SERVIÇOS PÚBLICOS ESTADUAIS
2025,1070,GABINETE MILITAR DO GOVERNADOR DO ESTADO DE MINAS GERAIS - GMG,3,0,1071,GABINETE MILITAR DO GOVERNADOR DO ESTADO DE MINAS GERAIS - GABINETE MILITAR,3,3,90,37,10,1,10770,6,781,46,4,426,4426,1,378424.00,378424.00,378424.00,0,GESTÃO DA AVIAÇÃO DO GABINETE MILITAR DO GOVERNADOR,SUPORTE AÉREO AOS SERVIÇOS PÚBLICOS ESTADUAIS
2025,1070,GABINETE MILITAR DO GOVERNADOR DO ESTADO DE MINAS GERAIS - GMG,3,0,1071,GABINETE MILITAR DO GOVERNADOR DO ESTADO DE MINAS GERAIS - GABINETE MILITAR,3,3,90,39,10,1,10770,6,781,46,4,426,4426,1,4809576.00,4809576.00,4809576.00,0,GESTÃO DA AVIAÇÃO DO GABINETE MILITAR DO GOVERNADOR,SUPORTE AÉREO AOS SERVIÇOS PÚBLICOS ESTADUAIS
2025,1070,GABINETE MILITAR DO GOVERNADOR DO ESTADO DE MINAS GERAIS - GMG,3,0,1071,GABINETE MILITAR DO GOVERNADOR DO ESTADO DE MINAS GERAIS - GABINETE MILITAR,3,3,90,40,10,1,10770,6,781,46,4,426,4426,1,101507.00,101507.00,101507.00,0,GESTÃO DA AVIAÇÃO DO GABINETE MILITAR DO GOVERNADOR,SUPORTE AÉREO AOS SERVIÇOS PÚBLICOS ESTADUAIS
2025,1070,GABINETE MILITAR DO GOVERNADOR DO ESTADO DE MINAS GERAIS - GMG,3,0,1071,GABINETE MILITAR DO GOVERNADOR DO ESTADO DE MINAS GERAIS - GABINETE MILITAR,3,3,90,93,10,1,10770,6,781,46,4,426,4426,1,32023.00,32023.00,32023.00,0,GESTÃO DA AVIAÇÃO DO GABINETE MILITAR DO GOVERNADOR,SUPORTE AÉREO AOS SERVIÇOS PÚBLICOS ESTADUAIS
2025,1070,GABINETE MILITAR DO GOVERNADOR DO ESTADO DE MINAS GERAIS - GMG,3,0,1071,GABINETE MILITAR DO GOVERNADOR DO ESTADO DE MINAS GERAIS - GABINETE MILITAR,3,3,90,14,10,1,10651,6,782,34,4,341,4341,1,6192.00,6192.00,6192.00,0,GESTÃO DO TRANSPORTE RODOVIÁRIO,SUPORTE ÀS AÇÕES DE TRANSPORTE RODOVIÁRIO
2025,1070,GABINETE MILITAR DO GOVERNADOR DO ESTADO DE MINAS GERAIS - GMG,3,0,1071,GABINETE MILITAR DO GOVERNADOR DO ESTADO DE MINAS GERAIS - GABINETE MILITAR,3,3,90,15,10,1,10651,6,782,34,4,341,4341,1,31104.00,31104.00,31104.00,0,GESTÃO DO TRANSPORTE RODOVIÁRIO,SUPORTE ÀS AÇÕES DE TRANSPORTE RODOVIÁRIO
2025,1070,GABINETE MILITAR DO GOVERNADOR DO ESTADO DE MINAS GERAIS - GMG,3,0,1071,GABINETE MILITAR DO GOVERNADOR DO ESTADO DE MINAS GERAIS - GABINETE MILITAR,3,3,90,30,10,1,10651,6,782,34,4,341,4341,1,1766221.00,1766221.00,1766221.00,0,GESTÃO DO TRANSPORTE RODOVIÁRIO,SUPORTE ÀS AÇÕES DE TRANSPORTE RODOVIÁRIO
2025,1070,GABINETE MILITAR DO GOVERNADOR DO ESTADO DE MINAS GERAIS - GMG,3,0,1071,GABINETE MILITAR DO GOVERNADOR DO ESTADO DE MINAS GERAIS - GABINETE MILITAR,3,3,90,37,10,1,10651,6,782,34,4,341,4341,1,203481.00,203481.00,203481.00,0,GESTÃO DO TRANSPORTE RODOVIÁRIO,SUPORTE ÀS AÇÕES DE TRANSPORTE RODOVIÁRIO
2025,1070,GABINETE MILITAR DO GOVERNADOR DO ESTADO DE MINAS GERAIS - GMG,3,0,1071,GABINETE MILITAR DO GOVERNADOR DO ESTADO DE MINAS GERAIS - GABINETE MILITAR,3,3,90,39,10,1,10651,6,782,34,4,341,4341,1,1915420.00,1915420.00,1915420.00,0,GESTÃO DO TRANSPORTE RODOVIÁRIO,SUPORTE ÀS AÇÕES DE TRANSPORTE RODOVIÁRIO
2025,1070,GABINETE MILITAR DO GOVERNADOR DO ESTADO DE MINAS GERAIS - GMG,3,0,1071,GABINETE MILITAR DO GOVERNADOR DO ESTADO DE MINAS GERAIS - GABINETE MILITAR,3,3,90,93,10,1,10651,6,782,34,4,341,4341,1,10000.00,10000.00,10000.00,0,GESTÃO DO TRANSPORTE RODOVIÁRIO,SUPORTE ÀS AÇÕES DE TRANSPORTE RODOVIÁRIO
2025,1080,ADVOCACIA GERAL DO ESTADO - AGE,3,0,1081,ADVOCACIA GERAL DO ESTADO - AGE,3,3,90,14,10,1,10311,3,92,43,1,10,1010,1,5301.00,5301.00,5301.00,0,FOMENTO À UTILIZAÇÃO DE MÉTODOS ALTERNATIVOS DE SOLUÇÃO DE CONFLITOS,DESJUDICIALIZA MINAS
2025,1080,ADVOCACIA GERAL DO ESTADO - AGE,3,0,1081,ADVOCACIA GERAL DO ESTADO - AGE,3,3,90,33,10,1,10311,3,92,43,1,10,1010,1,16920.00,16920.00,16920.00,0,FOMENTO À UTILIZAÇÃO DE MÉTODOS ALTERNATIVOS DE SOLUÇÃO DE CONFLITOS,DESJUDICIALIZA MINAS
2025,1080,ADVOCACIA GERAL DO ESTADO - AGE,3,0,1081,ADVOCACIA GERAL DO ESTADO - AGE,3,3,90,39,10,1,11147,3,92,43,2,30,2030,1,341280.00,341280.00,341280.00,0,CUMPRIMENTO ADMINISTRATIVO DE DETERMINAÇÕES JUDICIAIS DECORRENTES DO ACESSO GRATUITO À JUSTIÇA,DESJUDICIALIZA MINAS
2025,1080,ADVOCACIA GERAL DO ESTADO - AGE,3,0,1081,ADVOCACIA GERAL DO ESTADO - AGE,3,3,90,40,10,1,10313,3,92,44,1,12,1012,1,3072000.00,3072000.00,3072000.00,0,APERFEIÇOAMENTO DA GESTÃO DA AGE,REPRESENTAÇÃO JURÍDICA DO ESTADO E ENTIDADES
2025,1080,ADVOCACIA GERAL DO ESTADO - AGE,3,0,1081,ADVOCACIA GERAL DO ESTADO - AGE,4,4,90,40,10,1,10313,3,92,44,1,12,1012,1,3124000.00,3124000.00,3124000.00,0,APERFEIÇOAMENTO DA GESTÃO DA AGE,REPRESENTAÇÃO JURÍDICA DO ESTADO E ENTIDADES
2025,1080,ADVOCACIA GERAL DO ESTADO - AGE,3,0,1081,ADVOCACIA GERAL DO ESTADO - AGE,3,3,90,14,10,1,10314,3,92,44,1,13,1013,1,26509.00,26509.00,26509.00,0,"REPRESENTAÇÃO JUDICIAL, COBRANÇA DA DÍVIDA ATIVA E ASSESSORAMENTO JURÍDICO AO ESTADO E ENTIDADES",REPRESENTAÇÃO JURÍDICA DO ESTADO E ENTIDADES
2025,1080,ADVOCACIA GERAL DO ESTADO - AGE,3,0,1081,ADVOCACIA GERAL DO ESTADO - AGE,3,3,90,30,10,1,10314,3,92,44,1,13,1013,1,223300.00,223300.00,223300.00,0,"REPRESENTAÇÃO JUDICIAL, COBRANÇA DA DÍVIDA ATIVA E ASSESSORAMENTO JURÍDICO AO ESTADO E ENTIDADES",REPRESENTAÇÃO JURÍDICA DO ESTADO E ENTIDADES
2025,1080,ADVOCACIA GERAL DO ESTADO - AGE,3,0,1081,ADVOCACIA GERAL DO ESTADO - AGE,3,3,90,33,10,1,10314,3,92,44,1,13,1013,1,68718.00,68718.00,68718.00,0,"REPRESENTAÇÃO JUDICIAL, COBRANÇA DA DÍVIDA ATIVA E ASSESSORAMENTO JURÍDICO AO ESTADO E ENTIDADES",REPRESENTAÇÃO JURÍDICA DO ESTADO E ENTIDADES
2025,1080,ADVOCACIA GERAL DO ESTADO - AGE,3,0,1081,ADVOCACIA GERAL DO ESTADO - AGE,3,3,90,36,10,1,10314,3,92,44,1,13,1013,1,1033424.00,1033424.00,1033424.00,0,"REPRESENTAÇÃO JUDICIAL, COBRANÇA DA DÍVIDA ATIVA E ASSESSORAMENTO JURÍDICO AO ESTADO E ENTIDADES",REPRESENTAÇÃO JURÍDICA DO ESTADO E ENTIDADES
2025,1080,ADVOCACIA GERAL DO ESTADO - AGE,3,0,1081,ADVOCACIA GERAL DO ESTADO - AGE,3,3,90,36,60,2,10314,3,92,44,1,13,1013,1,48000.00,48000.00,48000.00,0,"REPRESENTAÇÃO JUDICIAL, COBRANÇA DA DÍVIDA ATIVA E ASSESSORAMENTO JURÍDICO AO ESTADO E ENTIDADES",REPRESENTAÇÃO JURÍDICA DO ESTADO E ENTIDADES
2025,1080,ADVOCACIA GERAL DO ESTADO - AGE,3,0,1081,ADVOCACIA GERAL DO ESTADO - AGE,3,3,90,37,10,1,10314,3,92,44,1,13,1013,1,8169600.00,8169600.00,8169600.00,0,"REPRESENTAÇÃO JUDICIAL, COBRANÇA DA DÍVIDA ATIVA E ASSESSORAMENTO JURÍDICO AO ESTADO E ENTIDADES",REPRESENTAÇÃO JURÍDICA DO ESTADO E ENTIDADES
2025,1080,ADVOCACIA GERAL DO ESTADO - AGE,3,0,1081,ADVOCACIA GERAL DO ESTADO - AGE,3,3,90,39,10,1,10314,3,92,44,1,13,1013,1,301346.00,301346.00,301346.00,0,"REPRESENTAÇÃO JUDICIAL, COBRANÇA DA DÍVIDA ATIVA E ASSESSORAMENTO JURÍDICO AO ESTADO E ENTIDADES",REPRESENTAÇÃO JURÍDICA DO ESTADO E ENTIDADES
2025,1080,ADVOCACIA GERAL DO ESTADO - AGE,3,0,1081,ADVOCACIA GERAL DO ESTADO - AGE,3,3,90,40,10,1,10314,3,92,44,1,13,1013,1,3279600.00,3279600.00,3279600.00,0,"REPRESENTAÇÃO JUDICIAL, COBRANÇA DA DÍVIDA ATIVA E ASSESSORAMENTO JURÍDICO AO ESTADO E ENTIDADES",REPRESENTAÇÃO JURÍDICA DO ESTADO E ENTIDADES
2025,1080,ADVOCACIA GERAL DO ESTADO - AGE,3,0,1081,ADVOCACIA GERAL DO ESTADO - AGE,3,3,90,40,10,1,10315,3,92,44,1,14,1014,1,1000.00,1000.00,1000.00,0,"REESTRUTURAÇÃO LOGÍSTICA, TECNOLÓGICA E DE COBRANÇA DA DÍVIDA ATIVA DA AGE",REPRESENTAÇÃO JURÍDICA DO ESTADO E ENTIDADES
2025,1080,ADVOCACIA GERAL DO ESTADO - AGE,3,0,1081,ADVOCACIA GERAL DO ESTADO - AGE,3,1,90,11,10,1,11136,3,122,705,2,417,2417,1,233817587.00,233871787.00,233871787.00,0,REMUNERAÇÃO DE PESSOAL ATIVO E ENCARGOS SOCIAIS,APOIO ÀS POLÍTICAS PÚBLICAS
2025,1080,ADVOCACIA GERAL DO ESTADO - AGE,3,0,1081,ADVOCACIA GERAL DO ESTADO - AGE,3,1,91,13,10,1,11136,3,122,705,2,417,2417,1,98593813.00,98539613.00,98539613.00,0,REMUNERAÇÃO DE PESSOAL ATIVO E ENCARGOS SOCIAIS,APOIO ÀS POLÍTICAS PÚBLICAS
2025,1080,ADVOCACIA GERAL DO ESTADO - AGE,3,0,1081,ADVOCACIA GERAL DO ESTADO - AGE,3,3,90,46,10,7,11136,3,122,705,2,417,2417,1,12523064.00,12523064.00,12523064.00,0,REMUNERAÇÃO DE PESSOAL ATIVO E ENCARGOS SOCIAIS,APOIO ÀS POLÍTICAS PÚBLICAS
2025,1080,ADVOCACIA GERAL DO ESTADO - AGE,3,0,1081,ADVOCACIA GERAL DO ESTADO - AGE,3,3,90,47,10,7,11136,3,122,705,2,417,2417,1,12523064.00,12523064.00,12523064.00,0,REMUNERAÇÃO DE PESSOAL ATIVO E ENCARGOS SOCIAIS,APOIO ÀS POLÍTICAS PÚBLICAS
2025,1080,ADVOCACIA GERAL DO ESTADO - AGE,3,0,1081,ADVOCACIA GERAL DO ESTADO - AGE,3,3,90,14,10,1,9013,3,122,705,2,500,2500,1,26508.00,26508.00,26508.00,0,ASSESSORAMENTO E GERENCIAMENTO DE POLÍTICAS PÚBLICAS,APOIO ÀS POLÍTICAS PÚBLICAS
2025,1080,ADVOCACIA GERAL DO ESTADO - AGE,3,0,1081,ADVOCACIA GERAL DO ESTADO - AGE,3,3,90,30,10,1,9013,3,122,705,2,500,2500,1,354000.00,354000.00,354000.00,0,ASSESSORAMENTO E GERENCIAMENTO DE POLÍTICAS PÚBLICAS,APOIO ÀS POLÍTICAS PÚBLICAS
2025,1080,ADVOCACIA GERAL DO ESTADO - AGE,3,0,1081,ADVOCACIA GERAL DO ESTADO - AGE,3,3,90,33,10,1,9013,3,122,705,2,500,2500,1,34404.00,34404.00,34404.00,0,ASSESSORAMENTO E GERENCIAMENTO DE POLÍTICAS PÚBLICAS,APOIO ÀS POLÍTICAS PÚBLICAS
2025,1080,ADVOCACIA GERAL DO ESTADO - AGE,3,0,1081,ADVOCACIA GERAL DO ESTADO - AGE,3,3,90,36,10,1,9013,3,122,705,2,500,2500,1,51192.00,51192.00,51192.00,0,ASSESSORAMENTO E GERENCIAMENTO DE POLÍTICAS PÚBLICAS,APOIO ÀS POLÍTICAS PÚBLICAS
2025,1080,ADVOCACIA GERAL DO ESTADO - AGE,3,0,1081,ADVOCACIA GERAL DO ESTADO - AGE,3,3,90,37,10,1,9013,3,122,705,2,500,2500,1,1766400.00,1766400.00,1766400.00,0,ASSESSORAMENTO E GERENCIAMENTO DE POLÍTICAS PÚBLICAS,APOIO ÀS POLÍTICAS PÚBLICAS
2025,1080,ADVOCACIA GERAL DO ESTADO - AGE,3,0,1081,ADVOCACIA GERAL DO ESTADO - AGE,3,3,90,39,10,1,9013,3,122,705,2,500,2500,1,5404256.00,5404256.00,5404256.00,0,ASSESSORAMENTO E GERENCIAMENTO DE POLÍTICAS PÚBLICAS,APOIO ÀS POLÍTICAS PÚBLICAS
2025,1080,ADVOCACIA GERAL DO ESTADO - AGE,3,0,1081,ADVOCACIA GERAL DO ESTADO - AGE,3,3,90,40,10,1,9013,3,122,705,2,500,2500,1,421080.00,421080.00,421080.00,0,ASSESSORAMENTO E GERENCIAMENTO DE POLÍTICAS PÚBLICAS,APOIO ÀS POLÍTICAS PÚBLICAS
2025,1080,ADVOCACIA GERAL DO ESTADO - AGE,3,0,1081,ADVOCACIA GERAL DO ESTADO - AGE,3,3,90,47,10,1,9013,3,122,705,2,500,2500,1,10000.00,10000.00,10000.00,0,ASSESSORAMENTO E GERENCIAMENTO DE POLÍTICAS PÚBLICAS,APOIO ÀS POLÍTICAS PÚBLICAS
2025,1080,ADVOCACIA GERAL DO ESTADO - AGE,3,0,1081,ADVOCACIA GERAL DO ESTADO - AGE,3,1,90,91,10,9,2753,28,846,705,7,803,7803,1,1505036994.00,1005036994.00,1005036994.00,0,PRECATÓRIOS E SENTENÇAS JUDICIÁRIAS DA ADMINISTRAÇÃO DIRETA DO PODER EXECUTIVO,APOIO ÀS POLÍTICAS PÚBLICAS
2025,1080,ADVOCACIA GERAL DO ESTADO - AGE,3,0,1081,ADVOCACIA GERAL DO ESTADO - AGE,3,3,90,91,10,9,2753,28,846,705,7,803,7803,1,327810812.00,327810812.00,327810812.00,0,PRECATÓRIOS E SENTENÇAS JUDICIÁRIAS DA ADMINISTRAÇÃO DIRETA DO PODER EXECUTIVO,APOIO ÀS POLÍTICAS PÚBLICAS
2025,1100,OUVIDORIA-GERAL DO ESTADO DE MINAS GERAIS - OGE,3,0,1101,OUVIDORIA-GERAL DO ESTADO DE MINAS GERAIS - OGE,3,3,90,40,10,1,10354,14,122,54,4,104,4104,1,15900.00,15900.00,15900.00,0,APRESENTAÇÃO DE RELATÓRIOS DE GESTÃO,GOVERNANÇA PARA INTEGRIDADE E MELHORES RESULTADOS EM SERVIÇOS PÚBLICOS
2025,1100,OUVIDORIA-GERAL DO ESTADO DE MINAS GERAIS - OGE,3,0,1101,OUVIDORIA-GERAL DO ESTADO DE MINAS GERAIS - OGE,3,1,90,11,10,1,11109,14,122,705,2,417,2417,1,10512975.00,10512975.00,10512975.00,0,REMUNERAÇÃO DE PESSOAL ATIVO E ENCARGOS SOCIAIS,APOIO ÀS POLÍTICAS PÚBLICAS
2025,1100,OUVIDORIA-GERAL DO ESTADO DE MINAS GERAIS - OGE,3,0,1101,OUVIDORIA-GERAL DO ESTADO DE MINAS GERAIS - OGE,3,1,90,13,10,1,11109,14,122,705,2,417,2417,1,553314.00,553314.00,553314.00,0,REMUNERAÇÃO DE PESSOAL ATIVO E ENCARGOS SOCIAIS,APOIO ÀS POLÍTICAS PÚBLICAS
2025,1100,OUVIDORIA-GERAL DO ESTADO DE MINAS GERAIS - OGE,3,0,1101,OUVIDORIA-GERAL DO ESTADO DE MINAS GERAIS - OGE,3,1,91,13,10,1,11109,14,122,705,2,417,2417,1,2913952.00,2913952.00,2913952.00,0,REMUNERAÇÃO DE PESSOAL ATIVO E ENCARGOS SOCIAIS,APOIO ÀS POLÍTICAS PÚBLICAS
2025,1100,OUVIDORIA-GERAL DO ESTADO DE MINAS GERAIS - OGE,3,0,1101,OUVIDORIA-GERAL DO ESTADO DE MINAS GERAIS - OGE,3,3,90,19,10,7,11109,14,122,705,2,417,2417,1,33376.00,33376.00,33376.00,0,REMUNERAÇÃO DE PESSOAL ATIVO E ENCARGOS SOCIAIS,APOIO ÀS POLÍTICAS PÚBLICAS
2025,1100,OUVIDORIA-GERAL DO ESTADO DE MINAS GERAIS - OGE,3,0,1101,OUVIDORIA-GERAL DO ESTADO DE MINAS GERAIS - OGE,3,3,90,46,10,7,11109,14,122,705,2,417,2417,1,1585359.00,1585359.00,1585359.00,0,REMUNERAÇÃO DE PESSOAL ATIVO E ENCARGOS SOCIAIS,APOIO ÀS POLÍTICAS PÚBLICAS
2025,1100,OUVIDORIA-GERAL DO ESTADO DE MINAS GERAIS - OGE,3,0,1101,OUVIDORIA-GERAL DO ESTADO DE MINAS GERAIS - OGE,3,3,90,49,10,7,11109,14,122,705,2,417,2417,1,50064.00,50064.00,50064.00,0,REMUNERAÇÃO DE PESSOAL ATIVO E ENCARGOS SOCIAIS,APOIO ÀS POLÍTICAS PÚBLICAS
2025,1100,OUVIDORIA-GERAL DO ESTADO DE MINAS GERAIS - OGE,3,0,1101,OUVIDORIA-GERAL DO ESTADO DE MINAS GERAIS - OGE,3,3,90,14,10,1,11037,14,124,55,4,12,4012,1,5507.00,5507.00,5507.00,0,PREVENÇÃO E COMBATE AO ASSÉDIO MORAL E SEXUAL,CONTROLE SOCIAL ATRAVÉS DA DEFESA DOS USUÁRIOS DE SERVIÇOS PÚBLICOS
2025,1100,OUVIDORIA-GERAL DO ESTADO DE MINAS GERAIS - OGE,3,0,1101,OUVIDORIA-GERAL DO ESTADO DE MINAS GERAIS - OGE,3,3,90,33,10,1,11037,14,124,55,4,12,4012,1,8896.00,8896.00,8896.00,0,PREVENÇÃO E COMBATE AO ASSÉDIO MORAL E SEXUAL,CONTROLE SOCIAL ATRAVÉS DA DEFESA DOS USUÁRIOS DE SERVIÇOS PÚBLICOS
2025,1100,OUVIDORIA-GERAL DO ESTADO DE MINAS GERAIS - OGE,3,0,1101,OUVIDORIA-GERAL DO ESTADO DE MINAS GERAIS - OGE,4,4,90,40,10,1,10361,14,126,55,1,17,1017,1,28630.00,28630.00,28630.00,0,"MANUTENÇÃO, DIVERSIFICAÇÃO E EVOLUÇÃO DOS CANAIS DE ATENDIMENTO",CONTROLE SOCIAL ATRAVÉS DA DEFESA DOS USUÁRIOS DE SERVIÇOS PÚBLICOS
2025,1100,OUVIDORIA-GERAL DO ESTADO DE MINAS GERAIS - OGE,3,0,1101,OUVIDORIA-GERAL DO ESTADO DE MINAS GERAIS - OGE,3,3,90,14,10,1,10353,14,128,54,2,20,2020,1,4503.00,4503.00,4503.00,0,FORMAÇÃO EM OUVIDORIA - CAPACITAR PARA MELHOR ATENDER O CIDADÃO,GOVERNANÇA PARA INTEGRIDADE E MELHORES RESULTADOS EM SERVIÇOS PÚBLICOS
2025,1100,OUVIDORIA-GERAL DO ESTADO DE MINAS GERAIS - OGE,3,0,1101,OUVIDORIA-GERAL DO ESTADO DE MINAS GERAIS - OGE,3,3,90,30,10,1,10353,14,128,54,2,20,2020,1,1440.00,1440.00,1440.00,0,FORMAÇÃO EM OUVIDORIA - CAPACITAR PARA MELHOR ATENDER O CIDADÃO,GOVERNANÇA PARA INTEGRIDADE E MELHORES RESULTADOS EM SERVIÇOS PÚBLICOS
2025,1100,OUVIDORIA-GERAL DO ESTADO DE MINAS GERAIS - OGE,3,0,1101,OUVIDORIA-GERAL DO ESTADO DE MINAS GERAIS - OGE,3,3,90,33,10,1,10353,14,128,54,2,20,2020,1,4595.00,4595.00,4595.00,0,FORMAÇÃO EM OUVIDORIA - CAPACITAR PARA MELHOR ATENDER O CIDADÃO,GOVERNANÇA PARA INTEGRIDADE E MELHORES RESULTADOS EM SERVIÇOS PÚBLICOS
2025,1100,OUVIDORIA-GERAL DO ESTADO DE MINAS GERAIS - OGE,3,0,1101,OUVIDORIA-GERAL DO ESTADO DE MINAS GERAIS - OGE,3,3,90,30,10,1,10351,14,131,55,4,102,4102,1,1520.00,1520.00,1520.00,0,DIVULGAÇÃO DOS CANAIS E AÇÕES DA OUVIDORIA,CONTROLE SOCIAL ATRAVÉS DA DEFESA DOS USUÁRIOS DE SERVIÇOS PÚBLICOS
2025,1100,OUVIDORIA-GERAL DO ESTADO DE MINAS GERAIS - OGE,3,0,1101,OUVIDORIA-GERAL DO ESTADO DE MINAS GERAIS - OGE,3,3,90,39,10,1,10351,14,131,55,4,102,4102,1,25431.00,25431.00,25431.00,0,DIVULGAÇÃO DOS CANAIS E AÇÕES DA OUVIDORIA,CONTROLE SOCIAL ATRAVÉS DA DEFESA DOS USUÁRIOS DE SERVIÇOS PÚBLICOS
2025,1100,OUVIDORIA-GERAL DO ESTADO DE MINAS GERAIS - OGE,3,0,1101,OUVIDORIA-GERAL DO ESTADO DE MINAS GERAIS - OGE,3,3,90,40,10,1,10351,14,131,55,4,102,4102,1,22407.00,22407.00,22407.00,0,DIVULGAÇÃO DOS CANAIS E AÇÕES DA OUVIDORIA,CONTROLE SOCIAL ATRAVÉS DA DEFESA DOS USUÁRIOS DE SERVIÇOS PÚBLICOS
2025,1100,OUVIDORIA-GERAL DO ESTADO DE MINAS GERAIS - OGE,3,0,1101,OUVIDORIA-GERAL DO ESTADO DE MINAS GERAIS - OGE,3,3,90,14,10,1,10350,14,422,55,4,101,4101,1,33618.00,33618.00,33618.00,0,OUVIDORIA MÓVEL,CONTROLE SOCIAL ATRAVÉS DA DEFESA DOS USUÁRIOS DE SERVIÇOS PÚBLICOS
2025,1100,OUVIDORIA-GERAL DO ESTADO DE MINAS GERAIS - OGE,3,0,1101,OUVIDORIA-GERAL DO ESTADO DE MINAS GERAIS - OGE,3,3,90,30,10,1,10350,14,422,55,4,101,4101,1,10269.00,10269.00,10269.00,0,OUVIDORIA MÓVEL,CONTROLE SOCIAL ATRAVÉS DA DEFESA DOS USUÁRIOS DE SERVIÇOS PÚBLICOS
2025,1100,OUVIDORIA-GERAL DO ESTADO DE MINAS GERAIS - OGE,3,0,1101,OUVIDORIA-GERAL DO ESTADO DE MINAS GERAIS - OGE,3,3,90,33,10,1,10350,14,422,55,4,101,4101,1,26690.00,26690.00,26690.00,0,OUVIDORIA MÓVEL,CONTROLE SOCIAL ATRAVÉS DA DEFESA DOS USUÁRIOS DE SERVIÇOS PÚBLICOS
2025,1100,OUVIDORIA-GERAL DO ESTADO DE MINAS GERAIS - OGE,3,0,1101,OUVIDORIA-GERAL DO ESTADO DE MINAS GERAIS - OGE,3,3,90,36,10,1,10350,14,422,55,4,101,4101,1,4000.00,4000.00,4000.00,0,OUVIDORIA MÓVEL,CONTROLE SOCIAL ATRAVÉS DA DEFESA DOS USUÁRIOS DE SERVIÇOS PÚBLICOS
2025,1100,OUVIDORIA-GERAL DO ESTADO DE MINAS GERAIS - OGE,3,0,1101,OUVIDORIA-GERAL DO ESTADO DE MINAS GERAIS - OGE,3,3,90,39,10,1,10350,14,422,55,4,101,4101,1,102323.00,102323.00,102323.00,0,OUVIDORIA MÓVEL,CONTROLE SOCIAL ATRAVÉS DA DEFESA DOS USUÁRIOS DE SERVIÇOS PÚBLICOS
2025,1100,OUVIDORIA-GERAL DO ESTADO DE MINAS GERAIS - OGE,3,0,1101,OUVIDORIA-GERAL DO ESTADO DE MINAS GERAIS - OGE,3,3,90,14,10,1,10362,14,422,55,4,109,4109,1,2205.00,2205.00,2205.00,0,FOMENTO À PARTICIPAÇÃO SOCIAL NO ESTADO DE MINAS GERAIS,CONTROLE SOCIAL ATRAVÉS DA DEFESA DOS USUÁRIOS DE SERVIÇOS PÚBLICOS
2025,1100,OUVIDORIA-GERAL DO ESTADO DE MINAS GERAIS - OGE,3,0,1101,OUVIDORIA-GERAL DO ESTADO DE MINAS GERAIS - OGE,3,3,90,30,10,1,10362,14,422,55,4,109,4109,1,1120.00,1120.00,1120.00,0,FOMENTO À PARTICIPAÇÃO SOCIAL NO ESTADO DE MINAS GERAIS,CONTROLE SOCIAL ATRAVÉS DA DEFESA DOS USUÁRIOS DE SERVIÇOS PÚBLICOS
2025,1100,OUVIDORIA-GERAL DO ESTADO DE MINAS GERAIS - OGE,3,0,1101,OUVIDORIA-GERAL DO ESTADO DE MINAS GERAIS - OGE,3,3,90,33,10,1,10362,14,422,55,4,109,4109,1,4449.00,4449.00,4449.00,0,FOMENTO À PARTICIPAÇÃO SOCIAL NO ESTADO DE MINAS GERAIS,CONTROLE SOCIAL ATRAVÉS DA DEFESA DOS USUÁRIOS DE SERVIÇOS PÚBLICOS
2025,1100,OUVIDORIA-GERAL DO ESTADO DE MINAS GERAIS - OGE,3,0,1101,OUVIDORIA-GERAL DO ESTADO DE MINAS GERAIS - OGE,3,3,90,30,10,1,10363,14,422,55,4,110,4110,1,408.00,408.00,408.00,0,"RECEBIMENTO, ANÁLISE E TRATAMENTO DE MANIFESTAÇÕES",CONTROLE SOCIAL ATRAVÉS DA DEFESA DOS USUÁRIOS DE SERVIÇOS PÚBLICOS
2025,1100,OUVIDORIA-GERAL DO ESTADO DE MINAS GERAIS - OGE,3,0,1101,OUVIDORIA-GERAL DO ESTADO DE MINAS GERAIS - OGE,3,3,90,37,10,1,10363,14,422,55,4,110,4110,1,557726.00,557726.00,557726.00,0,"RECEBIMENTO, ANÁLISE E TRATAMENTO DE MANIFESTAÇÕES",CONTROLE SOCIAL ATRAVÉS DA DEFESA DOS USUÁRIOS DE SERVIÇOS PÚBLICOS
2025,1100,OUVIDORIA-GERAL DO ESTADO DE MINAS GERAIS - OGE,3,0,1101,OUVIDORIA-GERAL DO ESTADO DE MINAS GERAIS - OGE,3,3,90,39,10,1,10363,14,422,55,4,110,4110,1,146279.00,146279.00,146279.00,0,"RECEBIMENTO, ANÁLISE E TRATAMENTO DE MANIFESTAÇÕES",CONTROLE SOCIAL ATRAVÉS DA DEFESA DOS USUÁRIOS DE SERVIÇOS PÚBLICOS
2025,1100,OUVIDORIA-GERAL DO ESTADO DE MINAS GERAIS - OGE,3,0,1101,OUVIDORIA-GERAL DO ESTADO DE MINAS GERAIS - OGE,3,3,90,40,10,1,10363,14,422,55,4,110,4110,1,635016.00,635016.00,635016.00,0,"RECEBIMENTO, ANÁLISE E TRATAMENTO DE MANIFESTAÇÕES",CONTROLE SOCIAL ATRAVÉS DA DEFESA DOS USUÁRIOS DE SERVIÇOS PÚBLICOS
2025,1100,OUVIDORIA-GERAL DO ESTADO DE MINAS GERAIS - OGE,3,0,1101,OUVIDORIA-GERAL DO ESTADO DE MINAS GERAIS - OGE,3,3,90,14,10,1,9566,14,422,705,2,500,2500,1,24023.00,24023.00,24023.00,0,ASSESSORAMENTO E GERENCIAMENTO DE POLÍTICAS PÚBLICAS,APOIO ÀS POLÍTICAS PÚBLICAS
2025,1100,OUVIDORIA-GERAL DO ESTADO DE MINAS GERAIS - OGE,3,0,1101,OUVIDORIA-GERAL DO ESTADO DE MINAS GERAIS - OGE,3,3,90,30,10,1,9566,14,422,705,2,500,2500,1,21208.00,21208.00,21208.00,0,ASSESSORAMENTO E GERENCIAMENTO DE POLÍTICAS PÚBLICAS,APOIO ÀS POLÍTICAS PÚBLICAS
2025,1100,OUVIDORIA-GERAL DO ESTADO DE MINAS GERAIS - OGE,3,0,1101,OUVIDORIA-GERAL DO ESTADO DE MINAS GERAIS - OGE,3,3,90,33,10,1,9566,14,422,705,2,500,2500,1,27508.00,27508.00,27508.00,0,ASSESSORAMENTO E GERENCIAMENTO DE POLÍTICAS PÚBLICAS,APOIO ÀS POLÍTICAS PÚBLICAS
2025,1100,OUVIDORIA-GERAL DO ESTADO DE MINAS GERAIS - OGE,3,0,1101,OUVIDORIA-GERAL DO ESTADO DE MINAS GERAIS - OGE,3,3,90,36,10,1,9566,14,422,705,2,500,2500,1,10800.00,10800.00,10800.00,0,ASSESSORAMENTO E GERENCIAMENTO DE POLÍTICAS PÚBLICAS,APOIO ÀS POLÍTICAS PÚBLICAS
2025,1100,OUVIDORIA-GERAL DO ESTADO DE MINAS GERAIS - OGE,3,0,1101,OUVIDORIA-GERAL DO ESTADO DE MINAS GERAIS - OGE,3,3,90,37,10,1,9566,14,422,705,2,500,2500,1,382161.00,382161.00,382161.00,0,ASSESSORAMENTO E GERENCIAMENTO DE POLÍTICAS PÚBLICAS,APOIO ÀS POLÍTICAS PÚBLICAS
2025,1100,OUVIDORIA-GERAL DO ESTADO DE MINAS GERAIS - OGE,3,0,1101,OUVIDORIA-GERAL DO ESTADO DE MINAS GERAIS - OGE,3,3,90,39,10,1,9566,14,422,705,2,500,2500,1,106394.00,106394.00,106394.00,0,ASSESSORAMENTO E GERENCIAMENTO DE POLÍTICAS PÚBLICAS,APOIO ÀS POLÍTICAS PÚBLICAS
2025,1100,OUVIDORIA-GERAL DO ESTADO DE MINAS GERAIS - OGE,3,0,1101,OUVIDORIA-GERAL DO ESTADO DE MINAS GERAIS - OGE,3,3,90,40,10,1,9566,14,422,705,2,500,2500,1,34014.00,34014.00,34014.00,0,ASSESSORAMENTO E GERENCIAMENTO DE POLÍTICAS PÚBLICAS,APOIO ÀS POLÍTICAS PÚBLICAS
2025,1190,SECRETARIA DE ESTADO DE FAZENDA - SEF,3,0,1191,SECRETARIA DE ESTADO DE FAZENDA - SEF,3,3,90,14,10,1,10342,4,122,38,2,16,2016,1,18800.00,18800.00,18800.00,0,MODERNIZAÇÃO DA GESTÃO E INOVAÇÃO DO TESOURO ESTADUAL,TESOURO RESPONSÁVEL E TRANSPARENTE
2025,1190,SECRETARIA DE ESTADO DE FAZENDA - SEF,3,0,1191,SECRETARIA DE ESTADO DE FAZENDA - SEF,3,3,90,33,10,1,10342,4,122,38,2,16,2016,1,21000.00,21000.00,21000.00,0,MODERNIZAÇÃO DA GESTÃO E INOVAÇÃO DO TESOURO ESTADUAL,TESOURO RESPONSÁVEL E TRANSPARENTE
2025,1190,SECRETARIA DE ESTADO DE FAZENDA - SEF,3,0,1191,SECRETARIA DE ESTADO DE FAZENDA - SEF,3,3,90,39,10,1,10342,4,122,38,2,16,2016,1,3000.00,3000.00,3000.00,0,MODERNIZAÇÃO DA GESTÃO E INOVAÇÃO DO TESOURO ESTADUAL,TESOURO RESPONSÁVEL E TRANSPARENTE
2025,1190,SECRETARIA DE ESTADO DE FAZENDA - SEF,3,0,1191,SECRETARIA DE ESTADO DE FAZENDA - SEF,3,3,90,14,10,1,10343,4,122,38,2,19,2019,1,20026.00,20026.00,20026.00,0,GERENCIAMENTO E SUPORTE ÀS ATIVIDADES LIGADAS A CONTADORIA GERAL DO ESTADO DE MINAS GERAIS,TESOURO RESPONSÁVEL E TRANSPARENTE
2025,1190,SECRETARIA DE ESTADO DE FAZENDA - SEF,3,0,1191,SECRETARIA DE ESTADO DE FAZENDA - SEF,3,3,90,33,10,1,10343,4,122,38,2,19,2019,1,49060.00,49060.00,49060.00,0,GERENCIAMENTO E SUPORTE ÀS ATIVIDADES LIGADAS A CONTADORIA GERAL DO ESTADO DE MINAS GERAIS,TESOURO RESPONSÁVEL E TRANSPARENTE
2025,1190,SECRETARIA DE ESTADO DE FAZENDA - SEF,3,0,1191,SECRETARIA DE ESTADO DE FAZENDA - SEF,3,3,90,39,10,1,10343,4,122,38,2,19,2019,1,2160.00,2160.00,2160.00,0,GERENCIAMENTO E SUPORTE ÀS ATIVIDADES LIGADAS A CONTADORIA GERAL DO ESTADO DE MINAS GERAIS,TESOURO RESPONSÁVEL E TRANSPARENTE
2025,1190,SECRETARIA DE ESTADO DE FAZENDA - SEF,3,0,1191,SECRETARIA DE ESTADO DE FAZENDA - SEF,3,3,90,14,10,1,10401,4,122,38,2,32,2032,1,13732.00,13732.00,13732.00,0,"GERENCIAMENTO E SUPORTE ÀS ATIVIDADES LIGADAS À GOVERNANÇA DE ATIVOS, RISCOS FISCAIS E DA DÍVIDA PÚBLICA DO ESTADO DE MINAS GERAIS",TESOURO RESPONSÁVEL E TRANSPARENTE
2025,1190,SECRETARIA DE ESTADO DE FAZENDA - SEF,3,0,1191,SECRETARIA DE ESTADO DE FAZENDA - SEF,3,3,90,33,10,1,10401,4,122,38,2,32,2032,1,28851.00,28851.00,28851.00,0,"GERENCIAMENTO E SUPORTE ÀS ATIVIDADES LIGADAS À GOVERNANÇA DE ATIVOS, RISCOS FISCAIS E DA DÍVIDA PÚBLICA DO ESTADO DE MINAS GERAIS",TESOURO RESPONSÁVEL E TRANSPARENTE
2025,1190,SECRETARIA DE ESTADO DE FAZENDA - SEF,3,0,1191,SECRETARIA DE ESTADO DE FAZENDA - SEF,3,3,90,39,10,1,10401,4,122,38,2,32,2032,1,201.00,201.00,201.00,0,"GERENCIAMENTO E SUPORTE ÀS ATIVIDADES LIGADAS À GOVERNANÇA DE ATIVOS, RISCOS FISCAIS E DA DÍVIDA PÚBLICA DO ESTADO DE MINAS GERAIS",TESOURO RESPONSÁVEL E TRANSPARENTE
2025,1190,SECRETARIA DE ESTADO DE FAZENDA - SEF,3,0,1191,SECRETARIA DE ESTADO DE FAZENDA - SEF,3,1,90,7,15,1,11059,4,122,705,2,417,2417,1,4649381.00,4649381.00,4649381.00,0,REMUNERAÇÃO DE PESSOAL ATIVO E ENCARGOS SOCIAIS,APOIO ÀS POLÍTICAS PÚBLICAS
2025,1190,SECRETARIA DE ESTADO DE FAZENDA - SEF,3,0,1191,SECRETARIA DE ESTADO DE FAZENDA - SEF,3,1,90,11,10,1,11059,4,122,705,2,417,2417,1,153718677.00,153718677.00,153718677.00,0,REMUNERAÇÃO DE PESSOAL ATIVO E ENCARGOS SOCIAIS,APOIO ÀS POLÍTICAS PÚBLICAS
2025,1190,SECRETARIA DE ESTADO DE FAZENDA - SEF,3,0,1191,SECRETARIA DE ESTADO DE FAZENDA - SEF,3,1,90,11,15,1,11059,4,122,705,2,417,2417,1,856448919.00,856448919.00,856448919.00,0,REMUNERAÇÃO DE PESSOAL ATIVO E ENCARGOS SOCIAIS,APOIO ÀS POLÍTICAS PÚBLICAS
2025,1190,SECRETARIA DE ESTADO DE FAZENDA - SEF,3,0,1191,SECRETARIA DE ESTADO DE FAZENDA - SEF,3,1,90,13,15,1,11059,4,122,705,2,417,2417,1,1044130.00,1044130.00,1044130.00,0,REMUNERAÇÃO DE PESSOAL ATIVO E ENCARGOS SOCIAIS,APOIO ÀS POLÍTICAS PÚBLICAS
2025,1190,SECRETARIA DE ESTADO DE FAZENDA - SEF,3,0,1191,SECRETARIA DE ESTADO DE FAZENDA - SEF,3,1,90,16,15,1,11059,4,122,705,2,417,2417,1,16665635.00,16665635.00,16665635.00,0,REMUNERAÇÃO DE PESSOAL ATIVO E ENCARGOS SOCIAIS,APOIO ÀS POLÍTICAS PÚBLICAS
2025,1190,SECRETARIA DE ESTADO DE FAZENDA - SEF,3,0,1191,SECRETARIA DE ESTADO DE FAZENDA - SEF,3,1,90,96,15,1,11059,4,122,705,2,417,2417,1,1913400.00,1913400.00,1913400.00,0,REMUNERAÇÃO DE PESSOAL ATIVO E ENCARGOS SOCIAIS,APOIO ÀS POLÍTICAS PÚBLICAS
2025,1190,SECRETARIA DE ESTADO DE FAZENDA - SEF,3,0,1191,SECRETARIA DE ESTADO DE FAZENDA - SEF,3,1,91,13,15,1,11059,4,122,705,2,417,2417,1,412749249.00,412749249.00,412749249.00,0,REMUNERAÇÃO DE PESSOAL ATIVO E ENCARGOS SOCIAIS,APOIO ÀS POLÍTICAS PÚBLICAS
2025,1190,SECRETARIA DE ESTADO DE FAZENDA - SEF,3,0,1191,SECRETARIA DE ESTADO DE FAZENDA - SEF,3,3,90,36,10,1,11059,4,122,705,2,417,2417,1,320364.00,320364.00,320364.00,0,REMUNERAÇÃO DE PESSOAL ATIVO E ENCARGOS SOCIAIS,APOIO ÀS POLÍTICAS PÚBLICAS
2025,1190,SECRETARIA DE ESTADO DE FAZENDA - SEF,3,0,1191,SECRETARIA DE ESTADO DE FAZENDA - SEF,3,3,90,39,10,1,11059,4,122,705,2,417,2417,1,1800.00,1800.00,1800.00,0,REMUNERAÇÃO DE PESSOAL ATIVO E ENCARGOS SOCIAIS,APOIO ÀS POLÍTICAS PÚBLICAS
2025,1190,SECRETARIA DE ESTADO DE FAZENDA - SEF,3,0,1191,SECRETARIA DE ESTADO DE FAZENDA - SEF,3,3,90,46,10,7,11059,4,122,705,2,417,2417,1,81995401.00,81995401.00,81995401.00,0,REMUNERAÇÃO DE PESSOAL ATIVO E ENCARGOS SOCIAIS,APOIO ÀS POLÍTICAS PÚBLICAS
2025,1190,SECRETARIA DE ESTADO DE FAZENDA - SEF,3,0,1191,SECRETARIA DE ESTADO DE FAZENDA - SEF,3,3,90,49,10,1,11059,4,122,705,2,417,2417,1,88200.00,88200.00,88200.00,0,REMUNERAÇÃO DE PESSOAL ATIVO E ENCARGOS SOCIAIS,APOIO ÀS POLÍTICAS PÚBLICAS
2025,1190,SECRETARIA DE ESTADO DE FAZENDA - SEF,3,0,1191,SECRETARIA DE ESTADO DE FAZENDA - SEF,3,3,90,49,10,7,11059,4,122,705,2,417,2417,1,621431.00,621431.00,621431.00,0,REMUNERAÇÃO DE PESSOAL ATIVO E ENCARGOS SOCIAIS,APOIO ÀS POLÍTICAS PÚBLICAS
2025,1190,SECRETARIA DE ESTADO DE FAZENDA - SEF,3,0,1191,SECRETARIA DE ESTADO DE FAZENDA - SEF,3,3,90,14,10,1,9455,4,122,705,2,500,2500,1,349372.00,349372.00,349372.00,0,ASSESSORAMENTO E GERENCIAMENTO DE POLÍTICAS PÚBLICAS,APOIO ÀS POLÍTICAS PÚBLICAS
2025,1190,SECRETARIA DE ESTADO DE FAZENDA - SEF,3,0,1191,SECRETARIA DE ESTADO DE FAZENDA - SEF,3,3,90,30,10,1,9455,4,122,705,2,500,2500,1,1873781.00,1873781.00,1873781.00,0,ASSESSORAMENTO E GERENCIAMENTO DE POLÍTICAS PÚBLICAS,APOIO ÀS POLÍTICAS PÚBLICAS
2025,1190,SECRETARIA DE ESTADO DE FAZENDA - SEF,3,0,1191,SECRETARIA DE ESTADO DE FAZENDA - SEF,3,3,90,33,10,1,9455,4,122,705,2,500,2500,1,814953.00,814953.00,814953.00,0,ASSESSORAMENTO E GERENCIAMENTO DE POLÍTICAS PÚBLICAS,APOIO ÀS POLÍTICAS PÚBLICAS
2025,1190,SECRETARIA DE ESTADO DE FAZENDA - SEF,3,0,1191,SECRETARIA DE ESTADO DE FAZENDA - SEF,3,3,90,36,10,1,9455,4,122,705,2,500,2500,1,2400.00,2400.00,2400.00,0,ASSESSORAMENTO E GERENCIAMENTO DE POLÍTICAS PÚBLICAS,APOIO ÀS POLÍTICAS PÚBLICAS
2025,1190,SECRETARIA DE ESTADO DE FAZENDA - SEF,3,0,1191,SECRETARIA DE ESTADO DE FAZENDA - SEF,3,3,90,37,10,1,9455,4,122,705,2,500,2500,1,1252652.00,1252652.00,1252652.00,0,ASSESSORAMENTO E GERENCIAMENTO DE POLÍTICAS PÚBLICAS,APOIO ÀS POLÍTICAS PÚBLICAS
2025,1190,SECRETARIA DE ESTADO DE FAZENDA - SEF,3,0,1191,SECRETARIA DE ESTADO DE FAZENDA - SEF,3,3,90,37,29,1,9455,4,122,705,2,500,2500,1,1175289.00,1175289.00,1175289.00,0,ASSESSORAMENTO E GERENCIAMENTO DE POLÍTICAS PÚBLICAS,APOIO ÀS POLÍTICAS PÚBLICAS
2025,1190,SECRETARIA DE ESTADO DE FAZENDA - SEF,3,0,1191,SECRETARIA DE ESTADO DE FAZENDA - SEF,3,3,90,39,9,1,9455,4,122,705,2,500,2500,1,3000.00,3000.00,3000.00,0,ASSESSORAMENTO E GERENCIAMENTO DE POLÍTICAS PÚBLICAS,APOIO ÀS POLÍTICAS PÚBLICAS
2025,1190,SECRETARIA DE ESTADO DE FAZENDA - SEF,3,0,1191,SECRETARIA DE ESTADO DE FAZENDA - SEF,3,3,90,39,10,1,9455,4,122,705,2,500,2500,1,2706598.00,2706598.00,2706598.00,0,ASSESSORAMENTO E GERENCIAMENTO DE POLÍTICAS PÚBLICAS,APOIO ÀS POLÍTICAS PÚBLICAS
2025,1190,SECRETARIA DE ESTADO DE FAZENDA - SEF,3,0,1191,SECRETARIA DE ESTADO DE FAZENDA - SEF,3,3,90,39,29,1,9455,4,122,705,2,500,2500,1,1265.00,1265.00,1265.00,0,ASSESSORAMENTO E GERENCIAMENTO DE POLÍTICAS PÚBLICAS,APOIO ÀS POLÍTICAS PÚBLICAS
2025,1190,SECRETARIA DE ESTADO DE FAZENDA - SEF,3,0,1191,SECRETARIA DE ESTADO DE FAZENDA - SEF,3,3,90,40,10,1,9455,4,122,705,2,500,2500,1,261948.00,261948.00,261948.00,0,ASSESSORAMENTO E GERENCIAMENTO DE POLÍTICAS PÚBLICAS,APOIO ÀS POLÍTICAS PÚBLICAS
2025,1190,SECRETARIA DE ESTADO DE FAZENDA - SEF,3,0,1191,SECRETARIA DE ESTADO DE FAZENDA - SEF,3,3,90,47,10,1,9455,4,122,705,2,500,2500,1,16709.00,16709.00,16709.00,0,ASSESSORAMENTO E GERENCIAMENTO DE POLÍTICAS PÚBLICAS,APOIO ÀS POLÍTICAS PÚBLICAS
2025,1190,SECRETARIA DE ESTADO DE FAZENDA - SEF,3,0,1191,SECRETARIA DE ESTADO DE FAZENDA - SEF,3,3,90,93,10,1,9455,4,122,705,2,500,2500,1,149258.00,149258.00,149258.00,0,ASSESSORAMENTO E GERENCIAMENTO DE POLÍTICAS PÚBLICAS,APOIO ÀS POLÍTICAS PÚBLICAS
2025,1190,SECRETARIA DE ESTADO DE FAZENDA - SEF,3,0,1191,SECRETARIA DE ESTADO DE FAZENDA - SEF,3,3,90,14,10,1,10344,4,123,38,4,95,4095,1,12953.00,12953.00,12953.00,0,CONTROLE E OPERAÇÕES FINANCEIRAS DOS RECURSOS ESTADUAIS.,TESOURO RESPONSÁVEL E TRANSPARENTE
2025,1190,SECRETARIA DE ESTADO DE FAZENDA - SEF,3,0,1191,SECRETARIA DE ESTADO DE FAZENDA - SEF,3,3,90,33,10,1,10344,4,123,38,4,95,4095,1,14609.00,14609.00,14609.00,0,CONTROLE E OPERAÇÕES FINANCEIRAS DOS RECURSOS ESTADUAIS.,TESOURO RESPONSÁVEL E TRANSPARENTE
2025,1190,SECRETARIA DE ESTADO DE FAZENDA - SEF,3,0,1191,SECRETARIA DE ESTADO DE FAZENDA - SEF,3,3,90,39,10,1,10344,4,123,38,4,95,4095,1,29100150.00,29100150.00,29100150.00,0,CONTROLE E OPERAÇÕES FINANCEIRAS DOS RECURSOS ESTADUAIS.,TESOURO RESPONSÁVEL E TRANSPARENTE
2025,1190,SECRETARIA DE ESTADO DE FAZENDA - SEF,3,0,1191,SECRETARIA DE ESTADO DE FAZENDA - SEF,3,3,90,39,27,1,10344,4,123,38,4,95,4095,1,20000000.00,20000000.00,20000000.00,0,CONTROLE E OPERAÇÕES FINANCEIRAS DOS RECURSOS ESTADUAIS.,TESOURO RESPONSÁVEL E TRANSPARENTE
2025,1190,SECRETARIA DE ESTADO DE FAZENDA - SEF,3,0,1191,SECRETARIA DE ESTADO DE FAZENDA - SEF,3,3,90,39,83,2,10344,4,123,38,4,95,4095,1,900000.00,900000.00,900000.00,0,CONTROLE E OPERAÇÕES FINANCEIRAS DOS RECURSOS ESTADUAIS.,TESOURO RESPONSÁVEL E TRANSPARENTE
2025,1190,SECRETARIA DE ESTADO DE FAZENDA - SEF,3,0,1191,SECRETARIA DE ESTADO DE FAZENDA - SEF,3,3,90,40,10,1,10344,4,123,38,4,95,4095,1,200000.00,200000.00,200000.00,0,CONTROLE E OPERAÇÕES FINANCEIRAS DOS RECURSOS ESTADUAIS.,TESOURO RESPONSÁVEL E TRANSPARENTE
2025,1190,SECRETARIA DE ESTADO DE FAZENDA - SEF,3,0,1191,SECRETARIA DE ESTADO DE FAZENDA - SEF,3,3,90,14,10,1,10345,4,123,38,4,96,4096,1,12953.00,12953.00,12953.00,0,GESTÃO ESTRATÉGICA E PLANEJAMENTO FINANCEIRO,TESOURO RESPONSÁVEL E TRANSPARENTE
2025,1190,SECRETARIA DE ESTADO DE FAZENDA - SEF,3,0,1191,SECRETARIA DE ESTADO DE FAZENDA - SEF,3,3,90,33,10,1,10345,4,123,38,4,96,4096,1,14609.00,14609.00,14609.00,0,GESTÃO ESTRATÉGICA E PLANEJAMENTO FINANCEIRO,TESOURO RESPONSÁVEL E TRANSPARENTE
2025,1190,SECRETARIA DE ESTADO DE FAZENDA - SEF,3,0,1191,SECRETARIA DE ESTADO DE FAZENDA - SEF,3,3,90,14,10,1,10346,4,123,38,4,97,4097,1,2861.00,2861.00,2861.00,0,CONTADORIA TRANSPARENTE,TESOURO RESPONSÁVEL E TRANSPARENTE
2025,1190,SECRETARIA DE ESTADO DE FAZENDA - SEF,3,0,1191,SECRETARIA DE ESTADO DE FAZENDA - SEF,3,3,90,33,10,1,10346,4,123,38,4,97,4097,1,5965.00,5965.00,5965.00,0,CONTADORIA TRANSPARENTE,TESOURO RESPONSÁVEL E TRANSPARENTE
2025,1190,SECRETARIA DE ESTADO DE FAZENDA - SEF,3,0,1191,SECRETARIA DE ESTADO DE FAZENDA - SEF,3,3,90,37,10,1,10347,4,123,38,4,98,4098,1,1726769.00,1726769.00,1726769.00,0,CONTADORIA LEGAL,TESOURO RESPONSÁVEL E TRANSPARENTE
2025,1190,SECRETARIA DE ESTADO DE FAZENDA - SEF,3,0,1191,SECRETARIA DE ESTADO DE FAZENDA - SEF,3,3,90,40,10,1,10352,4,123,38,4,103,4103,1,19487140.00,19487140.00,19487140.00,0,"GOVERNANÇA DO SISTEMA INTEGRADO UTILIZADO PARA A EXECUÇÃO ORÇAMENTÁRIA, FINANCEIRA, PATRIMONIAL E CONTÁBIL",TESOURO RESPONSÁVEL E TRANSPARENTE
2025,1190,SECRETARIA DE ESTADO DE FAZENDA - SEF,3,0,1191,SECRETARIA DE ESTADO DE FAZENDA - SEF,4,4,90,40,10,1,10352,4,123,38,4,103,4103,1,20000000.00,20000000.00,20000000.00,0,"GOVERNANÇA DO SISTEMA INTEGRADO UTILIZADO PARA A EXECUÇÃO ORÇAMENTÁRIA, FINANCEIRA, PATRIMONIAL E CONTÁBIL",TESOURO RESPONSÁVEL E TRANSPARENTE
2025,1190,SECRETARIA DE ESTADO DE FAZENDA - SEF,3,0,1191,SECRETARIA DE ESTADO DE FAZENDA - SEF,3,3,90,39,10,1,10355,4,123,38,4,105,4105,1,3562018.00,3562018.00,3562018.00,0,GESTÃO DE ATIVOS E HAVERES,TESOURO RESPONSÁVEL E TRANSPARENTE
2025,1190,SECRETARIA DE ESTADO DE FAZENDA - SEF,3,0,1191,SECRETARIA DE ESTADO DE FAZENDA - SEF,3,3,90,14,10,1,10356,4,123,38,4,106,4106,1,13732.00,13732.00,13732.00,0,ENDIVIDAMENTO SUSTENTÁVEL,TESOURO RESPONSÁVEL E TRANSPARENTE
2025,1190,SECRETARIA DE ESTADO DE FAZENDA - SEF,3,0,1191,SECRETARIA DE ESTADO DE FAZENDA - SEF,3,3,90,33,10,1,10356,4,123,38,4,106,4106,1,28851.00,28851.00,28851.00,0,ENDIVIDAMENTO SUSTENTÁVEL,TESOURO RESPONSÁVEL E TRANSPARENTE
2025,1190,SECRETARIA DE ESTADO DE FAZENDA - SEF,3,0,1191,SECRETARIA DE ESTADO DE FAZENDA - SEF,3,3,90,39,10,1,10356,4,123,38,4,106,4106,1,201.00,201.00,201.00,0,ENDIVIDAMENTO SUSTENTÁVEL,TESOURO RESPONSÁVEL E TRANSPARENTE
2025,1190,SECRETARIA DE ESTADO DE FAZENDA - SEF,3,0,1191,SECRETARIA DE ESTADO DE FAZENDA - SEF,3,3,90,14,10,1,10357,4,123,38,4,107,4107,1,13732.00,13732.00,13732.00,0,GERENCIAMENTO DE RISCOS FISCAIS,TESOURO RESPONSÁVEL E TRANSPARENTE
2025,1190,SECRETARIA DE ESTADO DE FAZENDA - SEF,3,0,1191,SECRETARIA DE ESTADO DE FAZENDA - SEF,3,3,90,33,10,1,10357,4,123,38,4,107,4107,1,28851.00,28851.00,28851.00,0,GERENCIAMENTO DE RISCOS FISCAIS,TESOURO RESPONSÁVEL E TRANSPARENTE
2025,1190,SECRETARIA DE ESTADO DE FAZENDA - SEF,3,0,1191,SECRETARIA DE ESTADO DE FAZENDA - SEF,3,3,90,39,10,1,10357,4,123,38,4,107,4107,1,201.00,201.00,201.00,0,GERENCIAMENTO DE RISCOS FISCAIS,TESOURO RESPONSÁVEL E TRANSPARENTE
2025,1190,SECRETARIA DE ESTADO DE FAZENDA - SEF,3,0,1191,SECRETARIA DE ESTADO DE FAZENDA - SEF,3,3,90,40,10,1,10284,4,126,33,1,2,1002,1,5732488.00,5732488.00,5732488.00,1,DIVISA TRIBUTÁRIA SEGURA,GESTÃO DA INFORMAÇÃO COM USO DE TECNOLOGIA E COMUNICAÇÃO
2025,1190,SECRETARIA DE ESTADO DE FAZENDA - SEF,3,0,1191,SECRETARIA DE ESTADO DE FAZENDA - SEF,3,3,90,40,10,1,10285,4,126,33,2,4,2004,1,7888800.00,7888800.00,7888800.00,0,MODERNIZAÇÃO DE SISTEMAS FAZENDÁRIOS LEGADOS,GESTÃO DA INFORMAÇÃO COM USO DE TECNOLOGIA E COMUNICAÇÃO
2025,1190,SECRETARIA DE ESTADO DE FAZENDA - SEF,3,0,1191,SECRETARIA DE ESTADO DE FAZENDA - SEF,4,4,90,40,74,1,10288,4,126,33,2,5,2005,1,21000000.00,21000000.00,21000000.00,0,TRANSFORMAÇÃO DIGITAL,GESTÃO DA INFORMAÇÃO COM USO DE TECNOLOGIA E COMUNICAÇÃO
2025,1190,SECRETARIA DE ESTADO DE FAZENDA - SEF,3,0,1191,SECRETARIA DE ESTADO DE FAZENDA - SEF,3,3,90,30,10,1,10289,4,126,33,2,6,2006,1,100000.00,100000.00,100000.00,0,"PROPOSIÇÃO, AMPLIAÇÃO E SUSTENTAÇÃO DE SOLUÇÕES E ATENDIMENTO AOS USUÁRIOS DE TIC",GESTÃO DA INFORMAÇÃO COM USO DE TECNOLOGIA E COMUNICAÇÃO
2025,1190,SECRETARIA DE ESTADO DE FAZENDA - SEF,3,0,1191,SECRETARIA DE ESTADO DE FAZENDA - SEF,3,3,90,33,10,1,10289,4,126,33,2,6,2006,1,73042.00,73042.00,73042.00,0,"PROPOSIÇÃO, AMPLIAÇÃO E SUSTENTAÇÃO DE SOLUÇÕES E ATENDIMENTO AOS USUÁRIOS DE TIC",GESTÃO DA INFORMAÇÃO COM USO DE TECNOLOGIA E COMUNICAÇÃO
2025,1190,SECRETARIA DE ESTADO DE FAZENDA - SEF,3,0,1191,SECRETARIA DE ESTADO DE FAZENDA - SEF,3,3,90,39,10,1,10289,4,126,33,2,6,2006,1,647364.00,647364.00,647364.00,0,"PROPOSIÇÃO, AMPLIAÇÃO E SUSTENTAÇÃO DE SOLUÇÕES E ATENDIMENTO AOS USUÁRIOS DE TIC",GESTÃO DA INFORMAÇÃO COM USO DE TECNOLOGIA E COMUNICAÇÃO
2025,1190,SECRETARIA DE ESTADO DE FAZENDA - SEF,3,0,1191,SECRETARIA DE ESTADO DE FAZENDA - SEF,3,3,90,39,29,1,10289,4,126,33,2,6,2006,1,10108.00,10108.00,10108.00,0,"PROPOSIÇÃO, AMPLIAÇÃO E SUSTENTAÇÃO DE SOLUÇÕES E ATENDIMENTO AOS USUÁRIOS DE TIC",GESTÃO DA INFORMAÇÃO COM USO DE TECNOLOGIA E COMUNICAÇÃO
2025,1190,SECRETARIA DE ESTADO DE FAZENDA - SEF,3,0,1191,SECRETARIA DE ESTADO DE FAZENDA - SEF,3,3,90,40,10,1,10289,4,126,33,2,6,2006,1,80957043.00,84569736.00,84569736.00,0,"PROPOSIÇÃO, AMPLIAÇÃO E SUSTENTAÇÃO DE SOLUÇÕES E ATENDIMENTO AOS USUÁRIOS DE TIC",GESTÃO DA INFORMAÇÃO COM USO DE TECNOLOGIA E COMUNICAÇÃO
2025,1190,SECRETARIA DE ESTADO DE FAZENDA - SEF,3,0,1191,SECRETARIA DE ESTADO DE FAZENDA - SEF,3,3,90,40,29,1,10289,4,126,33,2,6,2006,1,10170951.00,6558258.00,6558258.00,0,"PROPOSIÇÃO, AMPLIAÇÃO E SUSTENTAÇÃO DE SOLUÇÕES E ATENDIMENTO AOS USUÁRIOS DE TIC",GESTÃO DA INFORMAÇÃO COM USO DE TECNOLOGIA E COMUNICAÇÃO
2025,1190,SECRETARIA DE ESTADO DE FAZENDA - SEF,3,0,1191,SECRETARIA DE ESTADO DE FAZENDA - SEF,3,3,90,93,10,1,10289,4,126,33,2,6,2006,1,807.00,807.00,807.00,0,"PROPOSIÇÃO, AMPLIAÇÃO E SUSTENTAÇÃO DE SOLUÇÕES E ATENDIMENTO AOS USUÁRIOS DE TIC",GESTÃO DA INFORMAÇÃO COM USO DE TECNOLOGIA E COMUNICAÇÃO
2025,1190,SECRETARIA DE ESTADO DE FAZENDA - SEF,3,0,1191,SECRETARIA DE ESTADO DE FAZENDA - SEF,3,3,90,30,10,1,10290,4,126,33,2,7,2007,1,450082.00,450082.00,450082.00,0,SUSTENTAÇÃO DO DATA CENTER,GESTÃO DA INFORMAÇÃO COM USO DE TECNOLOGIA E COMUNICAÇÃO
2025,1190,SECRETARIA DE ESTADO DE FAZENDA - SEF,3,0,1191,SECRETARIA DE ESTADO DE FAZENDA - SEF,3,3,90,37,10,1,10290,4,126,33,2,7,2007,1,388523.00,388523.00,388523.00,0,SUSTENTAÇÃO DO DATA CENTER,GESTÃO DA INFORMAÇÃO COM USO DE TECNOLOGIA E COMUNICAÇÃO
2025,1190,SECRETARIA DE ESTADO DE FAZENDA - SEF,3,0,1191,SECRETARIA DE ESTADO DE FAZENDA - SEF,3,3,90,39,10,1,10290,4,126,33,2,7,2007,1,19433590.00,19433590.00,19433590.00,0,SUSTENTAÇÃO DO DATA CENTER,GESTÃO DA INFORMAÇÃO COM USO DE TECNOLOGIA E COMUNICAÇÃO
2025,1190,SECRETARIA DE ESTADO DE FAZENDA - SEF,3,0,1191,SECRETARIA DE ESTADO DE FAZENDA - SEF,3,3,90,40,10,1,10290,4,126,33,2,7,2007,1,54297606.00,54297606.00,54297606.00,0,SUSTENTAÇÃO DO DATA CENTER,GESTÃO DA INFORMAÇÃO COM USO DE TECNOLOGIA E COMUNICAÇÃO
2025,1190,SECRETARIA DE ESTADO DE FAZENDA - SEF,3,0,1191,SECRETARIA DE ESTADO DE FAZENDA - SEF,3,3,90,40,29,1,10290,4,126,33,2,7,2007,1,8773780.00,8773780.00,8773780.00,0,SUSTENTAÇÃO DO DATA CENTER,GESTÃO DA INFORMAÇÃO COM USO DE TECNOLOGIA E COMUNICAÇÃO
2025,1190,SECRETARIA DE ESTADO DE FAZENDA - SEF,3,0,1191,SECRETARIA DE ESTADO DE FAZENDA - SEF,3,3,90,39,10,1,10339,4,129,45,1,15,1015,1,1000.00,1000.00,1000.00,0,REVITALIZAÇÃO DAS UNIDADES FAZENDÁRIAS,"RECEITA ESTADUAL DIGITAL, EFICIENTE, MODERNIZADA E MAIS JUSTA"
2025,1190,SECRETARIA DE ESTADO DE FAZENDA - SEF,3,0,1191,SECRETARIA DE ESTADO DE FAZENDA - SEF,3,3,90,14,10,1,10320,4,129,45,4,79,4079,1,6866.00,6866.00,6866.00,0,GESTÃO EFICENTE E TRANSPARÊNCIA DO CONTENCIOSO ADMINISTRATIVO TRIBUTÁRIO,"RECEITA ESTADUAL DIGITAL, EFICIENTE, MODERNIZADA E MAIS JUSTA"
2025,1190,SECRETARIA DE ESTADO DE FAZENDA - SEF,3,0,1191,SECRETARIA DE ESTADO DE FAZENDA - SEF,3,3,90,33,10,1,10320,4,129,45,4,79,4079,1,24104.00,24104.00,24104.00,0,GESTÃO EFICENTE E TRANSPARÊNCIA DO CONTENCIOSO ADMINISTRATIVO TRIBUTÁRIO,"RECEITA ESTADUAL DIGITAL, EFICIENTE, MODERNIZADA E MAIS JUSTA"
2025,1190,SECRETARIA DE ESTADO DE FAZENDA - SEF,3,0,1191,SECRETARIA DE ESTADO DE FAZENDA - SEF,3,3,90,37,10,1,10320,4,129,45,4,79,4079,1,1080841.00,1080841.00,1080841.00,0,GESTÃO EFICENTE E TRANSPARÊNCIA DO CONTENCIOSO ADMINISTRATIVO TRIBUTÁRIO,"RECEITA ESTADUAL DIGITAL, EFICIENTE, MODERNIZADA E MAIS JUSTA"
2025,1190,SECRETARIA DE ESTADO DE FAZENDA - SEF,3,0,1191,SECRETARIA DE ESTADO DE FAZENDA - SEF,3,3,90,39,10,1,10320,4,129,45,4,79,4079,1,210661.00,210661.00,210661.00,0,GESTÃO EFICENTE E TRANSPARÊNCIA DO CONTENCIOSO ADMINISTRATIVO TRIBUTÁRIO,"RECEITA ESTADUAL DIGITAL, EFICIENTE, MODERNIZADA E MAIS JUSTA"
2025,1190,SECRETARIA DE ESTADO DE FAZENDA - SEF,3,0,1191,SECRETARIA DE ESTADO DE FAZENDA - SEF,3,3,90,40,10,1,10320,4,129,45,4,79,4079,1,164808.00,164808.00,164808.00,0,GESTÃO EFICENTE E TRANSPARÊNCIA DO CONTENCIOSO ADMINISTRATIVO TRIBUTÁRIO,"RECEITA ESTADUAL DIGITAL, EFICIENTE, MODERNIZADA E MAIS JUSTA"
2025,1190,SECRETARIA DE ESTADO DE FAZENDA - SEF,3,0,1191,SECRETARIA DE ESTADO DE FAZENDA - SEF,3,3,90,47,10,1,10320,4,129,45,4,79,4079,1,1300.00,1300.00,1300.00,0,GESTÃO EFICENTE E TRANSPARÊNCIA DO CONTENCIOSO ADMINISTRATIVO TRIBUTÁRIO,"RECEITA ESTADUAL DIGITAL, EFICIENTE, MODERNIZADA E MAIS JUSTA"
2025,1190,SECRETARIA DE ESTADO DE FAZENDA - SEF,3,0,1191,SECRETARIA DE ESTADO DE FAZENDA - SEF,3,3,90,39,10,1,10322,4,129,45,4,81,4081,1,12000000.00,12000000.00,12000000.00,0,RECEITA ESTADUAL MAIS JUSTA,"RECEITA ESTADUAL DIGITAL, EFICIENTE, MODERNIZADA E MAIS JUSTA"
2025,1190,SECRETARIA DE ESTADO DE FAZENDA - SEF,3,0,1191,SECRETARIA DE ESTADO DE FAZENDA - SEF,3,3,90,14,10,1,10323,4,129,45,4,82,4082,1,182605.00,182605.00,182605.00,0,RECEITA ESTADUAL EFICIENTE,"RECEITA ESTADUAL DIGITAL, EFICIENTE, MODERNIZADA E MAIS JUSTA"
2025,1190,SECRETARIA DE ESTADO DE FAZENDA - SEF,3,0,1191,SECRETARIA DE ESTADO DE FAZENDA - SEF,3,3,90,30,10,1,10323,4,129,45,4,82,4082,1,72880.00,72880.00,72880.00,0,RECEITA ESTADUAL EFICIENTE,"RECEITA ESTADUAL DIGITAL, EFICIENTE, MODERNIZADA E MAIS JUSTA"
2025,1190,SECRETARIA DE ESTADO DE FAZENDA - SEF,3,0,1191,SECRETARIA DE ESTADO DE FAZENDA - SEF,3,3,90,30,29,1,10323,4,129,45,4,82,4082,1,25000.00,25000.00,25000.00,0,RECEITA ESTADUAL EFICIENTE,"RECEITA ESTADUAL DIGITAL, EFICIENTE, MODERNIZADA E MAIS JUSTA"
2025,1190,SECRETARIA DE ESTADO DE FAZENDA - SEF,3,0,1191,SECRETARIA DE ESTADO DE FAZENDA - SEF,3,3,90,33,10,1,10323,4,129,45,4,82,4082,1,264778.00,264778.00,264778.00,0,RECEITA ESTADUAL EFICIENTE,"RECEITA ESTADUAL DIGITAL, EFICIENTE, MODERNIZADA E MAIS JUSTA"
2025,1190,SECRETARIA DE ESTADO DE FAZENDA - SEF,3,0,1191,SECRETARIA DE ESTADO DE FAZENDA - SEF,3,3,90,36,10,1,10323,4,129,45,4,82,4082,1,1969278.00,1969278.00,1969278.00,0,RECEITA ESTADUAL EFICIENTE,"RECEITA ESTADUAL DIGITAL, EFICIENTE, MODERNIZADA E MAIS JUSTA"
2025,1190,SECRETARIA DE ESTADO DE FAZENDA - SEF,3,0,1191,SECRETARIA DE ESTADO DE FAZENDA - SEF,3,3,90,37,10,1,10323,4,129,45,4,82,4082,1,6686084.00,6686084.00,6686084.00,0,RECEITA ESTADUAL EFICIENTE,"RECEITA ESTADUAL DIGITAL, EFICIENTE, MODERNIZADA E MAIS JUSTA"
2025,1190,SECRETARIA DE ESTADO DE FAZENDA - SEF,3,0,1191,SECRETARIA DE ESTADO DE FAZENDA - SEF,3,3,90,37,29,1,10323,4,129,45,4,82,4082,1,8200000.00,8200000.00,8200000.00,0,RECEITA ESTADUAL EFICIENTE,"RECEITA ESTADUAL DIGITAL, EFICIENTE, MODERNIZADA E MAIS JUSTA"
2025,1190,SECRETARIA DE ESTADO DE FAZENDA - SEF,3,0,1191,SECRETARIA DE ESTADO DE FAZENDA - SEF,3,3,90,39,10,1,10323,4,129,45,4,82,4082,1,11333812.00,11333812.00,11333812.00,0,RECEITA ESTADUAL EFICIENTE,"RECEITA ESTADUAL DIGITAL, EFICIENTE, MODERNIZADA E MAIS JUSTA"
2025,1190,SECRETARIA DE ESTADO DE FAZENDA - SEF,3,0,1191,SECRETARIA DE ESTADO DE FAZENDA - SEF,3,3,90,39,29,1,10323,4,129,45,4,82,4082,1,1575000.00,1575000.00,1575000.00,0,RECEITA ESTADUAL EFICIENTE,"RECEITA ESTADUAL DIGITAL, EFICIENTE, MODERNIZADA E MAIS JUSTA"
2025,1190,SECRETARIA DE ESTADO DE FAZENDA - SEF,3,0,1191,SECRETARIA DE ESTADO DE FAZENDA - SEF,3,3,90,40,10,1,10323,4,129,45,4,82,4082,1,415000.00,415000.00,415000.00,0,RECEITA ESTADUAL EFICIENTE,"RECEITA ESTADUAL DIGITAL, EFICIENTE, MODERNIZADA E MAIS JUSTA"
2025,1190,SECRETARIA DE ESTADO DE FAZENDA - SEF,3,0,1191,SECRETARIA DE ESTADO DE FAZENDA - SEF,3,3,90,47,10,1,10323,4,129,45,4,82,4082,1,170000.00,170000.00,170000.00,0,RECEITA ESTADUAL EFICIENTE,"RECEITA ESTADUAL DIGITAL, EFICIENTE, MODERNIZADA E MAIS JUSTA"
2025,1190,SECRETARIA DE ESTADO DE FAZENDA - SEF,3,0,1191,SECRETARIA DE ESTADO DE FAZENDA - SEF,3,3,90,49,10,1,10323,4,129,45,4,82,4082,1,40000.00,40000.00,40000.00,0,RECEITA ESTADUAL EFICIENTE,"RECEITA ESTADUAL DIGITAL, EFICIENTE, MODERNIZADA E MAIS JUSTA"
2025,1190,SECRETARIA DE ESTADO DE FAZENDA - SEF,3,0,1191,SECRETARIA DE ESTADO DE FAZENDA - SEF,3,3,90,93,10,1,10323,4,129,45,4,82,4082,1,520000.00,520000.00,520000.00,0,RECEITA ESTADUAL EFICIENTE,"RECEITA ESTADUAL DIGITAL, EFICIENTE, MODERNIZADA E MAIS JUSTA"
2025,1190,SECRETARIA DE ESTADO DE FAZENDA - SEF,3,0,1191,SECRETARIA DE ESTADO DE FAZENDA - SEF,3,3,90,14,10,1,10324,4,129,45,4,83,4083,1,56607.00,56607.00,56607.00,0,RECEITA ESTADUAL DIGITAL,"RECEITA ESTADUAL DIGITAL, EFICIENTE, MODERNIZADA E MAIS JUSTA"
2025,1190,SECRETARIA DE ESTADO DE FAZENDA - SEF,3,0,1191,SECRETARIA DE ESTADO DE FAZENDA - SEF,3,3,90,33,10,1,10324,4,129,45,4,83,4083,1,199039.00,199039.00,199039.00,0,RECEITA ESTADUAL DIGITAL,"RECEITA ESTADUAL DIGITAL, EFICIENTE, MODERNIZADA E MAIS JUSTA"
2025,1190,SECRETARIA DE ESTADO DE FAZENDA - SEF,3,0,1191,SECRETARIA DE ESTADO DE FAZENDA - SEF,3,3,90,35,10,1,10324,4,129,45,4,83,4083,1,565000.00,565000.00,565000.00,0,RECEITA ESTADUAL DIGITAL,"RECEITA ESTADUAL DIGITAL, EFICIENTE, MODERNIZADA E MAIS JUSTA"
2025,1190,SECRETARIA DE ESTADO DE FAZENDA - SEF,3,0,1191,SECRETARIA DE ESTADO DE FAZENDA - SEF,3,3,90,37,10,1,10324,4,129,45,4,83,4083,1,840000.00,840000.00,840000.00,0,RECEITA ESTADUAL DIGITAL,"RECEITA ESTADUAL DIGITAL, EFICIENTE, MODERNIZADA E MAIS JUSTA"
2025,1190,SECRETARIA DE ESTADO DE FAZENDA - SEF,3,0,1191,SECRETARIA DE ESTADO DE FAZENDA - SEF,3,3,90,39,10,1,10324,4,129,45,4,83,4083,1,3201917.00,3201917.00,3201917.00,0,RECEITA ESTADUAL DIGITAL,"RECEITA ESTADUAL DIGITAL, EFICIENTE, MODERNIZADA E MAIS JUSTA"
2025,1190,SECRETARIA DE ESTADO DE FAZENDA - SEF,3,0,1191,SECRETARIA DE ESTADO DE FAZENDA - SEF,3,3,90,39,29,1,10324,4,129,45,4,83,4083,1,135000.00,135000.00,135000.00,0,RECEITA ESTADUAL DIGITAL,"RECEITA ESTADUAL DIGITAL, EFICIENTE, MODERNIZADA E MAIS JUSTA"
2025,1190,SECRETARIA DE ESTADO DE FAZENDA - SEF,3,0,1191,SECRETARIA DE ESTADO DE FAZENDA - SEF,3,3,90,40,10,1,10324,4,129,45,4,83,4083,1,70000.00,70000.00,70000.00,0,RECEITA ESTADUAL DIGITAL,"RECEITA ESTADUAL DIGITAL, EFICIENTE, MODERNIZADA E MAIS JUSTA"
2025,1190,SECRETARIA DE ESTADO DE FAZENDA - SEF,3,0,1191,SECRETARIA DE ESTADO DE FAZENDA - SEF,3,3,90,40,29,1,10324,4,129,45,4,83,4083,1,400000.00,400000.00,400000.00,0,RECEITA ESTADUAL DIGITAL,"RECEITA ESTADUAL DIGITAL, EFICIENTE, MODERNIZADA E MAIS JUSTA"
2025,1190,SECRETARIA DE ESTADO DE FAZENDA - SEF,3,0,1191,SECRETARIA DE ESTADO DE FAZENDA - SEF,3,3,90,47,10,1,10324,4,129,45,4,83,4083,1,15000.00,15000.00,15000.00,0,RECEITA ESTADUAL DIGITAL,"RECEITA ESTADUAL DIGITAL, EFICIENTE, MODERNIZADA E MAIS JUSTA"
2025,1190,SECRETARIA DE ESTADO DE FAZENDA - SEF,3,0,1191,SECRETARIA DE ESTADO DE FAZENDA - SEF,3,3,90,93,10,1,10324,4,129,45,4,83,4083,1,440000.00,440000.00,440000.00,0,RECEITA ESTADUAL DIGITAL,"RECEITA ESTADUAL DIGITAL, EFICIENTE, MODERNIZADA E MAIS JUSTA"
2025,1190,SECRETARIA DE ESTADO DE FAZENDA - SEF,3,0,1191,SECRETARIA DE ESTADO DE FAZENDA - SEF,4,4,90,52,74,1,10325,4,129,45,4,85,4085,1,737252.00,737252.00,737252.00,0,RECEITA ESTADUAL MODERNIZADA,"RECEITA ESTADUAL DIGITAL, EFICIENTE, MODERNIZADA E MAIS JUSTA"
2025,1190,SECRETARIA DE ESTADO DE FAZENDA - SEF,3,0,4621,FUNDO DE INVESTIMENTO DO ESTADO DE MINAS GERAIS - MG INVESTE,4,5,90,66,60,1,10794,22,661,20,4,444,4444,1,2000.00,2000.00,2000.00,0,MG INVESTE,FOMENTO E INCENTIVO DE INVESTIMENTOS
2025,1190,SECRETARIA DE ESTADO DE FAZENDA - SEF,3,0,4651,FUNDO ESPECIAL DE CRÉDITOS INADIMPLIDOS E DÍVIDA ATIVA - FECIDAT,3,3,90,39,10,1,10918,4,129,20,4,502,4502,1,1000.00,1000.00,1000.00,0,GESTÃO DO FUNDO ESPECIAL DE CRÉDITOS INADIMPLIDOS E DA DÍVIDA ATIVA - FECIDAT,FOMENTO E INCENTIVO DE INVESTIMENTOS
2025,1190,SECRETARIA DE ESTADO DE FAZENDA - SEF,3,0,4651,FUNDO ESPECIAL DE CRÉDITOS INADIMPLIDOS E DÍVIDA ATIVA - FECIDAT,3,3,90,41,10,1,8880,28,846,705,7,38,7038,1,1000.00,1000.00,1000.00,0,APORTE FINANCEIRO PARA COBERTURA DA NECESSIDADE DE FINANCIAMENTO DA PREVIDÊNCIA DOS SERVIDORES DO ESTADO,APOIO ÀS POLÍTICAS PÚBLICAS
2025,1190,SECRETARIA DE ESTADO DE FAZENDA - SEF,3,0,4721,FUNDO ESTADUAL DE PREVIDÊNCIA DO ESTADO DE MINAS GERAIS - FEPREMG,3,3,90,97,10,1,10022,28,846,705,7,1,7001,1,1000.00,1000.00,1000.00,0,COBERTURA DO DÉFICIT DO REGIME PRÓPRIO DE PREVIDÊNCIA SOCIAL - RPPS,APOIO ÀS POLÍTICAS PÚBLICAS
2025,1220,SECRETARIA DE ESTADO DE DESENVOLVIMENTO ECONÔMICO - SEDE,3,0,1221,SECRETARIA DE ESTADO DE DESENVOLVIMENTO ECONÔMICO - SEDE,3,3,90,39,10,1,10905,4,122,133,1,90,1090,1,1000.00,1000.00,1000.00,0,IMPLEMENTAÇÃO DA POLÍTICA DE DESESTATIZAÇÃO,MINAS GERAÇÃO DE VALOR
2025,1220,SECRETARIA DE ESTADO DE DESENVOLVIMENTO ECONÔMICO - SEDE,3,0,1221,SECRETARIA DE ESTADO DE DESENVOLVIMENTO ECONÔMICO - SEDE,3,3,90,14,10,1,10861,4,123,125,4,482,4482,1,51161.00,51161.00,51161.00,0,GESTÃO DE ATIVOS IMOBILIÁRIOS ALIENÁVEIS - SEDE,POLÍTICA DE REGULARIZAÇÃO FUNDIÁRIA E DE GESTÃO DE IMÓVEIS
2025,1220,SECRETARIA DE ESTADO DE DESENVOLVIMENTO ECONÔMICO - SEDE,3,0,1221,SECRETARIA DE ESTADO DE DESENVOLVIMENTO ECONÔMICO - SEDE,3,3,90,33,10,1,10861,4,123,125,4,482,4482,1,35766.00,35766.00,35766.00,0,GESTÃO DE ATIVOS IMOBILIÁRIOS ALIENÁVEIS - SEDE,POLÍTICA DE REGULARIZAÇÃO FUNDIÁRIA E DE GESTÃO DE IMÓVEIS
2025,1220,SECRETARIA DE ESTADO DE DESENVOLVIMENTO ECONÔMICO - SEDE,3,0,1221,SECRETARIA DE ESTADO DE DESENVOLVIMENTO ECONÔMICO - SEDE,3,3,90,37,10,1,10861,4,123,125,4,482,4482,1,1908376.00,1908376.00,1908376.00,0,GESTÃO DE ATIVOS IMOBILIÁRIOS ALIENÁVEIS - SEDE,POLÍTICA DE REGULARIZAÇÃO FUNDIÁRIA E DE GESTÃO DE IMÓVEIS
2025,1220,SECRETARIA DE ESTADO DE DESENVOLVIMENTO ECONÔMICO - SEDE,3,0,1221,SECRETARIA DE ESTADO DE DESENVOLVIMENTO ECONÔMICO - SEDE,3,3,90,39,10,1,10861,4,123,125,4,482,4482,1,2749036.00,2749036.00,2749036.00,0,GESTÃO DE ATIVOS IMOBILIÁRIOS ALIENÁVEIS - SEDE,POLÍTICA DE REGULARIZAÇÃO FUNDIÁRIA E DE GESTÃO DE IMÓVEIS
2025,1220,SECRETARIA DE ESTADO DE DESENVOLVIMENTO ECONÔMICO - SEDE,3,0,1221,SECRETARIA DE ESTADO DE DESENVOLVIMENTO ECONÔMICO - SEDE,3,3,90,47,10,1,10861,4,123,125,4,482,4482,1,50100.00,50100.00,50100.00,0,GESTÃO DE ATIVOS IMOBILIÁRIOS ALIENÁVEIS - SEDE,POLÍTICA DE REGULARIZAÇÃO FUNDIÁRIA E DE GESTÃO DE IMÓVEIS
2025,1220,SECRETARIA DE ESTADO DE DESENVOLVIMENTO ECONÔMICO - SEDE,3,0,1221,SECRETARIA DE ESTADO DE DESENVOLVIMENTO ECONÔMICO - SEDE,3,3,90,14,10,1,10907,4,123,133,4,499,4499,1,4309.00,4309.00,4309.00,0,GOVERNANÇA DAS EMPRESAS ESTATAIS,MINAS GERAÇÃO DE VALOR
2025,1220,SECRETARIA DE ESTADO DE DESENVOLVIMENTO ECONÔMICO - SEDE,3,0,1221,SECRETARIA DE ESTADO DE DESENVOLVIMENTO ECONÔMICO - SEDE,3,3,90,33,10,1,10907,4,123,133,4,499,4499,1,10691.00,10691.00,10691.00,0,GOVERNANÇA DAS EMPRESAS ESTATAIS,MINAS GERAÇÃO DE VALOR
2025,1220,SECRETARIA DE ESTADO DE DESENVOLVIMENTO ECONÔMICO - SEDE,3,0,1221,SECRETARIA DE ESTADO DE DESENVOLVIMENTO ECONÔMICO - SEDE,3,3,90,39,10,1,10907,4,123,133,4,499,4499,1,13547.00,13547.00,13547.00,0,GOVERNANÇA DAS EMPRESAS ESTATAIS,MINAS GERAÇÃO DE VALOR
2025,1220,SECRETARIA DE ESTADO DE DESENVOLVIMENTO ECONÔMICO - SEDE,3,0,1221,SECRETARIA DE ESTADO DE DESENVOLVIMENTO ECONÔMICO - SEDE,3,3,90,14,32,1,10839,4,125,132,1,71,1071,1,80400.00,80400.00,80400.00,1,MINAS LIVRE PARA CRESCER,MINAS EMPREENDEDORA: ESTADO MAIS SIMPLES E LIVRE PARA SE EMPREENDER
2025,1220,SECRETARIA DE ESTADO DE DESENVOLVIMENTO ECONÔMICO - SEDE,3,0,1221,SECRETARIA DE ESTADO DE DESENVOLVIMENTO ECONÔMICO - SEDE,3,3,90,33,32,1,10839,4,125,132,1,71,1071,1,48207.00,48207.00,48207.00,1,MINAS LIVRE PARA CRESCER,MINAS EMPREENDEDORA: ESTADO MAIS SIMPLES E LIVRE PARA SE EMPREENDER
2025,1220,SECRETARIA DE ESTADO DE DESENVOLVIMENTO ECONÔMICO - SEDE,3,0,1221,SECRETARIA DE ESTADO DE DESENVOLVIMENTO ECONÔMICO - SEDE,3,3,90,37,10,1,10839,4,125,132,1,71,1071,1,730275.00,730275.00,730275.00,1,MINAS LIVRE PARA CRESCER,MINAS EMPREENDEDORA: ESTADO MAIS SIMPLES E LIVRE PARA SE EMPREENDER
2025,1220,SECRETARIA DE ESTADO DE DESENVOLVIMENTO ECONÔMICO - SEDE,3,0,1221,SECRETARIA DE ESTADO DE DESENVOLVIMENTO ECONÔMICO - SEDE,3,3,90,39,32,1,10839,4,125,132,1,71,1071,1,64123.00,64123.00,64123.00,1,MINAS LIVRE PARA CRESCER,MINAS EMPREENDEDORA: ESTADO MAIS SIMPLES E LIVRE PARA SE EMPREENDER
2025,1220,SECRETARIA DE ESTADO DE DESENVOLVIMENTO ECONÔMICO - SEDE,3,0,1221,SECRETARIA DE ESTADO DE DESENVOLVIMENTO ECONÔMICO - SEDE,3,3,90,14,32,1,10858,4,127,125,1,82,1082,1,8224.00,8224.00,8224.00,1,MINAS REURB SEDE,POLÍTICA DE REGULARIZAÇÃO FUNDIÁRIA E DE GESTÃO DE IMÓVEIS
2025,1220,SECRETARIA DE ESTADO DE DESENVOLVIMENTO ECONÔMICO - SEDE,3,0,1221,SECRETARIA DE ESTADO DE DESENVOLVIMENTO ECONÔMICO - SEDE,3,3,90,33,32,1,10858,4,127,125,1,82,1082,1,5852.00,5852.00,5852.00,1,MINAS REURB SEDE,POLÍTICA DE REGULARIZAÇÃO FUNDIÁRIA E DE GESTÃO DE IMÓVEIS
2025,1220,SECRETARIA DE ESTADO DE DESENVOLVIMENTO ECONÔMICO - SEDE,3,0,1221,SECRETARIA DE ESTADO DE DESENVOLVIMENTO ECONÔMICO - SEDE,3,3,90,37,10,1,10858,4,127,125,1,82,1082,1,168775.00,168775.00,168775.00,1,MINAS REURB SEDE,POLÍTICA DE REGULARIZAÇÃO FUNDIÁRIA E DE GESTÃO DE IMÓVEIS
2025,1220,SECRETARIA DE ESTADO DE DESENVOLVIMENTO ECONÔMICO - SEDE,3,0,1221,SECRETARIA DE ESTADO DE DESENVOLVIMENTO ECONÔMICO - SEDE,3,3,90,39,10,1,10858,4,127,125,1,82,1082,1,283407.00,283407.00,283407.00,1,MINAS REURB SEDE,POLÍTICA DE REGULARIZAÇÃO FUNDIÁRIA E DE GESTÃO DE IMÓVEIS
2025,1220,SECRETARIA DE ESTADO DE DESENVOLVIMENTO ECONÔMICO - SEDE,3,0,1221,SECRETARIA DE ESTADO DE DESENVOLVIMENTO ECONÔMICO - SEDE,3,3,90,39,32,1,10858,4,127,125,1,82,1082,1,2527586.00,2527586.00,2527586.00,1,MINAS REURB SEDE,POLÍTICA DE REGULARIZAÇÃO FUNDIÁRIA E DE GESTÃO DE IMÓVEIS
2025,1220,SECRETARIA DE ESTADO DE DESENVOLVIMENTO ECONÔMICO - SEDE,3,0,1221,SECRETARIA DE ESTADO DE DESENVOLVIMENTO ECONÔMICO - SEDE,3,3,90,41,32,1,10858,4,127,125,1,82,1082,1,13891396.00,13891396.00,13891396.00,1,MINAS REURB SEDE,POLÍTICA DE REGULARIZAÇÃO FUNDIÁRIA E DE GESTÃO DE IMÓVEIS
2025,1220,SECRETARIA DE ESTADO DE DESENVOLVIMENTO ECONÔMICO - SEDE,3,0,1221,SECRETARIA DE ESTADO DE DESENVOLVIMENTO ECONÔMICO - SEDE,3,3,90,14,10,1,11007,4,127,125,4,544,4544,1,91360.00,91360.00,91360.00,0,REGULARIZAÇÃO FUNDIÁRIA DE TERRITÓRIOS COLETIVOS,POLÍTICA DE REGULARIZAÇÃO FUNDIÁRIA E DE GESTÃO DE IMÓVEIS
2025,1220,SECRETARIA DE ESTADO DE DESENVOLVIMENTO ECONÔMICO - SEDE,3,0,1221,SECRETARIA DE ESTADO DE DESENVOLVIMENTO ECONÔMICO - SEDE,3,3,90,33,10,1,11007,4,127,125,4,544,4544,1,1620.00,1620.00,1620.00,0,REGULARIZAÇÃO FUNDIÁRIA DE TERRITÓRIOS COLETIVOS,POLÍTICA DE REGULARIZAÇÃO FUNDIÁRIA E DE GESTÃO DE IMÓVEIS
2025,1220,SECRETARIA DE ESTADO DE DESENVOLVIMENTO ECONÔMICO - SEDE,3,0,1221,SECRETARIA DE ESTADO DE DESENVOLVIMENTO ECONÔMICO - SEDE,3,3,90,14,10,1,10859,4,129,125,1,83,1083,1,114815.00,114815.00,114815.00,0,DISCRIMINAÇÃO E ARRECADAÇÃO DE TERRAS E GESTÃO DOS ARRENDAMENTOS,POLÍTICA DE REGULARIZAÇÃO FUNDIÁRIA E DE GESTÃO DE IMÓVEIS
2025,1220,SECRETARIA DE ESTADO DE DESENVOLVIMENTO ECONÔMICO - SEDE,3,0,1221,SECRETARIA DE ESTADO DE DESENVOLVIMENTO ECONÔMICO - SEDE,3,3,90,33,10,1,10859,4,129,125,1,83,1083,1,11274.00,11274.00,11274.00,0,DISCRIMINAÇÃO E ARRECADAÇÃO DE TERRAS E GESTÃO DOS ARRENDAMENTOS,POLÍTICA DE REGULARIZAÇÃO FUNDIÁRIA E DE GESTÃO DE IMÓVEIS
2025,1220,SECRETARIA DE ESTADO DE DESENVOLVIMENTO ECONÔMICO - SEDE,3,0,1221,SECRETARIA DE ESTADO DE DESENVOLVIMENTO ECONÔMICO - SEDE,3,3,90,37,10,1,10859,4,129,125,1,83,1083,1,1089766.00,1089766.00,1089766.00,0,DISCRIMINAÇÃO E ARRECADAÇÃO DE TERRAS E GESTÃO DOS ARRENDAMENTOS,POLÍTICA DE REGULARIZAÇÃO FUNDIÁRIA E DE GESTÃO DE IMÓVEIS
2025,1220,SECRETARIA DE ESTADO DE DESENVOLVIMENTO ECONÔMICO - SEDE,3,0,1221,SECRETARIA DE ESTADO DE DESENVOLVIMENTO ECONÔMICO - SEDE,3,3,90,39,24,1,11017,17,511,56,1,100,1100,1,25899176.00,25899176.00,25899176.00,0,PROMOÇÃO DO DESENVOLVIMENTO SOCIOECONÔMICO E ACESSO À INFRAESTRUTURA DO NORTE E NORDESTE DE MINAS GERAIS,DESENVOLVIMENTO DA INFRAESTRUTURA DO NORTE E NORDESTE DE MINAS GERAIS
2025,1220,SECRETARIA DE ESTADO DE DESENVOLVIMENTO ECONÔMICO - SEDE,3,0,1221,SECRETARIA DE ESTADO DE DESENVOLVIMENTO ECONÔMICO - SEDE,4,4,90,39,24,1,11017,17,511,56,1,100,1100,1,57026094.00,57026094.00,57026094.00,0,PROMOÇÃO DO DESENVOLVIMENTO SOCIOECONÔMICO E ACESSO À INFRAESTRUTURA DO NORTE E NORDESTE DE MINAS GERAIS,DESENVOLVIMENTO DA INFRAESTRUTURA DO NORTE E NORDESTE DE MINAS GERAIS
2025,1220,SECRETARIA DE ESTADO DE DESENVOLVIMENTO ECONÔMICO - SEDE,3,0,1221,SECRETARIA DE ESTADO DE DESENVOLVIMENTO ECONÔMICO - SEDE,3,3,90,39,10,1,10992,17,512,125,1,97,1097,1,1000.00,1000.00,1000.00,0,SEGURANÇA HÍDRICA NA RMBH,POLÍTICA DE REGULARIZAÇÃO FUNDIÁRIA E DE GESTÃO DE IMÓVEIS
2025,1220,SECRETARIA DE ESTADO DE DESENVOLVIMENTO ECONÔMICO - SEDE,3,0,1221,SECRETARIA DE ESTADO DE DESENVOLVIMENTO ECONÔMICO - SEDE,3,3,90,14,10,1,10836,19,571,143,4,472,4472,1,119390.00,119390.00,119390.00,0,APOIO À GESTÃO DE PROJETOS DE PESQUISA E TECNOLOGIA,"MG TECH - POLÍTICAS DE CIÊNCIA, TECNOLOGIA E INOVAÇÃO"
2025,1220,SECRETARIA DE ESTADO DE DESENVOLVIMENTO ECONÔMICO - SEDE,3,0,1221,SECRETARIA DE ESTADO DE DESENVOLVIMENTO ECONÔMICO - SEDE,3,3,90,33,10,1,10836,19,571,143,4,472,4472,1,91198.00,91198.00,91198.00,0,APOIO À GESTÃO DE PROJETOS DE PESQUISA E TECNOLOGIA,"MG TECH - POLÍTICAS DE CIÊNCIA, TECNOLOGIA E INOVAÇÃO"
2025,1220,SECRETARIA DE ESTADO DE DESENVOLVIMENTO ECONÔMICO - SEDE,3,0,1221,SECRETARIA DE ESTADO DE DESENVOLVIMENTO ECONÔMICO - SEDE,3,3,90,37,10,1,10836,19,571,143,4,472,4472,1,1102217.00,1102217.00,1102217.00,0,APOIO À GESTÃO DE PROJETOS DE PESQUISA E TECNOLOGIA,"MG TECH - POLÍTICAS DE CIÊNCIA, TECNOLOGIA E INOVAÇÃO"
2025,1220,SECRETARIA DE ESTADO DE DESENVOLVIMENTO ECONÔMICO - SEDE,3,0,1221,SECRETARIA DE ESTADO DE DESENVOLVIMENTO ECONÔMICO - SEDE,3,3,90,39,10,1,10836,19,571,143,4,472,4472,1,101724.00,101724.00,101724.00,0,APOIO À GESTÃO DE PROJETOS DE PESQUISA E TECNOLOGIA,"MG TECH - POLÍTICAS DE CIÊNCIA, TECNOLOGIA E INOVAÇÃO"
2025,1220,SECRETARIA DE ESTADO DE DESENVOLVIMENTO ECONÔMICO - SEDE,3,0,1221,SECRETARIA DE ESTADO DE DESENVOLVIMENTO ECONÔMICO - SEDE,3,3,90,14,10,1,10805,19,573,143,4,449,4449,1,108854.00,108854.00,108854.00,0,APOIO À GESTÃO DE PROJETOS DE INOVAÇÃO TECNOLÓGICA,"MG TECH - POLÍTICAS DE CIÊNCIA, TECNOLOGIA E INOVAÇÃO"
2025,1220,SECRETARIA DE ESTADO DE DESENVOLVIMENTO ECONÔMICO - SEDE,3,0,1221,SECRETARIA DE ESTADO DE DESENVOLVIMENTO ECONÔMICO - SEDE,3,3,90,33,10,1,10805,19,573,143,4,449,4449,1,129760.00,129760.00,129760.00,0,APOIO À GESTÃO DE PROJETOS DE INOVAÇÃO TECNOLÓGICA,"MG TECH - POLÍTICAS DE CIÊNCIA, TECNOLOGIA E INOVAÇÃO"
2025,1220,SECRETARIA DE ESTADO DE DESENVOLVIMENTO ECONÔMICO - SEDE,3,0,1221,SECRETARIA DE ESTADO DE DESENVOLVIMENTO ECONÔMICO - SEDE,3,3,90,37,10,1,10805,19,573,143,4,449,4449,1,720797.00,720797.00,720797.00,0,APOIO À GESTÃO DE PROJETOS DE INOVAÇÃO TECNOLÓGICA,"MG TECH - POLÍTICAS DE CIÊNCIA, TECNOLOGIA E INOVAÇÃO"
2025,1220,SECRETARIA DE ESTADO DE DESENVOLVIMENTO ECONÔMICO - SEDE,3,0,1221,SECRETARIA DE ESTADO DE DESENVOLVIMENTO ECONÔMICO - SEDE,3,3,90,39,10,1,10805,19,573,143,4,449,4449,1,117283.00,117283.00,117283.00,0,APOIO À GESTÃO DE PROJETOS DE INOVAÇÃO TECNOLÓGICA,"MG TECH - POLÍTICAS DE CIÊNCIA, TECNOLOGIA E INOVAÇÃO"
2025,1220,SECRETARIA DE ESTADO DE DESENVOLVIMENTO ECONÔMICO - SEDE,3,0,1221,SECRETARIA DE ESTADO DE DESENVOLVIMENTO ECONÔMICO - SEDE,3,3,90,14,32,1,10842,22,661,132,1,72,1072,1,58470.00,58470.00,58470.00,0,DESENVOLVIMENTO DOS ARRANJOS PRODUTIVOS LOCAIS,MINAS EMPREENDEDORA: ESTADO MAIS SIMPLES E LIVRE PARA SE EMPREENDER
2025,1220,SECRETARIA DE ESTADO DE DESENVOLVIMENTO ECONÔMICO - SEDE,3,0,1221,SECRETARIA DE ESTADO DE DESENVOLVIMENTO ECONÔMICO - SEDE,3,3,90,33,32,1,10842,22,661,132,1,72,1072,1,22354.00,22354.00,22354.00,0,DESENVOLVIMENTO DOS ARRANJOS PRODUTIVOS LOCAIS,MINAS EMPREENDEDORA: ESTADO MAIS SIMPLES E LIVRE PARA SE EMPREENDER
2025,1220,SECRETARIA DE ESTADO DE DESENVOLVIMENTO ECONÔMICO - SEDE,3,0,1221,SECRETARIA DE ESTADO DE DESENVOLVIMENTO ECONÔMICO - SEDE,3,3,90,39,32,1,10842,22,661,132,1,72,1072,1,409541.00,409541.00,409541.00,0,DESENVOLVIMENTO DOS ARRANJOS PRODUTIVOS LOCAIS,MINAS EMPREENDEDORA: ESTADO MAIS SIMPLES E LIVRE PARA SE EMPREENDER
2025,1220,SECRETARIA DE ESTADO DE DESENVOLVIMENTO ECONÔMICO - SEDE,3,0,1221,SECRETARIA DE ESTADO DE DESENVOLVIMENTO ECONÔMICO - SEDE,3,3,90,39,10,1,10857,22,661,133,1,81,1081,1,1000.00,1000.00,1000.00,1,INVISTA EM MINAS - PROMOÇÃO DE INVESTIMENTOS,MINAS GERAÇÃO DE VALOR
2025,1220,SECRETARIA DE ESTADO DE DESENVOLVIMENTO ECONÔMICO - SEDE,3,0,1221,SECRETARIA DE ESTADO DE DESENVOLVIMENTO ECONÔMICO - SEDE,3,3,90,14,32,1,10848,22,663,133,1,77,1077,1,14618.00,14618.00,14618.00,0,GESTÃO DA POLÍTICA MINERÁRIA,MINAS GERAÇÃO DE VALOR
2025,1220,SECRETARIA DE ESTADO DE DESENVOLVIMENTO ECONÔMICO - SEDE,3,0,1221,SECRETARIA DE ESTADO DE DESENVOLVIMENTO ECONÔMICO - SEDE,3,3,90,33,32,1,10848,22,663,133,1,77,1077,1,34211.00,34211.00,34211.00,0,GESTÃO DA POLÍTICA MINERÁRIA,MINAS GERAÇÃO DE VALOR
2025,1220,SECRETARIA DE ESTADO DE DESENVOLVIMENTO ECONÔMICO - SEDE,3,0,1221,SECRETARIA DE ESTADO DE DESENVOLVIMENTO ECONÔMICO - SEDE,3,3,90,37,10,1,10848,22,663,133,1,77,1077,1,351216.00,351216.00,351216.00,0,GESTÃO DA POLÍTICA MINERÁRIA,MINAS GERAÇÃO DE VALOR
2025,1220,SECRETARIA DE ESTADO DE DESENVOLVIMENTO ECONÔMICO - SEDE,3,0,1221,SECRETARIA DE ESTADO DE DESENVOLVIMENTO ECONÔMICO - SEDE,3,3,90,39,32,1,10848,22,663,133,1,77,1077,1,7000.00,7000.00,7000.00,0,GESTÃO DA POLÍTICA MINERÁRIA,MINAS GERAÇÃO DE VALOR
2025,1220,SECRETARIA DE ESTADO DE DESENVOLVIMENTO ECONÔMICO - SEDE,3,0,1221,SECRETARIA DE ESTADO DE DESENVOLVIMENTO ECONÔMICO - SEDE,3,1,90,11,10,1,11119,23,122,705,2,417,2417,1,16775825.00,16775825.00,16775825.00,0,REMUNERAÇÃO DE PESSOAL ATIVO E ENCARGOS SOCIAIS,APOIO ÀS POLÍTICAS PÚBLICAS
2025,1220,SECRETARIA DE ESTADO DE DESENVOLVIMENTO ECONÔMICO - SEDE,3,0,1221,SECRETARIA DE ESTADO DE DESENVOLVIMENTO ECONÔMICO - SEDE,3,1,90,13,10,1,11119,23,122,705,2,417,2417,1,2287612.00,2287612.00,2287612.00,0,REMUNERAÇÃO DE PESSOAL ATIVO E ENCARGOS SOCIAIS,APOIO ÀS POLÍTICAS PÚBLICAS
2025,1220,SECRETARIA DE ESTADO DE DESENVOLVIMENTO ECONÔMICO - SEDE,3,0,1221,SECRETARIA DE ESTADO DE DESENVOLVIMENTO ECONÔMICO - SEDE,3,1,91,13,10,1,11119,23,122,705,2,417,2417,1,2193778.00,2193778.00,2193778.00,0,REMUNERAÇÃO DE PESSOAL ATIVO E ENCARGOS SOCIAIS,APOIO ÀS POLÍTICAS PÚBLICAS
2025,1220,SECRETARIA DE ESTADO DE DESENVOLVIMENTO ECONÔMICO - SEDE,3,0,1221,SECRETARIA DE ESTADO DE DESENVOLVIMENTO ECONÔMICO - SEDE,3,3,90,46,10,7,11119,23,122,705,2,417,2417,1,3641025.00,3641025.00,3641025.00,0,REMUNERAÇÃO DE PESSOAL ATIVO E ENCARGOS SOCIAIS,APOIO ÀS POLÍTICAS PÚBLICAS
2025,1220,SECRETARIA DE ESTADO DE DESENVOLVIMENTO ECONÔMICO - SEDE,3,0,1221,SECRETARIA DE ESTADO DE DESENVOLVIMENTO ECONÔMICO - SEDE,3,3,90,49,10,7,11119,23,122,705,2,417,2417,1,151709.00,151709.00,151709.00,0,REMUNERAÇÃO DE PESSOAL ATIVO E ENCARGOS SOCIAIS,APOIO ÀS POLÍTICAS PÚBLICAS
2025,1220,SECRETARIA DE ESTADO DE DESENVOLVIMENTO ECONÔMICO - SEDE,3,0,1221,SECRETARIA DE ESTADO DE DESENVOLVIMENTO ECONÔMICO - SEDE,3,3,90,14,10,1,9262,23,122,705,2,500,2500,1,182959.00,182959.00,182959.00,0,ASSESSORAMENTO E GERENCIAMENTO DE POLÍTICAS PÚBLICAS,APOIO ÀS POLÍTICAS PÚBLICAS
2025,1220,SECRETARIA DE ESTADO DE DESENVOLVIMENTO ECONÔMICO - SEDE,3,0,1221,SECRETARIA DE ESTADO DE DESENVOLVIMENTO ECONÔMICO - SEDE,3,3,90,30,10,1,9262,23,122,705,2,500,2500,1,36069.00,36069.00,36069.00,0,ASSESSORAMENTO E GERENCIAMENTO DE POLÍTICAS PÚBLICAS,APOIO ÀS POLÍTICAS PÚBLICAS
2025,1220,SECRETARIA DE ESTADO DE DESENVOLVIMENTO ECONÔMICO - SEDE,3,0,1221,SECRETARIA DE ESTADO DE DESENVOLVIMENTO ECONÔMICO - SEDE,3,3,90,33,10,1,9262,23,122,705,2,500,2500,1,179837.00,179837.00,179837.00,0,ASSESSORAMENTO E GERENCIAMENTO DE POLÍTICAS PÚBLICAS,APOIO ÀS POLÍTICAS PÚBLICAS
2025,1220,SECRETARIA DE ESTADO DE DESENVOLVIMENTO ECONÔMICO - SEDE,3,0,1221,SECRETARIA DE ESTADO DE DESENVOLVIMENTO ECONÔMICO - SEDE,3,3,90,36,10,1,9262,23,122,705,2,500,2500,1,12021.00,12021.00,12021.00,0,ASSESSORAMENTO E GERENCIAMENTO DE POLÍTICAS PÚBLICAS,APOIO ÀS POLÍTICAS PÚBLICAS
2025,1220,SECRETARIA DE ESTADO DE DESENVOLVIMENTO ECONÔMICO - SEDE,3,0,1221,SECRETARIA DE ESTADO DE DESENVOLVIMENTO ECONÔMICO - SEDE,3,3,90,37,10,1,9262,23,122,705,2,500,2500,1,3959377.00,3959377.00,3959377.00,0,ASSESSORAMENTO E GERENCIAMENTO DE POLÍTICAS PÚBLICAS,APOIO ÀS POLÍTICAS PÚBLICAS
2025,1220,SECRETARIA DE ESTADO DE DESENVOLVIMENTO ECONÔMICO - SEDE,3,0,1221,SECRETARIA DE ESTADO DE DESENVOLVIMENTO ECONÔMICO - SEDE,3,3,90,39,10,1,9262,23,122,705,2,500,2500,1,245763.00,245763.00,245763.00,0,ASSESSORAMENTO E GERENCIAMENTO DE POLÍTICAS PÚBLICAS,APOIO ÀS POLÍTICAS PÚBLICAS
2025,1220,SECRETARIA DE ESTADO DE DESENVOLVIMENTO ECONÔMICO - SEDE,3,0,1221,SECRETARIA DE ESTADO DE DESENVOLVIMENTO ECONÔMICO - SEDE,3,3,90,40,10,1,9262,23,122,705,2,500,2500,1,344880.00,344880.00,344880.00,0,ASSESSORAMENTO E GERENCIAMENTO DE POLÍTICAS PÚBLICAS,APOIO ÀS POLÍTICAS PÚBLICAS
2025,1220,SECRETARIA DE ESTADO DE DESENVOLVIMENTO ECONÔMICO - SEDE,3,0,1221,SECRETARIA DE ESTADO DE DESENVOLVIMENTO ECONÔMICO - SEDE,4,4,90,52,10,1,9262,23,122,705,2,500,2500,1,200000.00,200000.00,200000.00,0,ASSESSORAMENTO E GERENCIAMENTO DE POLÍTICAS PÚBLICAS,APOIO ÀS POLÍTICAS PÚBLICAS
2025,1220,SECRETARIA DE ESTADO DE DESENVOLVIMENTO ECONÔMICO - SEDE,3,0,1221,SECRETARIA DE ESTADO DE DESENVOLVIMENTO ECONÔMICO - SEDE,3,3,90,14,32,1,10844,23,691,132,1,73,1073,1,47157.00,47157.00,47157.00,0,FOMENTO AOS PEQUENOS NEGÓCIOS,MINAS EMPREENDEDORA: ESTADO MAIS SIMPLES E LIVRE PARA SE EMPREENDER
2025,1220,SECRETARIA DE ESTADO DE DESENVOLVIMENTO ECONÔMICO - SEDE,3,0,1221,SECRETARIA DE ESTADO DE DESENVOLVIMENTO ECONÔMICO - SEDE,3,3,90,33,32,1,10844,23,691,132,1,73,1073,1,23326.00,23326.00,23326.00,0,FOMENTO AOS PEQUENOS NEGÓCIOS,MINAS EMPREENDEDORA: ESTADO MAIS SIMPLES E LIVRE PARA SE EMPREENDER
2025,1220,SECRETARIA DE ESTADO DE DESENVOLVIMENTO ECONÔMICO - SEDE,3,0,1221,SECRETARIA DE ESTADO DE DESENVOLVIMENTO ECONÔMICO - SEDE,3,3,90,39,32,1,10844,23,691,132,1,73,1073,1,693083.00,693083.00,693083.00,0,FOMENTO AOS PEQUENOS NEGÓCIOS,MINAS EMPREENDEDORA: ESTADO MAIS SIMPLES E LIVRE PARA SE EMPREENDER
2025,1220,SECRETARIA DE ESTADO DE DESENVOLVIMENTO ECONÔMICO - SEDE,3,0,1221,SECRETARIA DE ESTADO DE DESENVOLVIMENTO ECONÔMICO - SEDE,3,3,99,99,10,8,10844,23,691,132,1,73,1073,1,100000.00,100000.00,100000.00,0,FOMENTO AOS PEQUENOS NEGÓCIOS,MINAS EMPREENDEDORA: ESTADO MAIS SIMPLES E LIVRE PARA SE EMPREENDER
2025,1220,SECRETARIA DE ESTADO DE DESENVOLVIMENTO ECONÔMICO - SEDE,3,0,1221,SECRETARIA DE ESTADO DE DESENVOLVIMENTO ECONÔMICO - SEDE,3,3,90,14,32,1,10840,23,691,132,4,474,4474,1,45680.00,45680.00,45680.00,0,ARTESANATO EMPREENDEDOR,MINAS EMPREENDEDORA: ESTADO MAIS SIMPLES E LIVRE PARA SE EMPREENDER
2025,1220,SECRETARIA DE ESTADO DE DESENVOLVIMENTO ECONÔMICO - SEDE,3,0,1221,SECRETARIA DE ESTADO DE DESENVOLVIMENTO ECONÔMICO - SEDE,3,3,90,30,32,1,10840,23,691,132,4,474,4474,1,9960.00,9960.00,9960.00,0,ARTESANATO EMPREENDEDOR,MINAS EMPREENDEDORA: ESTADO MAIS SIMPLES E LIVRE PARA SE EMPREENDER
2025,1220,SECRETARIA DE ESTADO DE DESENVOLVIMENTO ECONÔMICO - SEDE,3,0,1221,SECRETARIA DE ESTADO DE DESENVOLVIMENTO ECONÔMICO - SEDE,3,3,90,33,32,1,10840,23,691,132,4,474,4474,1,73205.00,73205.00,73205.00,0,ARTESANATO EMPREENDEDOR,MINAS EMPREENDEDORA: ESTADO MAIS SIMPLES E LIVRE PARA SE EMPREENDER
2025,1220,SECRETARIA DE ESTADO DE DESENVOLVIMENTO ECONÔMICO - SEDE,3,0,1221,SECRETARIA DE ESTADO DE DESENVOLVIMENTO ECONÔMICO - SEDE,3,3,90,36,32,1,10840,23,691,132,4,474,4474,1,53012.00,53012.00,53012.00,0,ARTESANATO EMPREENDEDOR,MINAS EMPREENDEDORA: ESTADO MAIS SIMPLES E LIVRE PARA SE EMPREENDER
2025,1220,SECRETARIA DE ESTADO DE DESENVOLVIMENTO ECONÔMICO - SEDE,3,0,1221,SECRETARIA DE ESTADO DE DESENVOLVIMENTO ECONÔMICO - SEDE,3,3,90,39,32,1,10840,23,691,132,4,474,4474,1,309979.00,309979.00,309979.00,0,ARTESANATO EMPREENDEDOR,MINAS EMPREENDEDORA: ESTADO MAIS SIMPLES E LIVRE PARA SE EMPREENDER
2025,1220,SECRETARIA DE ESTADO DE DESENVOLVIMENTO ECONÔMICO - SEDE,3,0,1221,SECRETARIA DE ESTADO DE DESENVOLVIMENTO ECONÔMICO - SEDE,3,3,99,99,10,4,10840,23,691,132,4,474,4474,1,500000.00,500000.00,500000.00,0,ARTESANATO EMPREENDEDOR,MINAS EMPREENDEDORA: ESTADO MAIS SIMPLES E LIVRE PARA SE EMPREENDER
2025,1220,SECRETARIA DE ESTADO DE DESENVOLVIMENTO ECONÔMICO - SEDE,3,0,1221,SECRETARIA DE ESTADO DE DESENVOLVIMENTO ECONÔMICO - SEDE,3,3,90,14,32,1,10849,23,691,133,1,78,1078,1,54816.00,54816.00,54816.00,0,LOGÍSTICA E MOBILIDADE DO FUTURO,MINAS GERAÇÃO DE VALOR
2025,1220,SECRETARIA DE ESTADO DE DESENVOLVIMENTO ECONÔMICO - SEDE,3,0,1221,SECRETARIA DE ESTADO DE DESENVOLVIMENTO ECONÔMICO - SEDE,3,3,90,33,32,1,10849,23,691,133,1,78,1078,1,21771.00,21771.00,21771.00,0,LOGÍSTICA E MOBILIDADE DO FUTURO,MINAS GERAÇÃO DE VALOR
2025,1220,SECRETARIA DE ESTADO DE DESENVOLVIMENTO ECONÔMICO - SEDE,3,0,1221,SECRETARIA DE ESTADO DE DESENVOLVIMENTO ECONÔMICO - SEDE,3,3,90,39,32,1,10849,23,691,133,1,78,1078,1,18041.00,18041.00,18041.00,0,LOGÍSTICA E MOBILIDADE DO FUTURO,MINAS GERAÇÃO DE VALOR
2025,1220,SECRETARIA DE ESTADO DE DESENVOLVIMENTO ECONÔMICO - SEDE,3,0,1221,SECRETARIA DE ESTADO DE DESENVOLVIMENTO ECONÔMICO - SEDE,3,3,90,14,32,1,10906,23,691,133,1,91,1091,1,90732.00,90732.00,90732.00,0,INTEGRAÇÃO DAS CADEIAS PRODUTIVAS,MINAS GERAÇÃO DE VALOR
2025,1220,SECRETARIA DE ESTADO DE DESENVOLVIMENTO ECONÔMICO - SEDE,3,0,1221,SECRETARIA DE ESTADO DE DESENVOLVIMENTO ECONÔMICO - SEDE,3,3,90,33,32,1,10906,23,691,133,1,91,1091,1,105588.00,105588.00,105588.00,0,INTEGRAÇÃO DAS CADEIAS PRODUTIVAS,MINAS GERAÇÃO DE VALOR
2025,1220,SECRETARIA DE ESTADO DE DESENVOLVIMENTO ECONÔMICO - SEDE,3,0,1221,SECRETARIA DE ESTADO DE DESENVOLVIMENTO ECONÔMICO - SEDE,3,3,90,37,10,1,10906,23,691,133,1,91,1091,1,81126.00,81126.00,81126.00,0,INTEGRAÇÃO DAS CADEIAS PRODUTIVAS,MINAS GERAÇÃO DE VALOR
2025,1220,SECRETARIA DE ESTADO DE DESENVOLVIMENTO ECONÔMICO - SEDE,3,0,1221,SECRETARIA DE ESTADO DE DESENVOLVIMENTO ECONÔMICO - SEDE,3,3,90,39,32,1,10906,23,691,133,1,91,1091,1,31594.00,31594.00,31594.00,0,INTEGRAÇÃO DAS CADEIAS PRODUTIVAS,MINAS GERAÇÃO DE VALOR
2025,1220,SECRETARIA DE ESTADO DE DESENVOLVIMENTO ECONÔMICO - SEDE,3,0,1221,SECRETARIA DE ESTADO DE DESENVOLVIMENTO ECONÔMICO - SEDE,3,3,90,14,32,1,10854,23,693,133,1,79,1079,1,121528.00,121528.00,121528.00,0,PROMOÇÃO DO COMÉRCIO EXTERIOR MINEIRO,MINAS GERAÇÃO DE VALOR
2025,1220,SECRETARIA DE ESTADO DE DESENVOLVIMENTO ECONÔMICO - SEDE,3,0,1221,SECRETARIA DE ESTADO DE DESENVOLVIMENTO ECONÔMICO - SEDE,3,3,90,33,32,1,10854,23,693,133,1,79,1079,1,82936.00,82936.00,82936.00,0,PROMOÇÃO DO COMÉRCIO EXTERIOR MINEIRO,MINAS GERAÇÃO DE VALOR
2025,1220,SECRETARIA DE ESTADO DE DESENVOLVIMENTO ECONÔMICO - SEDE,3,0,1221,SECRETARIA DE ESTADO DE DESENVOLVIMENTO ECONÔMICO - SEDE,3,3,90,39,32,1,10854,23,693,133,1,79,1079,1,32788.00,32788.00,32788.00,0,PROMOÇÃO DO COMÉRCIO EXTERIOR MINEIRO,MINAS GERAÇÃO DE VALOR
2025,1220,SECRETARIA DE ESTADO DE DESENVOLVIMENTO ECONÔMICO - SEDE,3,0,1221,SECRETARIA DE ESTADO DE DESENVOLVIMENTO ECONÔMICO - SEDE,3,3,90,14,32,1,10846,25,753,133,1,76,1076,1,9136.00,9136.00,9136.00,0,REGULAÇÃO DO GÁS NATURAL E DERIVADOS,MINAS GERAÇÃO DE VALOR
2025,1220,SECRETARIA DE ESTADO DE DESENVOLVIMENTO ECONÔMICO - SEDE,3,0,1221,SECRETARIA DE ESTADO DE DESENVOLVIMENTO ECONÔMICO - SEDE,3,3,90,33,32,1,10846,25,753,133,1,76,1076,1,7597.00,7597.00,7597.00,0,REGULAÇÃO DO GÁS NATURAL E DERIVADOS,MINAS GERAÇÃO DE VALOR
2025,1220,SECRETARIA DE ESTADO DE DESENVOLVIMENTO ECONÔMICO - SEDE,3,0,1221,SECRETARIA DE ESTADO DE DESENVOLVIMENTO ECONÔMICO - SEDE,3,3,90,35,32,1,10846,25,753,133,1,76,1076,1,1950000.00,1950000.00,1950000.00,0,REGULAÇÃO DO GÁS NATURAL E DERIVADOS,MINAS GERAÇÃO DE VALOR
2025,1220,SECRETARIA DE ESTADO DE DESENVOLVIMENTO ECONÔMICO - SEDE,3,0,1221,SECRETARIA DE ESTADO DE DESENVOLVIMENTO ECONÔMICO - SEDE,3,3,90,39,32,1,10846,25,753,133,1,76,1076,1,91937.00,91937.00,91937.00,0,REGULAÇÃO DO GÁS NATURAL E DERIVADOS,MINAS GERAÇÃO DE VALOR
2025,1220,SECRETARIA DE ESTADO DE DESENVOLVIMENTO ECONÔMICO - SEDE,3,0,1221,SECRETARIA DE ESTADO DE DESENVOLVIMENTO ECONÔMICO - SEDE,3,3,90,14,32,1,10845,25,754,133,1,75,1075,1,33871.00,33871.00,33871.00,0,FONTES RENOVÁVEIS DE ENERGIA,MINAS GERAÇÃO DE VALOR
2025,1220,SECRETARIA DE ESTADO DE DESENVOLVIMENTO ECONÔMICO - SEDE,3,0,1221,SECRETARIA DE ESTADO DE DESENVOLVIMENTO ECONÔMICO - SEDE,3,3,90,33,32,1,10845,25,754,133,1,75,1075,1,46652.00,46652.00,46652.00,0,FONTES RENOVÁVEIS DE ENERGIA,MINAS GERAÇÃO DE VALOR
2025,1220,SECRETARIA DE ESTADO DE DESENVOLVIMENTO ECONÔMICO - SEDE,3,0,1221,SECRETARIA DE ESTADO DE DESENVOLVIMENTO ECONÔMICO - SEDE,3,3,90,37,10,1,10845,25,754,133,1,75,1075,1,740342.00,740342.00,740342.00,0,FONTES RENOVÁVEIS DE ENERGIA,MINAS GERAÇÃO DE VALOR
2025,1220,SECRETARIA DE ESTADO DE DESENVOLVIMENTO ECONÔMICO - SEDE,3,0,1221,SECRETARIA DE ESTADO DE DESENVOLVIMENTO ECONÔMICO - SEDE,3,3,90,39,32,1,10845,25,754,133,1,75,1075,1,187547.00,187547.00,187547.00,0,FONTES RENOVÁVEIS DE ENERGIA,MINAS GERAÇÃO DE VALOR
2025,1220,SECRETARIA DE ESTADO DE DESENVOLVIMENTO ECONÔMICO - SEDE,3,0,1221,SECRETARIA DE ESTADO DE DESENVOLVIMENTO ECONÔMICO - SEDE,4,4,90,93,32,1,10845,25,754,133,1,75,1075,1,10833509.00,10833509.00,10833509.00,0,FONTES RENOVÁVEIS DE ENERGIA,MINAS GERAÇÃO DE VALOR
2025,1220,SECRETARIA DE ESTADO DE DESENVOLVIMENTO ECONÔMICO - SEDE,3,0,2041,LOTERIA DO ESTADO DE MINAS GERAIS - LEMG,3,1,90,11,60,1,11115,23,122,705,2,417,2417,1,1616300.00,1616300.00,1616300.00,0,REMUNERAÇÃO DE PESSOAL ATIVO E ENCARGOS SOCIAIS,APOIO ÀS POLÍTICAS PÚBLICAS
2025,1220,SECRETARIA DE ESTADO DE DESENVOLVIMENTO ECONÔMICO - SEDE,3,0,2041,LOTERIA DO ESTADO DE MINAS GERAIS - LEMG,3,1,90,13,60,1,11115,23,122,705,2,417,2417,1,131815.00,131815.00,131815.00,0,REMUNERAÇÃO DE PESSOAL ATIVO E ENCARGOS SOCIAIS,APOIO ÀS POLÍTICAS PÚBLICAS
2025,1220,SECRETARIA DE ESTADO DE DESENVOLVIMENTO ECONÔMICO - SEDE,3,0,2041,LOTERIA DO ESTADO DE MINAS GERAIS - LEMG,3,1,91,13,60,1,11115,23,122,705,2,417,2417,1,334285.00,334285.00,334285.00,0,REMUNERAÇÃO DE PESSOAL ATIVO E ENCARGOS SOCIAIS,APOIO ÀS POLÍTICAS PÚBLICAS
2025,1220,SECRETARIA DE ESTADO DE DESENVOLVIMENTO ECONÔMICO - SEDE,3,0,2041,LOTERIA DO ESTADO DE MINAS GERAIS - LEMG,3,3,90,46,60,7,11115,23,122,705,2,417,2417,1,349938.00,349938.00,349938.00,0,REMUNERAÇÃO DE PESSOAL ATIVO E ENCARGOS SOCIAIS,APOIO ÀS POLÍTICAS PÚBLICAS
2025,1220,SECRETARIA DE ESTADO DE DESENVOLVIMENTO ECONÔMICO - SEDE,3,0,2041,LOTERIA DO ESTADO DE MINAS GERAIS - LEMG,3,3,90,47,60,7,11115,23,122,705,2,417,2417,1,15000.00,15000.00,15000.00,0,REMUNERAÇÃO DE PESSOAL ATIVO E ENCARGOS SOCIAIS,APOIO ÀS POLÍTICAS PÚBLICAS
2025,1220,SECRETARIA DE ESTADO DE DESENVOLVIMENTO ECONÔMICO - SEDE,3,0,2041,LOTERIA DO ESTADO DE MINAS GERAIS - LEMG,3,3,90,14,60,1,9238,23,122,705,2,500,2500,1,25030.00,25030.00,25030.00,0,ASSESSORAMENTO E GERENCIAMENTO DE POLÍTICAS PÚBLICAS,APOIO ÀS POLÍTICAS PÚBLICAS
2025,1220,SECRETARIA DE ESTADO DE DESENVOLVIMENTO ECONÔMICO - SEDE,3,0,2041,LOTERIA DO ESTADO DE MINAS GERAIS - LEMG,3,3,90,30,60,1,9238,23,122,705,2,500,2500,1,10500.00,10500.00,10500.00,0,ASSESSORAMENTO E GERENCIAMENTO DE POLÍTICAS PÚBLICAS,APOIO ÀS POLÍTICAS PÚBLICAS
2025,1220,SECRETARIA DE ESTADO DE DESENVOLVIMENTO ECONÔMICO - SEDE,3,0,2041,LOTERIA DO ESTADO DE MINAS GERAIS - LEMG,3,3,90,33,60,1,9238,23,122,705,2,500,2500,1,28920.00,28920.00,28920.00,0,ASSESSORAMENTO E GERENCIAMENTO DE POLÍTICAS PÚBLICAS,APOIO ÀS POLÍTICAS PÚBLICAS
2025,1220,SECRETARIA DE ESTADO DE DESENVOLVIMENTO ECONÔMICO - SEDE,3,0,2041,LOTERIA DO ESTADO DE MINAS GERAIS - LEMG,3,3,90,36,60,1,9238,23,122,705,2,500,2500,1,8400.00,8400.00,8400.00,0,ASSESSORAMENTO E GERENCIAMENTO DE POLÍTICAS PÚBLICAS,APOIO ÀS POLÍTICAS PÚBLICAS
2025,1220,SECRETARIA DE ESTADO DE DESENVOLVIMENTO ECONÔMICO - SEDE,3,0,2041,LOTERIA DO ESTADO DE MINAS GERAIS - LEMG,3,3,90,39,60,1,9238,23,122,705,2,500,2500,1,260530.00,260530.00,260530.00,0,ASSESSORAMENTO E GERENCIAMENTO DE POLÍTICAS PÚBLICAS,APOIO ÀS POLÍTICAS PÚBLICAS
2025,1220,SECRETARIA DE ESTADO DE DESENVOLVIMENTO ECONÔMICO - SEDE,3,0,2041,LOTERIA DO ESTADO DE MINAS GERAIS - LEMG,3,3,90,40,60,1,9238,23,122,705,2,500,2500,1,61720.00,61720.00,61720.00,0,ASSESSORAMENTO E GERENCIAMENTO DE POLÍTICAS PÚBLICAS,APOIO ÀS POLÍTICAS PÚBLICAS
2025,1220,SECRETARIA DE ESTADO DE DESENVOLVIMENTO ECONÔMICO - SEDE,3,0,2041,LOTERIA DO ESTADO DE MINAS GERAIS - LEMG,3,3,90,47,60,1,9238,23,122,705,2,500,2500,1,6000.00,6000.00,6000.00,0,ASSESSORAMENTO E GERENCIAMENTO DE POLÍTICAS PÚBLICAS,APOIO ÀS POLÍTICAS PÚBLICAS
2025,1220,SECRETARIA DE ESTADO DE DESENVOLVIMENTO ECONÔMICO - SEDE,3,0,2041,LOTERIA DO ESTADO DE MINAS GERAIS - LEMG,4,4,90,40,60,1,9238,23,122,705,2,500,2500,1,29520.00,29520.00,29520.00,0,ASSESSORAMENTO E GERENCIAMENTO DE POLÍTICAS PÚBLICAS,APOIO ÀS POLÍTICAS PÚBLICAS
2025,1220,SECRETARIA DE ESTADO DE DESENVOLVIMENTO ECONÔMICO - SEDE,3,0,2041,LOTERIA DO ESTADO DE MINAS GERAIS - LEMG,3,3,90,35,60,1,10650,23,692,126,4,340,4340,1,777797.00,777797.00,777797.00,0,OPERACIONALIZAÇÃO DE JOGOS,EXPLORAÇÃO DE JOGOS LOTÉRICOS E SIMILARES
2025,1220,SECRETARIA DE ESTADO DE DESENVOLVIMENTO ECONÔMICO - SEDE,3,0,2041,LOTERIA DO ESTADO DE MINAS GERAIS - LEMG,3,3,90,39,60,1,10650,23,692,126,4,340,4340,1,1020000.00,1020000.00,1020000.00,0,OPERACIONALIZAÇÃO DE JOGOS,EXPLORAÇÃO DE JOGOS LOTÉRICOS E SIMILARES
2025,1220,SECRETARIA DE ESTADO DE DESENVOLVIMENTO ECONÔMICO - SEDE,3,0,2041,LOTERIA DO ESTADO DE MINAS GERAIS - LEMG,3,3,90,47,60,1,10650,23,692,126,4,340,4340,1,175200.00,175200.00,175200.00,0,OPERACIONALIZAÇÃO DE JOGOS,EXPLORAÇÃO DE JOGOS LOTÉRICOS E SIMILARES
2025,1220,SECRETARIA DE ESTADO DE DESENVOLVIMENTO ECONÔMICO - SEDE,3,0,2041,LOTERIA DO ESTADO DE MINAS GERAIS - LEMG,3,3,90,91,60,9,351,28,846,705,7,4,7004,1,1000.00,1000.00,1000.00,0,PRECATÓRIOS E SENTENÇAS JUDICIÁRIAS,APOIO ÀS POLÍTICAS PÚBLICAS
2025,1220,SECRETARIA DE ESTADO DE DESENVOLVIMENTO ECONÔMICO - SEDE,3,0,2071,FUNDAÇÃO DE AMPARO À PESQUISA DO ESTADO DE MINAS GERAIS - FAPEMIG,3,3,90,14,10,1,9057,19,122,705,2,500,2500,1,90214.00,90214.00,90214.00,0,ASSESSORAMENTO E GERENCIAMENTO DE POLÍTICAS PÚBLICAS,APOIO ÀS POLÍTICAS PÚBLICAS
2025,1220,SECRETARIA DE ESTADO DE DESENVOLVIMENTO ECONÔMICO - SEDE,3,0,2071,FUNDAÇÃO DE AMPARO À PESQUISA DO ESTADO DE MINAS GERAIS - FAPEMIG,3,3,90,30,10,1,9057,19,122,705,2,500,2500,1,262000.00,262000.00,262000.00,0,ASSESSORAMENTO E GERENCIAMENTO DE POLÍTICAS PÚBLICAS,APOIO ÀS POLÍTICAS PÚBLICAS
2025,1220,SECRETARIA DE ESTADO DE DESENVOLVIMENTO ECONÔMICO - SEDE,3,0,2071,FUNDAÇÃO DE AMPARO À PESQUISA DO ESTADO DE MINAS GERAIS - FAPEMIG,3,3,90,33,10,1,9057,19,122,705,2,500,2500,1,98180.00,98180.00,98180.00,0,ASSESSORAMENTO E GERENCIAMENTO DE POLÍTICAS PÚBLICAS,APOIO ÀS POLÍTICAS PÚBLICAS
2025,1220,SECRETARIA DE ESTADO DE DESENVOLVIMENTO ECONÔMICO - SEDE,3,0,2071,FUNDAÇÃO DE AMPARO À PESQUISA DO ESTADO DE MINAS GERAIS - FAPEMIG,3,3,90,35,10,1,9057,19,122,705,2,500,2500,1,305256.00,305256.00,305256.00,0,ASSESSORAMENTO E GERENCIAMENTO DE POLÍTICAS PÚBLICAS,APOIO ÀS POLÍTICAS PÚBLICAS
2025,1220,SECRETARIA DE ESTADO DE DESENVOLVIMENTO ECONÔMICO - SEDE,3,0,2071,FUNDAÇÃO DE AMPARO À PESQUISA DO ESTADO DE MINAS GERAIS - FAPEMIG,3,3,90,36,10,1,9057,19,122,705,2,500,2500,1,18320.00,18320.00,18320.00,0,ASSESSORAMENTO E GERENCIAMENTO DE POLÍTICAS PÚBLICAS,APOIO ÀS POLÍTICAS PÚBLICAS
2025,1220,SECRETARIA DE ESTADO DE DESENVOLVIMENTO ECONÔMICO - SEDE,3,0,2071,FUNDAÇÃO DE AMPARO À PESQUISA DO ESTADO DE MINAS GERAIS - FAPEMIG,3,3,90,37,10,1,9057,19,122,705,2,500,2500,1,16410000.00,16410000.00,16410000.00,0,ASSESSORAMENTO E GERENCIAMENTO DE POLÍTICAS PÚBLICAS,APOIO ÀS POLÍTICAS PÚBLICAS
2025,1220,SECRETARIA DE ESTADO DE DESENVOLVIMENTO ECONÔMICO - SEDE,3,0,2071,FUNDAÇÃO DE AMPARO À PESQUISA DO ESTADO DE MINAS GERAIS - FAPEMIG,3,3,90,39,10,1,9057,19,122,705,2,500,2500,1,2735592.00,2735592.00,2735592.00,0,ASSESSORAMENTO E GERENCIAMENTO DE POLÍTICAS PÚBLICAS,APOIO ÀS POLÍTICAS PÚBLICAS
2025,1220,SECRETARIA DE ESTADO DE DESENVOLVIMENTO ECONÔMICO - SEDE,3,0,2071,FUNDAÇÃO DE AMPARO À PESQUISA DO ESTADO DE MINAS GERAIS - FAPEMIG,3,3,90,40,10,1,9057,19,122,705,2,500,2500,1,6269242.00,6269242.00,6269242.00,0,ASSESSORAMENTO E GERENCIAMENTO DE POLÍTICAS PÚBLICAS,APOIO ÀS POLÍTICAS PÚBLICAS
2025,1220,SECRETARIA DE ESTADO DE DESENVOLVIMENTO ECONÔMICO - SEDE,3,0,2071,FUNDAÇÃO DE AMPARO À PESQUISA DO ESTADO DE MINAS GERAIS - FAPEMIG,3,3,90,47,10,1,9057,19,122,705,2,500,2500,1,130260.00,130260.00,130260.00,0,ASSESSORAMENTO E GERENCIAMENTO DE POLÍTICAS PÚBLICAS,APOIO ÀS POLÍTICAS PÚBLICAS
2025,1220,SECRETARIA DE ESTADO DE DESENVOLVIMENTO ECONÔMICO - SEDE,3,0,2071,FUNDAÇÃO DE AMPARO À PESQUISA DO ESTADO DE MINAS GERAIS - FAPEMIG,3,3,90,49,10,1,9057,19,122,705,2,500,2500,1,335952.00,335952.00,335952.00,0,ASSESSORAMENTO E GERENCIAMENTO DE POLÍTICAS PÚBLICAS,APOIO ÀS POLÍTICAS PÚBLICAS
2025,1220,SECRETARIA DE ESTADO DE DESENVOLVIMENTO ECONÔMICO - SEDE,3,0,2071,FUNDAÇÃO DE AMPARO À PESQUISA DO ESTADO DE MINAS GERAIS - FAPEMIG,4,4,90,40,10,1,9057,19,122,705,2,500,2500,1,2484000.00,2484000.00,2484000.00,0,ASSESSORAMENTO E GERENCIAMENTO DE POLÍTICAS PÚBLICAS,APOIO ÀS POLÍTICAS PÚBLICAS
2025,1220,SECRETARIA DE ESTADO DE DESENVOLVIMENTO ECONÔMICO - SEDE,3,0,2071,FUNDAÇÃO DE AMPARO À PESQUISA DO ESTADO DE MINAS GERAIS - FAPEMIG,4,4,90,52,10,1,9057,19,122,705,2,500,2500,1,2209000.00,2209000.00,2209000.00,0,ASSESSORAMENTO E GERENCIAMENTO DE POLÍTICAS PÚBLICAS,APOIO ÀS POLÍTICAS PÚBLICAS
2025,1220,SECRETARIA DE ESTADO DE DESENVOLVIMENTO ECONÔMICO - SEDE,3,0,2071,FUNDAÇÃO DE AMPARO À PESQUISA DO ESTADO DE MINAS GERAIS - FAPEMIG,4,4,90,52,47,1,9057,19,122,705,2,500,2500,1,11000.00,11000.00,11000.00,0,ASSESSORAMENTO E GERENCIAMENTO DE POLÍTICAS PÚBLICAS,APOIO ÀS POLÍTICAS PÚBLICAS
2025,1220,SECRETARIA DE ESTADO DE DESENVOLVIMENTO ECONÔMICO - SEDE,3,0,2071,FUNDAÇÃO DE AMPARO À PESQUISA DO ESTADO DE MINAS GERAIS - FAPEMIG,3,3,50,43,10,1,10265,19,571,22,4,48,4048,1,8500000.00,8500000.00,8500000.00,0,"FORMAÇÃO, CAPACITAÇÃO, ATRAÇÃO E FIXAÇÃO DE PESSOAS PARA ATUAÇÃO EM CIÊNCIA, TECNOLOGIA E INOVAÇÃO","CONSTRUINDO O FUTURO POR MEIO DA CIÊNCIA, DA TECNOLOGIA E DA INOVAÇÃO"
2025,1220,SECRETARIA DE ESTADO DE DESENVOLVIMENTO ECONÔMICO - SEDE,3,0,2071,FUNDAÇÃO DE AMPARO À PESQUISA DO ESTADO DE MINAS GERAIS - FAPEMIG,3,3,90,13,10,1,10265,19,571,22,4,48,4048,1,42224.00,42224.00,42224.00,0,"FORMAÇÃO, CAPACITAÇÃO, ATRAÇÃO E FIXAÇÃO DE PESSOAS PARA ATUAÇÃO EM CIÊNCIA, TECNOLOGIA E INOVAÇÃO","CONSTRUINDO O FUTURO POR MEIO DA CIÊNCIA, DA TECNOLOGIA E DA INOVAÇÃO"
2025,1220,SECRETARIA DE ESTADO DE DESENVOLVIMENTO ECONÔMICO - SEDE,3,0,2071,FUNDAÇÃO DE AMPARO À PESQUISA DO ESTADO DE MINAS GERAIS - FAPEMIG,3,3,90,18,10,1,10265,19,571,22,4,48,4048,1,100825782.00,100825782.00,100825782.00,0,"FORMAÇÃO, CAPACITAÇÃO, ATRAÇÃO E FIXAÇÃO DE PESSOAS PARA ATUAÇÃO EM CIÊNCIA, TECNOLOGIA E INOVAÇÃO","CONSTRUINDO O FUTURO POR MEIO DA CIÊNCIA, DA TECNOLOGIA E DA INOVAÇÃO"
2025,1220,SECRETARIA DE ESTADO DE DESENVOLVIMENTO ECONÔMICO - SEDE,3,0,2071,FUNDAÇÃO DE AMPARO À PESQUISA DO ESTADO DE MINAS GERAIS - FAPEMIG,3,3,90,20,10,1,10265,19,571,22,4,48,4048,1,11000004.00,11000004.00,11000004.00,0,"FORMAÇÃO, CAPACITAÇÃO, ATRAÇÃO E FIXAÇÃO DE PESSOAS PARA ATUAÇÃO EM CIÊNCIA, TECNOLOGIA E INOVAÇÃO","CONSTRUINDO O FUTURO POR MEIO DA CIÊNCIA, DA TECNOLOGIA E DA INOVAÇÃO"
2025,1220,SECRETARIA DE ESTADO DE DESENVOLVIMENTO ECONÔMICO - SEDE,3,0,2071,FUNDAÇÃO DE AMPARO À PESQUISA DO ESTADO DE MINAS GERAIS - FAPEMIG,3,3,90,36,10,1,10265,19,571,22,4,48,4048,1,210496.00,210496.00,210496.00,0,"FORMAÇÃO, CAPACITAÇÃO, ATRAÇÃO E FIXAÇÃO DE PESSOAS PARA ATUAÇÃO EM CIÊNCIA, TECNOLOGIA E INOVAÇÃO","CONSTRUINDO O FUTURO POR MEIO DA CIÊNCIA, DA TECNOLOGIA E DA INOVAÇÃO"
2025,1220,SECRETARIA DE ESTADO DE DESENVOLVIMENTO ECONÔMICO - SEDE,3,0,2071,FUNDAÇÃO DE AMPARO À PESQUISA DO ESTADO DE MINAS GERAIS - FAPEMIG,3,3,20,93,24,1,10724,19,571,22,4,387,4387,1,100000.00,100000.00,100000.00,0,FOMENTO À INOVAÇÃO DE BASE CIENTÍFICA OU TECNOLÓGICA,"CONSTRUINDO O FUTURO POR MEIO DA CIÊNCIA, DA TECNOLOGIA E DA INOVAÇÃO"
2025,1220,SECRETARIA DE ESTADO DE DESENVOLVIMENTO ECONÔMICO - SEDE,3,0,2071,FUNDAÇÃO DE AMPARO À PESQUISA DO ESTADO DE MINAS GERAIS - FAPEMIG,3,3,50,43,10,1,10724,19,571,22,4,387,4387,1,16806015.00,16806015.00,16806015.00,0,FOMENTO À INOVAÇÃO DE BASE CIENTÍFICA OU TECNOLÓGICA,"CONSTRUINDO O FUTURO POR MEIO DA CIÊNCIA, DA TECNOLOGIA E DA INOVAÇÃO"
2025,1220,SECRETARIA DE ESTADO DE DESENVOLVIMENTO ECONÔMICO - SEDE,3,0,2071,FUNDAÇÃO DE AMPARO À PESQUISA DO ESTADO DE MINAS GERAIS - FAPEMIG,3,3,90,13,10,1,10724,19,571,22,4,387,4387,1,42224.00,42224.00,42224.00,0,FOMENTO À INOVAÇÃO DE BASE CIENTÍFICA OU TECNOLÓGICA,"CONSTRUINDO O FUTURO POR MEIO DA CIÊNCIA, DA TECNOLOGIA E DA INOVAÇÃO"
2025,1220,SECRETARIA DE ESTADO DE DESENVOLVIMENTO ECONÔMICO - SEDE,3,0,2071,FUNDAÇÃO DE AMPARO À PESQUISA DO ESTADO DE MINAS GERAIS - FAPEMIG,3,3,90,13,10,3,10724,19,571,22,4,387,4387,1,3336.00,3336.00,3336.00,0,FOMENTO À INOVAÇÃO DE BASE CIENTÍFICA OU TECNOLÓGICA,"CONSTRUINDO O FUTURO POR MEIO DA CIÊNCIA, DA TECNOLOGIA E DA INOVAÇÃO"
2025,1220,SECRETARIA DE ESTADO DE DESENVOLVIMENTO ECONÔMICO - SEDE,3,0,2071,FUNDAÇÃO DE AMPARO À PESQUISA DO ESTADO DE MINAS GERAIS - FAPEMIG,3,3,90,13,24,1,10724,19,571,22,4,387,4387,1,3310.00,3310.00,3310.00,0,FOMENTO À INOVAÇÃO DE BASE CIENTÍFICA OU TECNOLÓGICA,"CONSTRUINDO O FUTURO POR MEIO DA CIÊNCIA, DA TECNOLOGIA E DA INOVAÇÃO"
2025,1220,SECRETARIA DE ESTADO DE DESENVOLVIMENTO ECONÔMICO - SEDE,3,0,2071,FUNDAÇÃO DE AMPARO À PESQUISA DO ESTADO DE MINAS GERAIS - FAPEMIG,3,3,90,36,10,1,10724,19,571,22,4,387,4387,1,210500.00,210500.00,210500.00,0,FOMENTO À INOVAÇÃO DE BASE CIENTÍFICA OU TECNOLÓGICA,"CONSTRUINDO O FUTURO POR MEIO DA CIÊNCIA, DA TECNOLOGIA E DA INOVAÇÃO"
2025,1220,SECRETARIA DE ESTADO DE DESENVOLVIMENTO ECONÔMICO - SEDE,3,0,2071,FUNDAÇÃO DE AMPARO À PESQUISA DO ESTADO DE MINAS GERAIS - FAPEMIG,3,3,90,36,10,3,10724,19,571,22,4,387,4387,1,13343.00,13343.00,13343.00,0,FOMENTO À INOVAÇÃO DE BASE CIENTÍFICA OU TECNOLÓGICA,"CONSTRUINDO O FUTURO POR MEIO DA CIÊNCIA, DA TECNOLOGIA E DA INOVAÇÃO"
2025,1220,SECRETARIA DE ESTADO DE DESENVOLVIMENTO ECONÔMICO - SEDE,3,0,2071,FUNDAÇÃO DE AMPARO À PESQUISA DO ESTADO DE MINAS GERAIS - FAPEMIG,3,3,90,36,24,1,10724,19,571,22,4,387,4387,1,13240.00,13240.00,13240.00,0,FOMENTO À INOVAÇÃO DE BASE CIENTÍFICA OU TECNOLÓGICA,"CONSTRUINDO O FUTURO POR MEIO DA CIÊNCIA, DA TECNOLOGIA E DA INOVAÇÃO"
2025,1220,SECRETARIA DE ESTADO DE DESENVOLVIMENTO ECONÔMICO - SEDE,3,0,2071,FUNDAÇÃO DE AMPARO À PESQUISA DO ESTADO DE MINAS GERAIS - FAPEMIG,3,3,90,39,10,1,10724,19,571,22,4,387,4387,1,29334500.00,29334500.00,29334500.00,0,FOMENTO À INOVAÇÃO DE BASE CIENTÍFICA OU TECNOLÓGICA,"CONSTRUINDO O FUTURO POR MEIO DA CIÊNCIA, DA TECNOLOGIA E DA INOVAÇÃO"
2025,1220,SECRETARIA DE ESTADO DE DESENVOLVIMENTO ECONÔMICO - SEDE,3,0,2071,FUNDAÇÃO DE AMPARO À PESQUISA DO ESTADO DE MINAS GERAIS - FAPEMIG,3,3,90,39,10,3,10724,19,571,22,4,387,4387,1,333334.00,333334.00,333334.00,0,FOMENTO À INOVAÇÃO DE BASE CIENTÍFICA OU TECNOLÓGICA,"CONSTRUINDO O FUTURO POR MEIO DA CIÊNCIA, DA TECNOLOGIA E DA INOVAÇÃO"
2025,1220,SECRETARIA DE ESTADO DE DESENVOLVIMENTO ECONÔMICO - SEDE,3,0,2071,FUNDAÇÃO DE AMPARO À PESQUISA DO ESTADO DE MINAS GERAIS - FAPEMIG,3,3,90,39,24,1,10724,19,571,22,4,387,4387,1,508465.00,508465.00,508465.00,0,FOMENTO À INOVAÇÃO DE BASE CIENTÍFICA OU TECNOLÓGICA,"CONSTRUINDO O FUTURO POR MEIO DA CIÊNCIA, DA TECNOLOGIA E DA INOVAÇÃO"
2025,1220,SECRETARIA DE ESTADO DE DESENVOLVIMENTO ECONÔMICO - SEDE,3,0,2071,FUNDAÇÃO DE AMPARO À PESQUISA DO ESTADO DE MINAS GERAIS - FAPEMIG,4,4,50,42,10,1,10724,19,571,22,4,387,4387,1,6880000.00,6880000.00,6880000.00,0,FOMENTO À INOVAÇÃO DE BASE CIENTÍFICA OU TECNOLÓGICA,"CONSTRUINDO O FUTURO POR MEIO DA CIÊNCIA, DA TECNOLOGIA E DA INOVAÇÃO"
2025,1220,SECRETARIA DE ESTADO DE DESENVOLVIMENTO ECONÔMICO - SEDE,3,0,2071,FUNDAÇÃO DE AMPARO À PESQUISA DO ESTADO DE MINAS GERAIS - FAPEMIG,4,4,90,39,10,1,10724,19,571,22,4,387,4387,1,10016000.00,10016000.00,10016000.00,0,FOMENTO À INOVAÇÃO DE BASE CIENTÍFICA OU TECNOLÓGICA,"CONSTRUINDO O FUTURO POR MEIO DA CIÊNCIA, DA TECNOLOGIA E DA INOVAÇÃO"
2025,1220,SECRETARIA DE ESTADO DE DESENVOLVIMENTO ECONÔMICO - SEDE,3,0,2071,FUNDAÇÃO DE AMPARO À PESQUISA DO ESTADO DE MINAS GERAIS - FAPEMIG,4,5,90,65,10,1,10724,19,571,22,4,387,4387,1,350000.00,350000.00,350000.00,0,FOMENTO À INOVAÇÃO DE BASE CIENTÍFICA OU TECNOLÓGICA,"CONSTRUINDO O FUTURO POR MEIO DA CIÊNCIA, DA TECNOLOGIA E DA INOVAÇÃO"
2025,1220,SECRETARIA DE ESTADO DE DESENVOLVIMENTO ECONÔMICO - SEDE,3,0,2071,FUNDAÇÃO DE AMPARO À PESQUISA DO ESTADO DE MINAS GERAIS - FAPEMIG,3,3,20,93,24,1,10726,19,571,22,4,513,4513,1,100000.00,100000.00,100000.00,0,FOMENTO À PESQUISA CIENTÍFICA BÁSICA E APLICADA E AO DESENVOLVIMENTO TECNOLÓGICO,"CONSTRUINDO O FUTURO POR MEIO DA CIÊNCIA, DA TECNOLOGIA E DA INOVAÇÃO"
2025,1220,SECRETARIA DE ESTADO DE DESENVOLVIMENTO ECONÔMICO - SEDE,3,0,2071,FUNDAÇÃO DE AMPARO À PESQUISA DO ESTADO DE MINAS GERAIS - FAPEMIG,3,3,50,43,10,1,10726,19,571,22,4,513,4513,1,116625339.00,116625339.00,116625339.00,0,FOMENTO À PESQUISA CIENTÍFICA BÁSICA E APLICADA E AO DESENVOLVIMENTO TECNOLÓGICO,"CONSTRUINDO O FUTURO POR MEIO DA CIÊNCIA, DA TECNOLOGIA E DA INOVAÇÃO"
2025,1220,SECRETARIA DE ESTADO DE DESENVOLVIMENTO ECONÔMICO - SEDE,3,0,2071,FUNDAÇÃO DE AMPARO À PESQUISA DO ESTADO DE MINAS GERAIS - FAPEMIG,3,3,90,13,10,1,10726,19,571,22,4,513,4513,1,42224.00,42224.00,42224.00,0,FOMENTO À PESQUISA CIENTÍFICA BÁSICA E APLICADA E AO DESENVOLVIMENTO TECNOLÓGICO,"CONSTRUINDO O FUTURO POR MEIO DA CIÊNCIA, DA TECNOLOGIA E DA INOVAÇÃO"
2025,1220,SECRETARIA DE ESTADO DE DESENVOLVIMENTO ECONÔMICO - SEDE,3,0,2071,FUNDAÇÃO DE AMPARO À PESQUISA DO ESTADO DE MINAS GERAIS - FAPEMIG,3,3,90,14,10,1,10726,19,571,22,4,513,4513,1,94000.00,94000.00,94000.00,0,FOMENTO À PESQUISA CIENTÍFICA BÁSICA E APLICADA E AO DESENVOLVIMENTO TECNOLÓGICO,"CONSTRUINDO O FUTURO POR MEIO DA CIÊNCIA, DA TECNOLOGIA E DA INOVAÇÃO"
2025,1220,SECRETARIA DE ESTADO DE DESENVOLVIMENTO ECONÔMICO - SEDE,3,0,2071,FUNDAÇÃO DE AMPARO À PESQUISA DO ESTADO DE MINAS GERAIS - FAPEMIG,3,3,90,20,10,3,10726,19,571,22,4,513,4513,1,2200000.00,2200000.00,2200000.00,0,FOMENTO À PESQUISA CIENTÍFICA BÁSICA E APLICADA E AO DESENVOLVIMENTO TECNOLÓGICO,"CONSTRUINDO O FUTURO POR MEIO DA CIÊNCIA, DA TECNOLOGIA E DA INOVAÇÃO"
2025,1220,SECRETARIA DE ESTADO DE DESENVOLVIMENTO ECONÔMICO - SEDE,3,0,2071,FUNDAÇÃO DE AMPARO À PESQUISA DO ESTADO DE MINAS GERAIS - FAPEMIG,3,3,90,20,24,1,10726,19,571,22,4,513,4513,1,4800000.00,4800000.00,4800000.00,0,FOMENTO À PESQUISA CIENTÍFICA BÁSICA E APLICADA E AO DESENVOLVIMENTO TECNOLÓGICO,"CONSTRUINDO O FUTURO POR MEIO DA CIÊNCIA, DA TECNOLOGIA E DA INOVAÇÃO"
2025,1220,SECRETARIA DE ESTADO DE DESENVOLVIMENTO ECONÔMICO - SEDE,3,0,2071,FUNDAÇÃO DE AMPARO À PESQUISA DO ESTADO DE MINAS GERAIS - FAPEMIG,3,3,90,33,10,1,10726,19,571,22,4,513,4513,1,105000.00,105000.00,105000.00,0,FOMENTO À PESQUISA CIENTÍFICA BÁSICA E APLICADA E AO DESENVOLVIMENTO TECNOLÓGICO,"CONSTRUINDO O FUTURO POR MEIO DA CIÊNCIA, DA TECNOLOGIA E DA INOVAÇÃO"
2025,1220,SECRETARIA DE ESTADO DE DESENVOLVIMENTO ECONÔMICO - SEDE,3,0,2071,FUNDAÇÃO DE AMPARO À PESQUISA DO ESTADO DE MINAS GERAIS - FAPEMIG,3,3,90,36,10,1,10726,19,571,22,4,513,4513,1,219873.00,219873.00,219873.00,0,FOMENTO À PESQUISA CIENTÍFICA BÁSICA E APLICADA E AO DESENVOLVIMENTO TECNOLÓGICO,"CONSTRUINDO O FUTURO POR MEIO DA CIÊNCIA, DA TECNOLOGIA E DA INOVAÇÃO"
2025,1220,SECRETARIA DE ESTADO DE DESENVOLVIMENTO ECONÔMICO - SEDE,3,0,2071,FUNDAÇÃO DE AMPARO À PESQUISA DO ESTADO DE MINAS GERAIS - FAPEMIG,3,3,90,39,68,1,10726,19,571,22,4,513,4513,1,70357.00,70357.00,70357.00,0,FOMENTO À PESQUISA CIENTÍFICA BÁSICA E APLICADA E AO DESENVOLVIMENTO TECNOLÓGICO,"CONSTRUINDO O FUTURO POR MEIO DA CIÊNCIA, DA TECNOLOGIA E DA INOVAÇÃO"
2025,1220,SECRETARIA DE ESTADO DE DESENVOLVIMENTO ECONÔMICO - SEDE,3,0,2071,FUNDAÇÃO DE AMPARO À PESQUISA DO ESTADO DE MINAS GERAIS - FAPEMIG,3,3,90,93,68,1,10726,19,571,22,4,513,4513,1,225000.00,225000.00,225000.00,0,FOMENTO À PESQUISA CIENTÍFICA BÁSICA E APLICADA E AO DESENVOLVIMENTO TECNOLÓGICO,"CONSTRUINDO O FUTURO POR MEIO DA CIÊNCIA, DA TECNOLOGIA E DA INOVAÇÃO"
2025,1220,SECRETARIA DE ESTADO DE DESENVOLVIMENTO ECONÔMICO - SEDE,3,0,2071,FUNDAÇÃO DE AMPARO À PESQUISA DO ESTADO DE MINAS GERAIS - FAPEMIG,3,3,90,93,69,1,10726,19,571,22,4,513,4513,1,215000.00,215000.00,215000.00,0,FOMENTO À PESQUISA CIENTÍFICA BÁSICA E APLICADA E AO DESENVOLVIMENTO TECNOLÓGICO,"CONSTRUINDO O FUTURO POR MEIO DA CIÊNCIA, DA TECNOLOGIA E DA INOVAÇÃO"
2025,1220,SECRETARIA DE ESTADO DE DESENVOLVIMENTO ECONÔMICO - SEDE,3,0,2071,FUNDAÇÃO DE AMPARO À PESQUISA DO ESTADO DE MINAS GERAIS - FAPEMIG,3,3,99,99,10,8,10726,19,571,22,4,513,4513,1,500000.00,500000.00,500000.00,0,FOMENTO À PESQUISA CIENTÍFICA BÁSICA E APLICADA E AO DESENVOLVIMENTO TECNOLÓGICO,"CONSTRUINDO O FUTURO POR MEIO DA CIÊNCIA, DA TECNOLOGIA E DA INOVAÇÃO"
2025,1220,SECRETARIA DE ESTADO DE DESENVOLVIMENTO ECONÔMICO - SEDE,3,0,2071,FUNDAÇÃO DE AMPARO À PESQUISA DO ESTADO DE MINAS GERAIS - FAPEMIG,4,4,50,42,10,1,10726,19,571,22,4,513,4513,1,40632157.00,40632157.00,40632157.00,0,FOMENTO À PESQUISA CIENTÍFICA BÁSICA E APLICADA E AO DESENVOLVIMENTO TECNOLÓGICO,"CONSTRUINDO O FUTURO POR MEIO DA CIÊNCIA, DA TECNOLOGIA E DA INOVAÇÃO"
2025,1220,SECRETARIA DE ESTADO DE DESENVOLVIMENTO ECONÔMICO - SEDE,3,0,2071,FUNDAÇÃO DE AMPARO À PESQUISA DO ESTADO DE MINAS GERAIS - FAPEMIG,4,4,90,20,10,3,10726,19,571,22,4,513,4513,1,1600000.00,1600000.00,1600000.00,0,FOMENTO À PESQUISA CIENTÍFICA BÁSICA E APLICADA E AO DESENVOLVIMENTO TECNOLÓGICO,"CONSTRUINDO O FUTURO POR MEIO DA CIÊNCIA, DA TECNOLOGIA E DA INOVAÇÃO"
2025,1220,SECRETARIA DE ESTADO DE DESENVOLVIMENTO ECONÔMICO - SEDE,3,0,2071,FUNDAÇÃO DE AMPARO À PESQUISA DO ESTADO DE MINAS GERAIS - FAPEMIG,4,4,90,20,24,1,10726,19,571,22,4,513,4513,1,3200000.00,3200000.00,3200000.00,0,FOMENTO À PESQUISA CIENTÍFICA BÁSICA E APLICADA E AO DESENVOLVIMENTO TECNOLÓGICO,"CONSTRUINDO O FUTURO POR MEIO DA CIÊNCIA, DA TECNOLOGIA E DA INOVAÇÃO"
2025,1220,SECRETARIA DE ESTADO DE DESENVOLVIMENTO ECONÔMICO - SEDE,3,0,2071,FUNDAÇÃO DE AMPARO À PESQUISA DO ESTADO DE MINAS GERAIS - FAPEMIG,4,4,90,40,68,1,10726,19,571,22,4,513,4513,1,203713.00,203713.00,203713.00,0,FOMENTO À PESQUISA CIENTÍFICA BÁSICA E APLICADA E AO DESENVOLVIMENTO TECNOLÓGICO,"CONSTRUINDO O FUTURO POR MEIO DA CIÊNCIA, DA TECNOLOGIA E DA INOVAÇÃO"
2025,1220,SECRETARIA DE ESTADO DE DESENVOLVIMENTO ECONÔMICO - SEDE,3,0,2071,FUNDAÇÃO DE AMPARO À PESQUISA DO ESTADO DE MINAS GERAIS - FAPEMIG,3,3,50,43,10,1,10884,19,571,143,1,87,1087,1,17541354.00,17541354.00,17541354.00,1,"FOMENTO À CIÊNCIA, PESQUISA, DESENVOLVIMENTO, INOVAÇÃO E À TRANSFERÊNCIA DE TECNOLOGIA","MG TECH - POLÍTICAS DE CIÊNCIA, TECNOLOGIA E INOVAÇÃO"
2025,1220,SECRETARIA DE ESTADO DE DESENVOLVIMENTO ECONÔMICO - SEDE,3,0,2071,FUNDAÇÃO DE AMPARO À PESQUISA DO ESTADO DE MINAS GERAIS - FAPEMIG,3,3,90,13,10,1,10884,19,571,143,1,87,1087,1,12789.00,12789.00,12789.00,1,"FOMENTO À CIÊNCIA, PESQUISA, DESENVOLVIMENTO, INOVAÇÃO E À TRANSFERÊNCIA DE TECNOLOGIA","MG TECH - POLÍTICAS DE CIÊNCIA, TECNOLOGIA E INOVAÇÃO"
2025,1220,SECRETARIA DE ESTADO DE DESENVOLVIMENTO ECONÔMICO - SEDE,3,0,2071,FUNDAÇÃO DE AMPARO À PESQUISA DO ESTADO DE MINAS GERAIS - FAPEMIG,3,3,90,14,10,1,10884,19,571,143,1,87,1087,1,4230.00,4230.00,4230.00,1,"FOMENTO À CIÊNCIA, PESQUISA, DESENVOLVIMENTO, INOVAÇÃO E À TRANSFERÊNCIA DE TECNOLOGIA","MG TECH - POLÍTICAS DE CIÊNCIA, TECNOLOGIA E INOVAÇÃO"
2025,1220,SECRETARIA DE ESTADO DE DESENVOLVIMENTO ECONÔMICO - SEDE,3,0,2071,FUNDAÇÃO DE AMPARO À PESQUISA DO ESTADO DE MINAS GERAIS - FAPEMIG,3,3,90,33,10,1,10884,19,571,143,1,87,1087,1,7200.00,7200.00,7200.00,1,"FOMENTO À CIÊNCIA, PESQUISA, DESENVOLVIMENTO, INOVAÇÃO E À TRANSFERÊNCIA DE TECNOLOGIA","MG TECH - POLÍTICAS DE CIÊNCIA, TECNOLOGIA E INOVAÇÃO"
2025,1220,SECRETARIA DE ESTADO DE DESENVOLVIMENTO ECONÔMICO - SEDE,3,0,2071,FUNDAÇÃO DE AMPARO À PESQUISA DO ESTADO DE MINAS GERAIS - FAPEMIG,3,3,90,36,10,1,10884,19,571,143,1,87,1087,1,63756.00,63756.00,63756.00,1,"FOMENTO À CIÊNCIA, PESQUISA, DESENVOLVIMENTO, INOVAÇÃO E À TRANSFERÊNCIA DE TECNOLOGIA","MG TECH - POLÍTICAS DE CIÊNCIA, TECNOLOGIA E INOVAÇÃO"
2025,1220,SECRETARIA DE ESTADO DE DESENVOLVIMENTO ECONÔMICO - SEDE,3,0,2071,FUNDAÇÃO DE AMPARO À PESQUISA DO ESTADO DE MINAS GERAIS - FAPEMIG,4,4,50,42,10,1,10884,19,571,143,1,87,1087,1,9207570.00,9207570.00,9207570.00,1,"FOMENTO À CIÊNCIA, PESQUISA, DESENVOLVIMENTO, INOVAÇÃO E À TRANSFERÊNCIA DE TECNOLOGIA","MG TECH - POLÍTICAS DE CIÊNCIA, TECNOLOGIA E INOVAÇÃO"
2025,1220,SECRETARIA DE ESTADO DE DESENVOLVIMENTO ECONÔMICO - SEDE,3,0,2071,FUNDAÇÃO DE AMPARO À PESQUISA DO ESTADO DE MINAS GERAIS - FAPEMIG,3,3,50,43,10,1,10890,19,571,143,1,88,1088,1,5198780.00,5198780.00,5198780.00,1,"FOMENTO A AMBIENTES E ESTRUTURAS DE APOIO À PESQUISA, DESENVOLVIMENTO E INOVAÇÃO","MG TECH - POLÍTICAS DE CIÊNCIA, TECNOLOGIA E INOVAÇÃO"
2025,1220,SECRETARIA DE ESTADO DE DESENVOLVIMENTO ECONÔMICO - SEDE,3,0,2071,FUNDAÇÃO DE AMPARO À PESQUISA DO ESTADO DE MINAS GERAIS - FAPEMIG,4,4,50,42,10,1,10890,19,571,143,1,88,1088,1,6000000.00,6000000.00,6000000.00,1,"FOMENTO A AMBIENTES E ESTRUTURAS DE APOIO À PESQUISA, DESENVOLVIMENTO E INOVAÇÃO","MG TECH - POLÍTICAS DE CIÊNCIA, TECNOLOGIA E INOVAÇÃO"
2025,1220,SECRETARIA DE ESTADO DE DESENVOLVIMENTO ECONÔMICO - SEDE,3,0,2071,FUNDAÇÃO DE AMPARO À PESQUISA DO ESTADO DE MINAS GERAIS - FAPEMIG,3,1,90,11,10,1,11098,19,571,705,2,417,2417,1,6474153.00,6474153.00,6474153.00,0,REMUNERAÇÃO DE PESSOAL ATIVO E ENCARGOS SOCIAIS,APOIO ÀS POLÍTICAS PÚBLICAS
2025,1220,SECRETARIA DE ESTADO DE DESENVOLVIMENTO ECONÔMICO - SEDE,3,0,2071,FUNDAÇÃO DE AMPARO À PESQUISA DO ESTADO DE MINAS GERAIS - FAPEMIG,3,1,90,13,10,1,11098,19,571,705,2,417,2417,1,1251456.00,1251456.00,1251456.00,0,REMUNERAÇÃO DE PESSOAL ATIVO E ENCARGOS SOCIAIS,APOIO ÀS POLÍTICAS PÚBLICAS
2025,1220,SECRETARIA DE ESTADO DE DESENVOLVIMENTO ECONÔMICO - SEDE,3,0,2071,FUNDAÇÃO DE AMPARO À PESQUISA DO ESTADO DE MINAS GERAIS - FAPEMIG,3,1,90,16,10,1,11098,19,571,705,2,417,2417,1,2764.00,2764.00,2764.00,0,REMUNERAÇÃO DE PESSOAL ATIVO E ENCARGOS SOCIAIS,APOIO ÀS POLÍTICAS PÚBLICAS
2025,1220,SECRETARIA DE ESTADO DE DESENVOLVIMENTO ECONÔMICO - SEDE,3,0,2071,FUNDAÇÃO DE AMPARO À PESQUISA DO ESTADO DE MINAS GERAIS - FAPEMIG,3,1,90,96,10,1,11098,19,571,705,2,417,2417,1,325000.00,325000.00,325000.00,0,REMUNERAÇÃO DE PESSOAL ATIVO E ENCARGOS SOCIAIS,APOIO ÀS POLÍTICAS PÚBLICAS
2025,1220,SECRETARIA DE ESTADO DE DESENVOLVIMENTO ECONÔMICO - SEDE,3,0,2071,FUNDAÇÃO DE AMPARO À PESQUISA DO ESTADO DE MINAS GERAIS - FAPEMIG,3,1,91,13,10,1,11098,19,571,705,2,417,2417,1,2407261.00,2407261.00,2407261.00,0,REMUNERAÇÃO DE PESSOAL ATIVO E ENCARGOS SOCIAIS,APOIO ÀS POLÍTICAS PÚBLICAS
2025,1220,SECRETARIA DE ESTADO DE DESENVOLVIMENTO ECONÔMICO - SEDE,3,0,2071,FUNDAÇÃO DE AMPARO À PESQUISA DO ESTADO DE MINAS GERAIS - FAPEMIG,3,3,90,46,10,7,11098,19,571,705,2,417,2417,1,1434136.00,1434136.00,1434136.00,0,REMUNERAÇÃO DE PESSOAL ATIVO E ENCARGOS SOCIAIS,APOIO ÀS POLÍTICAS PÚBLICAS
2025,1220,SECRETARIA DE ESTADO DE DESENVOLVIMENTO ECONÔMICO - SEDE,3,0,2071,FUNDAÇÃO DE AMPARO À PESQUISA DO ESTADO DE MINAS GERAIS - FAPEMIG,3,3,50,43,10,1,10727,19,572,22,4,389,4389,1,36765824.00,36765824.00,36765824.00,0,"FOMENTO A ESTRUTURAS PARA PESQUISA, DESENVOLVIMENTO E INOVAÇÃO","CONSTRUINDO O FUTURO POR MEIO DA CIÊNCIA, DA TECNOLOGIA E DA INOVAÇÃO"
2025,1220,SECRETARIA DE ESTADO DE DESENVOLVIMENTO ECONÔMICO - SEDE,3,0,2071,FUNDAÇÃO DE AMPARO À PESQUISA DO ESTADO DE MINAS GERAIS - FAPEMIG,3,3,90,13,10,1,10727,19,572,22,4,389,4389,1,42224.00,42224.00,42224.00,0,"FOMENTO A ESTRUTURAS PARA PESQUISA, DESENVOLVIMENTO E INOVAÇÃO","CONSTRUINDO O FUTURO POR MEIO DA CIÊNCIA, DA TECNOLOGIA E DA INOVAÇÃO"
2025,1220,SECRETARIA DE ESTADO DE DESENVOLVIMENTO ECONÔMICO - SEDE,3,0,2071,FUNDAÇÃO DE AMPARO À PESQUISA DO ESTADO DE MINAS GERAIS - FAPEMIG,3,3,90,36,10,1,10727,19,572,22,4,389,4389,1,208746.00,208746.00,208746.00,0,"FOMENTO A ESTRUTURAS PARA PESQUISA, DESENVOLVIMENTO E INOVAÇÃO","CONSTRUINDO O FUTURO POR MEIO DA CIÊNCIA, DA TECNOLOGIA E DA INOVAÇÃO"
2025,1220,SECRETARIA DE ESTADO DE DESENVOLVIMENTO ECONÔMICO - SEDE,3,0,2071,FUNDAÇÃO DE AMPARO À PESQUISA DO ESTADO DE MINAS GERAIS - FAPEMIG,4,4,50,42,10,1,10727,19,572,22,4,389,4389,1,28649324.00,28649324.00,28649324.00,0,"FOMENTO A ESTRUTURAS PARA PESQUISA, DESENVOLVIMENTO E INOVAÇÃO","CONSTRUINDO O FUTURO POR MEIO DA CIÊNCIA, DA TECNOLOGIA E DA INOVAÇÃO"
2025,1220,SECRETARIA DE ESTADO DE DESENVOLVIMENTO ECONÔMICO - SEDE,3,0,2071,FUNDAÇÃO DE AMPARO À PESQUISA DO ESTADO DE MINAS GERAIS - FAPEMIG,3,3,50,43,10,1,10681,19,573,22,4,362,4362,1,10107415.00,10107415.00,10107415.00,0,COMUNICAÇÃO CIENTÍFICA,"CONSTRUINDO O FUTURO POR MEIO DA CIÊNCIA, DA TECNOLOGIA E DA INOVAÇÃO"
2025,1220,SECRETARIA DE ESTADO DE DESENVOLVIMENTO ECONÔMICO - SEDE,3,0,2071,FUNDAÇÃO DE AMPARO À PESQUISA DO ESTADO DE MINAS GERAIS - FAPEMIG,3,3,90,13,10,1,10681,19,573,22,4,362,4362,1,21112.00,21112.00,21112.00,0,COMUNICAÇÃO CIENTÍFICA,"CONSTRUINDO O FUTURO POR MEIO DA CIÊNCIA, DA TECNOLOGIA E DA INOVAÇÃO"
2025,1220,SECRETARIA DE ESTADO DE DESENVOLVIMENTO ECONÔMICO - SEDE,3,0,2071,FUNDAÇÃO DE AMPARO À PESQUISA DO ESTADO DE MINAS GERAIS - FAPEMIG,3,3,90,36,10,1,10681,19,573,22,4,362,4362,1,105248.00,105248.00,105248.00,0,COMUNICAÇÃO CIENTÍFICA,"CONSTRUINDO O FUTURO POR MEIO DA CIÊNCIA, DA TECNOLOGIA E DA INOVAÇÃO"
2025,1220,SECRETARIA DE ESTADO DE DESENVOLVIMENTO ECONÔMICO - SEDE,3,0,2071,FUNDAÇÃO DE AMPARO À PESQUISA DO ESTADO DE MINAS GERAIS - FAPEMIG,3,3,90,39,10,1,10681,19,573,22,4,362,4362,1,856440.00,856440.00,856440.00,0,COMUNICAÇÃO CIENTÍFICA,"CONSTRUINDO O FUTURO POR MEIO DA CIÊNCIA, DA TECNOLOGIA E DA INOVAÇÃO"
2025,1220,SECRETARIA DE ESTADO DE DESENVOLVIMENTO ECONÔMICO - SEDE,3,0,2071,FUNDAÇÃO DE AMPARO À PESQUISA DO ESTADO DE MINAS GERAIS - FAPEMIG,3,3,50,43,10,1,10833,19,573,143,1,68,1068,1,6000000.00,6000000.00,6000000.00,1,SETOR PRODUTIVO MAIS INOVADOR,"MG TECH - POLÍTICAS DE CIÊNCIA, TECNOLOGIA E INOVAÇÃO"
2025,1220,SECRETARIA DE ESTADO DE DESENVOLVIMENTO ECONÔMICO - SEDE,3,0,2071,FUNDAÇÃO DE AMPARO À PESQUISA DO ESTADO DE MINAS GERAIS - FAPEMIG,3,3,90,39,10,1,10833,19,573,143,1,68,1068,1,11360000.00,11360000.00,11360000.00,1,SETOR PRODUTIVO MAIS INOVADOR,"MG TECH - POLÍTICAS DE CIÊNCIA, TECNOLOGIA E INOVAÇÃO"
2025,1220,SECRETARIA DE ESTADO DE DESENVOLVIMENTO ECONÔMICO - SEDE,3,0,2071,FUNDAÇÃO DE AMPARO À PESQUISA DO ESTADO DE MINAS GERAIS - FAPEMIG,4,4,50,42,10,1,10833,19,573,143,1,68,1068,1,4000000.00,4000000.00,4000000.00,1,SETOR PRODUTIVO MAIS INOVADOR,"MG TECH - POLÍTICAS DE CIÊNCIA, TECNOLOGIA E INOVAÇÃO"
2025,1220,SECRETARIA DE ESTADO DE DESENVOLVIMENTO ECONÔMICO - SEDE,3,0,2071,FUNDAÇÃO DE AMPARO À PESQUISA DO ESTADO DE MINAS GERAIS - FAPEMIG,4,4,90,39,10,1,10833,19,573,143,1,68,1068,1,7640000.00,7640000.00,7640000.00,1,SETOR PRODUTIVO MAIS INOVADOR,"MG TECH - POLÍTICAS DE CIÊNCIA, TECNOLOGIA E INOVAÇÃO"
2025,1220,SECRETARIA DE ESTADO DE DESENVOLVIMENTO ECONÔMICO - SEDE,3,0,2071,FUNDAÇÃO DE AMPARO À PESQUISA DO ESTADO DE MINAS GERAIS - FAPEMIG,3,3,90,20,10,1,10835,19,573,143,1,69,1069,1,1080000.00,1080000.00,1080000.00,1,FORMAÇÃO E RETENÇÃO DE TALENTOS EM ÁREAS TECNOLÓGICAS,"MG TECH - POLÍTICAS DE CIÊNCIA, TECNOLOGIA E INOVAÇÃO"
2025,1220,SECRETARIA DE ESTADO DE DESENVOLVIMENTO ECONÔMICO - SEDE,3,0,2071,FUNDAÇÃO DE AMPARO À PESQUISA DO ESTADO DE MINAS GERAIS - FAPEMIG,3,3,90,39,10,1,10835,19,573,143,1,69,1069,1,7358700.00,7358700.00,7358700.00,1,FORMAÇÃO E RETENÇÃO DE TALENTOS EM ÁREAS TECNOLÓGICAS,"MG TECH - POLÍTICAS DE CIÊNCIA, TECNOLOGIA E INOVAÇÃO"
2025,1220,SECRETARIA DE ESTADO DE DESENVOLVIMENTO ECONÔMICO - SEDE,3,0,2071,FUNDAÇÃO DE AMPARO À PESQUISA DO ESTADO DE MINAS GERAIS - FAPEMIG,4,4,90,39,10,1,10835,19,573,143,1,69,1069,1,400000.00,400000.00,400000.00,1,FORMAÇÃO E RETENÇÃO DE TALENTOS EM ÁREAS TECNOLÓGICAS,"MG TECH - POLÍTICAS DE CIÊNCIA, TECNOLOGIA E INOVAÇÃO"
2025,1220,SECRETARIA DE ESTADO DE DESENVOLVIMENTO ECONÔMICO - SEDE,3,0,2071,FUNDAÇÃO DE AMPARO À PESQUISA DO ESTADO DE MINAS GERAIS - FAPEMIG,3,1,90,91,60,9,126,28,846,705,7,4,7004,1,90543.00,90543.00,90543.00,0,PRECATÓRIOS E SENTENÇAS JUDICIÁRIAS,APOIO ÀS POLÍTICAS PÚBLICAS
2025,1220,SECRETARIA DE ESTADO DE DESENVOLVIMENTO ECONÔMICO - SEDE,3,0,2251,JUNTA COMERCIAL DO ESTADO DE MINAS GERAIS - JUCEMG,3,3,90,39,60,1,10269,23,122,29,4,52,4052,1,415.00,415.00,415.00,0,REDESIM MG,REGISTRO PÚBLICO DE EMPRESAS MERCANTIS E ATIVIDADES AFINS
2025,1220,SECRETARIA DE ESTADO DE DESENVOLVIMENTO ECONÔMICO - SEDE,3,0,2251,JUNTA COMERCIAL DO ESTADO DE MINAS GERAIS - JUCEMG,3,3,90,40,60,1,10269,23,122,29,4,52,4052,1,54254.00,54254.00,54254.00,0,REDESIM MG,REGISTRO PÚBLICO DE EMPRESAS MERCANTIS E ATIVIDADES AFINS
2025,1220,SECRETARIA DE ESTADO DE DESENVOLVIMENTO ECONÔMICO - SEDE,3,0,2251,JUNTA COMERCIAL DO ESTADO DE MINAS GERAIS - JUCEMG,4,4,90,40,60,1,10269,23,122,29,4,52,4052,1,381144.00,381144.00,381144.00,0,REDESIM MG,REGISTRO PÚBLICO DE EMPRESAS MERCANTIS E ATIVIDADES AFINS
2025,1220,SECRETARIA DE ESTADO DE DESENVOLVIMENTO ECONÔMICO - SEDE,3,0,2251,JUNTA COMERCIAL DO ESTADO DE MINAS GERAIS - JUCEMG,3,1,90,11,60,1,11186,23,122,705,2,417,2417,1,12563075.00,12563075.00,12563075.00,0,REMUNERAÇÃO DE PESSOAL ATIVO E ENCARGOS SOCIAIS,APOIO ÀS POLÍTICAS PÚBLICAS
2025,1220,SECRETARIA DE ESTADO DE DESENVOLVIMENTO ECONÔMICO - SEDE,3,0,2251,JUNTA COMERCIAL DO ESTADO DE MINAS GERAIS - JUCEMG,3,1,91,13,60,1,11186,23,122,705,2,417,2417,1,3591559.00,3591559.00,3591559.00,0,REMUNERAÇÃO DE PESSOAL ATIVO E ENCARGOS SOCIAIS,APOIO ÀS POLÍTICAS PÚBLICAS
2025,1220,SECRETARIA DE ESTADO DE DESENVOLVIMENTO ECONÔMICO - SEDE,3,0,2251,JUNTA COMERCIAL DO ESTADO DE MINAS GERAIS - JUCEMG,3,3,90,46,60,7,11186,23,122,705,2,417,2417,1,4306881.00,4306881.00,4306881.00,0,REMUNERAÇÃO DE PESSOAL ATIVO E ENCARGOS SOCIAIS,APOIO ÀS POLÍTICAS PÚBLICAS
2025,1220,SECRETARIA DE ESTADO DE DESENVOLVIMENTO ECONÔMICO - SEDE,3,0,2251,JUNTA COMERCIAL DO ESTADO DE MINAS GERAIS - JUCEMG,3,3,90,49,60,7,11186,23,122,705,2,417,2417,1,198050.00,198050.00,198050.00,0,REMUNERAÇÃO DE PESSOAL ATIVO E ENCARGOS SOCIAIS,APOIO ÀS POLÍTICAS PÚBLICAS
2025,1220,SECRETARIA DE ESTADO DE DESENVOLVIMENTO ECONÔMICO - SEDE,3,0,2251,JUNTA COMERCIAL DO ESTADO DE MINAS GERAIS - JUCEMG,3,3,90,30,60,1,9064,23,122,705,2,500,2500,1,10378.00,10378.00,10378.00,0,ASSESSORAMENTO E GERENCIAMENTO DE POLÍTICAS PÚBLICAS,APOIO ÀS POLÍTICAS PÚBLICAS
2025,1220,SECRETARIA DE ESTADO DE DESENVOLVIMENTO ECONÔMICO - SEDE,3,0,2251,JUNTA COMERCIAL DO ESTADO DE MINAS GERAIS - JUCEMG,3,3,90,36,60,1,9064,23,122,705,2,500,2500,1,8400.00,8400.00,8400.00,0,ASSESSORAMENTO E GERENCIAMENTO DE POLÍTICAS PÚBLICAS,APOIO ÀS POLÍTICAS PÚBLICAS
2025,1220,SECRETARIA DE ESTADO DE DESENVOLVIMENTO ECONÔMICO - SEDE,3,0,2251,JUNTA COMERCIAL DO ESTADO DE MINAS GERAIS - JUCEMG,3,3,90,39,60,1,9064,23,122,705,2,500,2500,1,2094406.00,2094406.00,2094406.00,0,ASSESSORAMENTO E GERENCIAMENTO DE POLÍTICAS PÚBLICAS,APOIO ÀS POLÍTICAS PÚBLICAS
2025,1220,SECRETARIA DE ESTADO DE DESENVOLVIMENTO ECONÔMICO - SEDE,3,0,2251,JUNTA COMERCIAL DO ESTADO DE MINAS GERAIS - JUCEMG,3,3,90,40,60,1,9064,23,122,705,2,500,2500,1,689936.00,689936.00,689936.00,0,ASSESSORAMENTO E GERENCIAMENTO DE POLÍTICAS PÚBLICAS,APOIO ÀS POLÍTICAS PÚBLICAS
2025,1220,SECRETARIA DE ESTADO DE DESENVOLVIMENTO ECONÔMICO - SEDE,3,0,2251,JUNTA COMERCIAL DO ESTADO DE MINAS GERAIS - JUCEMG,3,3,90,47,60,1,9064,23,122,705,2,500,2500,1,1002996.00,1002996.00,1002996.00,0,ASSESSORAMENTO E GERENCIAMENTO DE POLÍTICAS PÚBLICAS,APOIO ÀS POLÍTICAS PÚBLICAS
2025,1220,SECRETARIA DE ESTADO DE DESENVOLVIMENTO ECONÔMICO - SEDE,3,0,2251,JUNTA COMERCIAL DO ESTADO DE MINAS GERAIS - JUCEMG,3,3,90,14,60,1,10268,23,125,29,4,51,4051,1,95475.00,95475.00,95475.00,0,REGISTRO EMPRESARIAL,REGISTRO PÚBLICO DE EMPRESAS MERCANTIS E ATIVIDADES AFINS
2025,1220,SECRETARIA DE ESTADO DE DESENVOLVIMENTO ECONÔMICO - SEDE,3,0,2251,JUNTA COMERCIAL DO ESTADO DE MINAS GERAIS - JUCEMG,3,3,90,33,60,1,10268,23,125,29,4,51,4051,1,226575.00,226575.00,226575.00,0,REGISTRO EMPRESARIAL,REGISTRO PÚBLICO DE EMPRESAS MERCANTIS E ATIVIDADES AFINS
2025,1220,SECRETARIA DE ESTADO DE DESENVOLVIMENTO ECONÔMICO - SEDE,3,0,2251,JUNTA COMERCIAL DO ESTADO DE MINAS GERAIS - JUCEMG,3,3,90,39,60,1,10268,23,125,29,4,51,4051,1,88028.00,88028.00,88028.00,0,REGISTRO EMPRESARIAL,REGISTRO PÚBLICO DE EMPRESAS MERCANTIS E ATIVIDADES AFINS
2025,1220,SECRETARIA DE ESTADO DE DESENVOLVIMENTO ECONÔMICO - SEDE,3,0,2251,JUNTA COMERCIAL DO ESTADO DE MINAS GERAIS - JUCEMG,3,3,90,40,60,1,10268,23,125,29,4,51,4051,1,4297650.00,4297650.00,4297650.00,0,REGISTRO EMPRESARIAL,REGISTRO PÚBLICO DE EMPRESAS MERCANTIS E ATIVIDADES AFINS
2025,1220,SECRETARIA DE ESTADO DE DESENVOLVIMENTO ECONÔMICO - SEDE,3,0,2251,JUNTA COMERCIAL DO ESTADO DE MINAS GERAIS - JUCEMG,4,4,90,40,60,1,10268,23,125,29,4,51,4051,1,8170344.00,8170344.00,8170344.00,0,REGISTRO EMPRESARIAL,REGISTRO PÚBLICO DE EMPRESAS MERCANTIS E ATIVIDADES AFINS
2025,1220,SECRETARIA DE ESTADO DE DESENVOLVIMENTO ECONÔMICO - SEDE,3,0,2251,JUNTA COMERCIAL DO ESTADO DE MINAS GERAIS - JUCEMG,3,1,90,91,60,9,2482,28,846,705,7,4,7004,1,451532.00,451532.00,451532.00,0,PRECATÓRIOS E SENTENÇAS JUDICIÁRIAS,APOIO ÀS POLÍTICAS PÚBLICAS
2025,1220,SECRETARIA DE ESTADO DE DESENVOLVIMENTO ECONÔMICO - SEDE,3,0,2251,JUNTA COMERCIAL DO ESTADO DE MINAS GERAIS - JUCEMG,3,3,90,91,60,9,2482,28,846,705,7,4,7004,1,802080.00,802080.00,802080.00,0,PRECATÓRIOS E SENTENÇAS JUDICIÁRIAS,APOIO ÀS POLÍTICAS PÚBLICAS
2025,1220,SECRETARIA DE ESTADO DE DESENVOLVIMENTO ECONÔMICO - SEDE,3,0,4111,FUNDO DE FOMENTO E DESENVOLVIMENTO SOCIOECONÔMICO DO ESTADO DE MINAS GERAIS - FUNDESE,4,5,90,66,60,1,10258,23,691,24,4,41,4041,1,1000.00,1000.00,1000.00,0,FUNDESE GERAMINAS,DESENVOLVIMENTO SOCIOECONÔMICO
2025,1220,SECRETARIA DE ESTADO DE DESENVOLVIMENTO ECONÔMICO - SEDE,3,0,4111,FUNDO DE FOMENTO E DESENVOLVIMENTO SOCIOECONÔMICO DO ESTADO DE MINAS GERAIS - FUNDESE,4,5,90,66,60,1,10259,23,691,24,4,42,4042,1,1000.00,1000.00,1000.00,0,FUNDESE EMPRESA MINEIRA COMPETITIVA,DESENVOLVIMENTO SOCIOECONÔMICO
2025,1220,SECRETARIA DE ESTADO DE DESENVOLVIMENTO ECONÔMICO - SEDE,3,0,4111,FUNDO DE FOMENTO E DESENVOLVIMENTO SOCIOECONÔMICO DO ESTADO DE MINAS GERAIS - FUNDESE,4,5,90,66,60,1,10260,23,691,24,4,43,4043,1,1000.00,1000.00,1000.00,0,FUNDESE BASE TECNOLOGICA,DESENVOLVIMENTO SOCIOECONÔMICO
2025,1220,SECRETARIA DE ESTADO DE DESENVOLVIMENTO ECONÔMICO - SEDE,3,0,4661,FUNDO DE ATIVOS IMOBILIÁRIOS DE MINAS GERAIS - FAIMG,3,3,90,39,60,1,11001,4,129,125,4,541,4541,1,1000.00,1000.00,1000.00,0,ATIVOS IMOBILIÁRIOS DE MINAS GERAIS - FAIMG,POLÍTICA DE REGULARIZAÇÃO FUNDIÁRIA E DE GESTÃO DE IMÓVEIS
2025,1220,SECRETARIA DE ESTADO DE DESENVOLVIMENTO ECONÔMICO - SEDE,3,0,4671,FUNDO DE INVESTIMENTOS IMOBILIÁRIOS DE MINAS GERAIS - FIIMG,3,3,90,39,10,1,11015,4,129,125,4,549,4549,1,1000.00,1000.00,1000.00,0,FUNDO DE INVESTIMENTOS IMOBILIÁRIOS DE MINAS GERAIS - FIIMG,POLÍTICA DE REGULARIZAÇÃO FUNDIÁRIA E DE GESTÃO DE IMÓVEIS
2025,1230,"SECRETARIA DE ESTADO DE AGRICULTURA, PECUÁRIA E ABASTECIMENTO - SEAPA",3,0,1231,"SECRETARIA DE ESTADO DE AGRICULTURA, PECUÁRIA E ABASTECIMENTO - SEAPA",3,1,90,7,10,1,11215,20,122,705,2,417,2417,1,1049.00,1049.00,1049.00,0,REMUNERAÇÃO DE PESSOAL ATIVO E ENCARGOS SOCIAIS,APOIO ÀS POLÍTICAS PÚBLICAS
2025,1230,"SECRETARIA DE ESTADO DE AGRICULTURA, PECUÁRIA E ABASTECIMENTO - SEAPA",3,0,1231,"SECRETARIA DE ESTADO DE AGRICULTURA, PECUÁRIA E ABASTECIMENTO - SEAPA",3,1,90,11,10,1,11215,20,122,705,2,417,2417,1,13319601.00,13319601.00,13319601.00,0,REMUNERAÇÃO DE PESSOAL ATIVO E ENCARGOS SOCIAIS,APOIO ÀS POLÍTICAS PÚBLICAS
2025,1230,"SECRETARIA DE ESTADO DE AGRICULTURA, PECUÁRIA E ABASTECIMENTO - SEAPA",3,0,1231,"SECRETARIA DE ESTADO DE AGRICULTURA, PECUÁRIA E ABASTECIMENTO - SEAPA",3,1,90,13,10,1,11215,20,122,705,2,417,2417,1,1651234.00,1651234.00,1651234.00,0,REMUNERAÇÃO DE PESSOAL ATIVO E ENCARGOS SOCIAIS,APOIO ÀS POLÍTICAS PÚBLICAS
2025,1230,"SECRETARIA DE ESTADO DE AGRICULTURA, PECUÁRIA E ABASTECIMENTO - SEAPA",3,0,1231,"SECRETARIA DE ESTADO DE AGRICULTURA, PECUÁRIA E ABASTECIMENTO - SEAPA",3,1,90,16,10,1,11215,20,122,705,2,417,2417,1,476894.00,476894.00,476894.00,0,REMUNERAÇÃO DE PESSOAL ATIVO E ENCARGOS SOCIAIS,APOIO ÀS POLÍTICAS PÚBLICAS
2025,1230,"SECRETARIA DE ESTADO DE AGRICULTURA, PECUÁRIA E ABASTECIMENTO - SEAPA",3,0,1231,"SECRETARIA DE ESTADO DE AGRICULTURA, PECUÁRIA E ABASTECIMENTO - SEAPA",3,1,90,92,10,1,11215,20,122,705,2,417,2417,1,1921.00,1921.00,1921.00,0,REMUNERAÇÃO DE PESSOAL ATIVO E ENCARGOS SOCIAIS,APOIO ÀS POLÍTICAS PÚBLICAS
2025,1230,"SECRETARIA DE ESTADO DE AGRICULTURA, PECUÁRIA E ABASTECIMENTO - SEAPA",3,0,1231,"SECRETARIA DE ESTADO DE AGRICULTURA, PECUÁRIA E ABASTECIMENTO - SEAPA",3,1,91,13,10,1,11215,20,122,705,2,417,2417,1,2368876.00,2368876.00,2368876.00,0,REMUNERAÇÃO DE PESSOAL ATIVO E ENCARGOS SOCIAIS,APOIO ÀS POLÍTICAS PÚBLICAS
2025,1230,"SECRETARIA DE ESTADO DE AGRICULTURA, PECUÁRIA E ABASTECIMENTO - SEAPA",3,0,1231,"SECRETARIA DE ESTADO DE AGRICULTURA, PECUÁRIA E ABASTECIMENTO - SEAPA",3,3,90,8,10,7,11215,20,122,705,2,417,2417,1,488.00,488.00,488.00,0,REMUNERAÇÃO DE PESSOAL ATIVO E ENCARGOS SOCIAIS,APOIO ÀS POLÍTICAS PÚBLICAS
2025,1230,"SECRETARIA DE ESTADO DE AGRICULTURA, PECUÁRIA E ABASTECIMENTO - SEAPA",3,0,1231,"SECRETARIA DE ESTADO DE AGRICULTURA, PECUÁRIA E ABASTECIMENTO - SEAPA",3,3,90,36,10,1,11215,20,122,705,2,417,2417,1,60667.00,60667.00,60667.00,0,REMUNERAÇÃO DE PESSOAL ATIVO E ENCARGOS SOCIAIS,APOIO ÀS POLÍTICAS PÚBLICAS
2025,1230,"SECRETARIA DE ESTADO DE AGRICULTURA, PECUÁRIA E ABASTECIMENTO - SEAPA",3,0,1231,"SECRETARIA DE ESTADO DE AGRICULTURA, PECUÁRIA E ABASTECIMENTO - SEAPA",3,3,90,46,10,7,11215,20,122,705,2,417,2417,1,2531649.00,2531649.00,2531649.00,0,REMUNERAÇÃO DE PESSOAL ATIVO E ENCARGOS SOCIAIS,APOIO ÀS POLÍTICAS PÚBLICAS
2025,1230,"SECRETARIA DE ESTADO DE AGRICULTURA, PECUÁRIA E ABASTECIMENTO - SEAPA",3,0,1231,"SECRETARIA DE ESTADO DE AGRICULTURA, PECUÁRIA E ABASTECIMENTO - SEAPA",3,3,90,49,10,1,11215,20,122,705,2,417,2417,1,10395.00,10395.00,10395.00,0,REMUNERAÇÃO DE PESSOAL ATIVO E ENCARGOS SOCIAIS,APOIO ÀS POLÍTICAS PÚBLICAS
2025,1230,"SECRETARIA DE ESTADO DE AGRICULTURA, PECUÁRIA E ABASTECIMENTO - SEAPA",3,0,1231,"SECRETARIA DE ESTADO DE AGRICULTURA, PECUÁRIA E ABASTECIMENTO - SEAPA",3,3,90,49,10,7,11215,20,122,705,2,417,2417,1,216190.00,216190.00,216190.00,0,REMUNERAÇÃO DE PESSOAL ATIVO E ENCARGOS SOCIAIS,APOIO ÀS POLÍTICAS PÚBLICAS
2025,1230,"SECRETARIA DE ESTADO DE AGRICULTURA, PECUÁRIA E ABASTECIMENTO - SEAPA",3,0,1231,"SECRETARIA DE ESTADO DE AGRICULTURA, PECUÁRIA E ABASTECIMENTO - SEAPA",3,3,90,14,10,1,9559,20,122,705,2,500,2500,1,327710.00,327710.00,327710.00,0,ASSESSORAMENTO E GERENCIAMENTO DE POLÍTICAS PÚBLICAS,APOIO ÀS POLÍTICAS PÚBLICAS
2025,1230,"SECRETARIA DE ESTADO DE AGRICULTURA, PECUÁRIA E ABASTECIMENTO - SEAPA",3,0,1231,"SECRETARIA DE ESTADO DE AGRICULTURA, PECUÁRIA E ABASTECIMENTO - SEAPA",3,3,90,30,10,1,9559,20,122,705,2,500,2500,1,30500.00,30500.00,30500.00,0,ASSESSORAMENTO E GERENCIAMENTO DE POLÍTICAS PÚBLICAS,APOIO ÀS POLÍTICAS PÚBLICAS
2025,1230,"SECRETARIA DE ESTADO DE AGRICULTURA, PECUÁRIA E ABASTECIMENTO - SEAPA",3,0,1231,"SECRETARIA DE ESTADO DE AGRICULTURA, PECUÁRIA E ABASTECIMENTO - SEAPA",3,3,90,33,10,1,9559,20,122,705,2,500,2500,1,130660.00,130660.00,130660.00,0,ASSESSORAMENTO E GERENCIAMENTO DE POLÍTICAS PÚBLICAS,APOIO ÀS POLÍTICAS PÚBLICAS
2025,1230,"SECRETARIA DE ESTADO DE AGRICULTURA, PECUÁRIA E ABASTECIMENTO - SEAPA",3,0,1231,"SECRETARIA DE ESTADO DE AGRICULTURA, PECUÁRIA E ABASTECIMENTO - SEAPA",3,3,90,36,10,1,9559,20,122,705,2,500,2500,1,50300.00,50300.00,50300.00,0,ASSESSORAMENTO E GERENCIAMENTO DE POLÍTICAS PÚBLICAS,APOIO ÀS POLÍTICAS PÚBLICAS
2025,1230,"SECRETARIA DE ESTADO DE AGRICULTURA, PECUÁRIA E ABASTECIMENTO - SEAPA",3,0,1231,"SECRETARIA DE ESTADO DE AGRICULTURA, PECUÁRIA E ABASTECIMENTO - SEAPA",3,3,90,37,10,1,9559,20,122,705,2,500,2500,1,9658435.00,9658435.00,9658435.00,0,ASSESSORAMENTO E GERENCIAMENTO DE POLÍTICAS PÚBLICAS,APOIO ÀS POLÍTICAS PÚBLICAS
2025,1230,"SECRETARIA DE ESTADO DE AGRICULTURA, PECUÁRIA E ABASTECIMENTO - SEAPA",3,0,1231,"SECRETARIA DE ESTADO DE AGRICULTURA, PECUÁRIA E ABASTECIMENTO - SEAPA",3,3,90,39,10,1,9559,20,122,705,2,500,2500,1,5903831.00,5903831.00,5903831.00,0,ASSESSORAMENTO E GERENCIAMENTO DE POLÍTICAS PÚBLICAS,APOIO ÀS POLÍTICAS PÚBLICAS
2025,1230,"SECRETARIA DE ESTADO DE AGRICULTURA, PECUÁRIA E ABASTECIMENTO - SEAPA",3,0,1231,"SECRETARIA DE ESTADO DE AGRICULTURA, PECUÁRIA E ABASTECIMENTO - SEAPA",3,3,90,40,10,1,9559,20,122,705,2,500,2500,1,515359.00,515359.00,515359.00,0,ASSESSORAMENTO E GERENCIAMENTO DE POLÍTICAS PÚBLICAS,APOIO ÀS POLÍTICAS PÚBLICAS
2025,1230,"SECRETARIA DE ESTADO DE AGRICULTURA, PECUÁRIA E ABASTECIMENTO - SEAPA",3,0,1231,"SECRETARIA DE ESTADO DE AGRICULTURA, PECUÁRIA E ABASTECIMENTO - SEAPA",3,3,90,49,10,1,9559,20,122,705,2,500,2500,1,7623.00,7623.00,7623.00,0,ASSESSORAMENTO E GERENCIAMENTO DE POLÍTICAS PÚBLICAS,APOIO ÀS POLÍTICAS PÚBLICAS
2025,1230,"SECRETARIA DE ESTADO DE AGRICULTURA, PECUÁRIA E ABASTECIMENTO - SEAPA",3,0,1231,"SECRETARIA DE ESTADO DE AGRICULTURA, PECUÁRIA E ABASTECIMENTO - SEAPA",3,3,90,14,10,1,10763,20,127,114,4,419,4419,1,47734.00,47734.00,47734.00,0,ESTRADAS E INFRAESTRUTURA RURAL,INFRAESTRUTURA RURAL E AGRICULTURA SUSTENTÁVEL
2025,1230,"SECRETARIA DE ESTADO DE AGRICULTURA, PECUÁRIA E ABASTECIMENTO - SEAPA",3,0,1231,"SECRETARIA DE ESTADO DE AGRICULTURA, PECUÁRIA E ABASTECIMENTO - SEAPA",3,3,90,39,10,1,10763,20,127,114,4,419,4419,1,600.00,600.00,600.00,0,ESTRADAS E INFRAESTRUTURA RURAL,INFRAESTRUTURA RURAL E AGRICULTURA SUSTENTÁVEL
2025,1230,"SECRETARIA DE ESTADO DE AGRICULTURA, PECUÁRIA E ABASTECIMENTO - SEAPA",3,0,1231,"SECRETARIA DE ESTADO DE AGRICULTURA, PECUÁRIA E ABASTECIMENTO - SEAPA",4,4,40,41,15,1,10763,20,127,114,4,419,4419,1,40000000.00,40000000.00,40000000.00,0,ESTRADAS E INFRAESTRUTURA RURAL,INFRAESTRUTURA RURAL E AGRICULTURA SUSTENTÁVEL
2025,1230,"SECRETARIA DE ESTADO DE AGRICULTURA, PECUÁRIA E ABASTECIMENTO - SEAPA",3,0,1231,"SECRETARIA DE ESTADO DE AGRICULTURA, PECUÁRIA E ABASTECIMENTO - SEAPA",4,4,99,99,10,8,10763,20,127,114,4,419,4419,1,1000000.00,1000000.00,2500000.00,0,ESTRADAS E INFRAESTRUTURA RURAL,INFRAESTRUTURA RURAL E AGRICULTURA SUSTENTÁVEL
2025,1230,"SECRETARIA DE ESTADO DE AGRICULTURA, PECUÁRIA E ABASTECIMENTO - SEAPA",3,0,1231,"SECRETARIA DE ESTADO DE AGRICULTURA, PECUÁRIA E ABASTECIMENTO - SEAPA",3,3,90,14,10,1,10741,20,331,113,4,400,4400,1,5969.00,5969.00,5969.00,0,AGRO SEGURO,GARANTIA DE CONTINUIDADE DA PRODUÇÃO AGROPECUÁRIA
2025,1230,"SECRETARIA DE ESTADO DE AGRICULTURA, PECUÁRIA E ABASTECIMENTO - SEAPA",3,0,1231,"SECRETARIA DE ESTADO DE AGRICULTURA, PECUÁRIA E ABASTECIMENTO - SEAPA",3,3,90,14,10,1,10732,20,544,114,4,393,4393,1,40000.00,40000.00,40000.00,0,GESTÃO DE BARRAGENS,INFRAESTRUTURA RURAL E AGRICULTURA SUSTENTÁVEL
2025,1230,"SECRETARIA DE ESTADO DE AGRICULTURA, PECUÁRIA E ABASTECIMENTO - SEAPA",3,0,1231,"SECRETARIA DE ESTADO DE AGRICULTURA, PECUÁRIA E ABASTECIMENTO - SEAPA",3,3,90,30,10,1,10732,20,544,114,4,393,4393,1,25083.00,25083.00,25083.00,0,GESTÃO DE BARRAGENS,INFRAESTRUTURA RURAL E AGRICULTURA SUSTENTÁVEL
2025,1230,"SECRETARIA DE ESTADO DE AGRICULTURA, PECUÁRIA E ABASTECIMENTO - SEAPA",3,0,1231,"SECRETARIA DE ESTADO DE AGRICULTURA, PECUÁRIA E ABASTECIMENTO - SEAPA",3,3,90,36,10,1,10732,20,544,114,4,393,4393,1,2400.00,2400.00,2400.00,0,GESTÃO DE BARRAGENS,INFRAESTRUTURA RURAL E AGRICULTURA SUSTENTÁVEL
2025,1230,"SECRETARIA DE ESTADO DE AGRICULTURA, PECUÁRIA E ABASTECIMENTO - SEAPA",3,0,1231,"SECRETARIA DE ESTADO DE AGRICULTURA, PECUÁRIA E ABASTECIMENTO - SEAPA",3,3,90,37,10,1,10732,20,544,114,4,393,4393,1,2284193.00,2284193.00,2284193.00,0,GESTÃO DE BARRAGENS,INFRAESTRUTURA RURAL E AGRICULTURA SUSTENTÁVEL
2025,1230,"SECRETARIA DE ESTADO DE AGRICULTURA, PECUÁRIA E ABASTECIMENTO - SEAPA",3,0,1231,"SECRETARIA DE ESTADO DE AGRICULTURA, PECUÁRIA E ABASTECIMENTO - SEAPA",3,3,90,39,10,1,10732,20,544,114,4,393,4393,1,1738000.00,1738000.00,1738000.00,0,GESTÃO DE BARRAGENS,INFRAESTRUTURA RURAL E AGRICULTURA SUSTENTÁVEL
2025,1230,"SECRETARIA DE ESTADO DE AGRICULTURA, PECUÁRIA E ABASTECIMENTO - SEAPA",3,0,1231,"SECRETARIA DE ESTADO DE AGRICULTURA, PECUÁRIA E ABASTECIMENTO - SEAPA",3,3,90,14,10,1,10735,20,544,114,4,394,4394,1,34142.00,34142.00,34142.00,0,PROJETO JAÍBA,INFRAESTRUTURA RURAL E AGRICULTURA SUSTENTÁVEL
2025,1230,"SECRETARIA DE ESTADO DE AGRICULTURA, PECUÁRIA E ABASTECIMENTO - SEAPA",3,0,1231,"SECRETARIA DE ESTADO DE AGRICULTURA, PECUÁRIA E ABASTECIMENTO - SEAPA",3,3,90,14,71,1,10739,20,607,114,4,398,4398,1,34440.00,34440.00,34440.00,1,IRRIGA MINAS - AGRICULTURA IRRIGADA SUSTENTÁVEL,INFRAESTRUTURA RURAL E AGRICULTURA SUSTENTÁVEL
2025,1230,"SECRETARIA DE ESTADO DE AGRICULTURA, PECUÁRIA E ABASTECIMENTO - SEAPA",3,0,1231,"SECRETARIA DE ESTADO DE AGRICULTURA, PECUÁRIA E ABASTECIMENTO - SEAPA",3,3,90,32,1,1,10739,20,607,114,4,398,4398,1,764000.00,764000.00,764000.00,1,IRRIGA MINAS - AGRICULTURA IRRIGADA SUSTENTÁVEL,INFRAESTRUTURA RURAL E AGRICULTURA SUSTENTÁVEL
2025,1230,"SECRETARIA DE ESTADO DE AGRICULTURA, PECUÁRIA E ABASTECIMENTO - SEAPA",3,0,1231,"SECRETARIA DE ESTADO DE AGRICULTURA, PECUÁRIA E ABASTECIMENTO - SEAPA",3,3,99,99,10,4,10739,20,607,114,4,398,4398,1,600000.00,600000.00,600000.00,1,IRRIGA MINAS - AGRICULTURA IRRIGADA SUSTENTÁVEL,INFRAESTRUTURA RURAL E AGRICULTURA SUSTENTÁVEL
2025,1230,"SECRETARIA DE ESTADO DE AGRICULTURA, PECUÁRIA E ABASTECIMENTO - SEAPA",3,0,1231,"SECRETARIA DE ESTADO DE AGRICULTURA, PECUÁRIA E ABASTECIMENTO - SEAPA",3,3,99,99,10,8,10739,20,607,114,4,398,4398,1,458368.00,458368.00,1108368.00,1,IRRIGA MINAS - AGRICULTURA IRRIGADA SUSTENTÁVEL,INFRAESTRUTURA RURAL E AGRICULTURA SUSTENTÁVEL
2025,1230,"SECRETARIA DE ESTADO DE AGRICULTURA, PECUÁRIA E ABASTECIMENTO - SEAPA",3,0,1231,"SECRETARIA DE ESTADO DE AGRICULTURA, PECUÁRIA E ABASTECIMENTO - SEAPA",3,3,90,14,10,1,10673,20,608,108,4,357,4357,1,30000.00,30000.00,30000.00,0,AGROEXPORTA - PROMOÇÃO DO AGRONEGÓCIO MINEIRO PARA A EXPORTAÇÃO,ACESSO A MERCADOS
2025,1230,"SECRETARIA DE ESTADO DE AGRICULTURA, PECUÁRIA E ABASTECIMENTO - SEAPA",3,0,1231,"SECRETARIA DE ESTADO DE AGRICULTURA, PECUÁRIA E ABASTECIMENTO - SEAPA",3,3,90,33,10,1,10673,20,608,108,4,357,4357,1,50000.00,50000.00,50000.00,0,AGROEXPORTA - PROMOÇÃO DO AGRONEGÓCIO MINEIRO PARA A EXPORTAÇÃO,ACESSO A MERCADOS
2025,1230,"SECRETARIA DE ESTADO DE AGRICULTURA, PECUÁRIA E ABASTECIMENTO - SEAPA",3,0,1231,"SECRETARIA DE ESTADO DE AGRICULTURA, PECUÁRIA E ABASTECIMENTO - SEAPA",3,3,90,14,10,1,10674,20,608,108,4,358,4358,1,10000.00,10000.00,10000.00,0,CIRCUITOS DE COMERCIALIZAÇÃO,ACESSO A MERCADOS
2025,1230,"SECRETARIA DE ESTADO DE AGRICULTURA, PECUÁRIA E ABASTECIMENTO - SEAPA",3,0,1231,"SECRETARIA DE ESTADO DE AGRICULTURA, PECUÁRIA E ABASTECIMENTO - SEAPA",3,3,90,36,10,1,10674,20,608,108,4,358,4358,1,5000.00,5000.00,5000.00,0,CIRCUITOS DE COMERCIALIZAÇÃO,ACESSO A MERCADOS
2025,1230,"SECRETARIA DE ESTADO DE AGRICULTURA, PECUÁRIA E ABASTECIMENTO - SEAPA",3,0,1231,"SECRETARIA DE ESTADO DE AGRICULTURA, PECUÁRIA E ABASTECIMENTO - SEAPA",3,3,99,99,10,8,10674,20,608,108,4,358,4358,1,250000.00,250000.00,250000.00,0,CIRCUITOS DE COMERCIALIZAÇÃO,ACESSO A MERCADOS
2025,1230,"SECRETARIA DE ESTADO DE AGRICULTURA, PECUÁRIA E ABASTECIMENTO - SEAPA",3,0,1231,"SECRETARIA DE ESTADO DE AGRICULTURA, PECUÁRIA E ABASTECIMENTO - SEAPA",4,4,99,99,10,4,10674,20,608,108,4,358,4358,1,250000.00,250000.00,250000.00,0,CIRCUITOS DE COMERCIALIZAÇÃO,ACESSO A MERCADOS
2025,1230,"SECRETARIA DE ESTADO DE AGRICULTURA, PECUÁRIA E ABASTECIMENTO - SEAPA",3,0,1231,"SECRETARIA DE ESTADO DE AGRICULTURA, PECUÁRIA E ABASTECIMENTO - SEAPA",4,4,99,99,10,8,10674,20,608,108,4,358,4358,1,500000.00,500000.00,500000.00,0,CIRCUITOS DE COMERCIALIZAÇÃO,ACESSO A MERCADOS
2025,1230,"SECRETARIA DE ESTADO DE AGRICULTURA, PECUÁRIA E ABASTECIMENTO - SEAPA",3,0,1231,"SECRETARIA DE ESTADO DE AGRICULTURA, PECUÁRIA E ABASTECIMENTO - SEAPA",3,3,90,14,10,1,10675,20,608,108,4,359,4359,1,6000.00,6000.00,6000.00,0,COOPERAF,ACESSO A MERCADOS
2025,1230,"SECRETARIA DE ESTADO DE AGRICULTURA, PECUÁRIA E ABASTECIMENTO - SEAPA",3,0,1231,"SECRETARIA DE ESTADO DE AGRICULTURA, PECUÁRIA E ABASTECIMENTO - SEAPA",3,3,90,14,10,1,10680,20,608,108,4,361,4361,1,10000.00,10000.00,10000.00,0,MERCADOS INSTITUCIONAIS,ACESSO A MERCADOS
2025,1230,"SECRETARIA DE ESTADO DE AGRICULTURA, PECUÁRIA E ABASTECIMENTO - SEAPA",3,0,1231,"SECRETARIA DE ESTADO DE AGRICULTURA, PECUÁRIA E ABASTECIMENTO - SEAPA",3,3,90,36,10,1,10680,20,608,108,4,361,4361,1,50000.00,50000.00,50000.00,0,MERCADOS INSTITUCIONAIS,ACESSO A MERCADOS
2025,1230,"SECRETARIA DE ESTADO DE AGRICULTURA, PECUÁRIA E ABASTECIMENTO - SEAPA",3,0,1231,"SECRETARIA DE ESTADO DE AGRICULTURA, PECUÁRIA E ABASTECIMENTO - SEAPA",4,4,99,99,10,8,10680,20,608,108,4,361,4361,1,1000000.00,1000000.00,1000000.00,0,MERCADOS INSTITUCIONAIS,ACESSO A MERCADOS
2025,1230,"SECRETARIA DE ESTADO DE AGRICULTURA, PECUÁRIA E ABASTECIMENTO - SEAPA",3,0,1231,"SECRETARIA DE ESTADO DE AGRICULTURA, PECUÁRIA E ABASTECIMENTO - SEAPA",3,3,40,41,59,1,10684,20,608,111,1,53,1053,1,6860000.00,6860000.00,6860000.00,0,AGROEXTRATIVISMO,DESENVOLVIMENTO DAS CADEIAS PRODUTIVAS DA AGROPECUÁRIA
2025,1230,"SECRETARIA DE ESTADO DE AGRICULTURA, PECUÁRIA E ABASTECIMENTO - SEAPA",3,0,1231,"SECRETARIA DE ESTADO DE AGRICULTURA, PECUÁRIA E ABASTECIMENTO - SEAPA",3,3,90,14,10,1,10720,20,608,111,4,383,4383,1,20000.00,20000.00,20000.00,0,APOIO ÀS CADEIAS PRODUTIVAS DA AGROPECUÁRIA,DESENVOLVIMENTO DAS CADEIAS PRODUTIVAS DA AGROPECUÁRIA
2025,1230,"SECRETARIA DE ESTADO DE AGRICULTURA, PECUÁRIA E ABASTECIMENTO - SEAPA",3,0,1231,"SECRETARIA DE ESTADO DE AGRICULTURA, PECUÁRIA E ABASTECIMENTO - SEAPA",3,3,99,99,10,4,10720,20,608,111,4,383,4383,1,300000.00,300000.00,1620000.00,0,APOIO ÀS CADEIAS PRODUTIVAS DA AGROPECUÁRIA,DESENVOLVIMENTO DAS CADEIAS PRODUTIVAS DA AGROPECUÁRIA
2025,1230,"SECRETARIA DE ESTADO DE AGRICULTURA, PECUÁRIA E ABASTECIMENTO - SEAPA",3,0,1231,"SECRETARIA DE ESTADO DE AGRICULTURA, PECUÁRIA E ABASTECIMENTO - SEAPA",3,3,99,99,10,8,10720,20,608,111,4,383,4383,1,1000000.00,1000000.00,1000000.00,0,APOIO ÀS CADEIAS PRODUTIVAS DA AGROPECUÁRIA,DESENVOLVIMENTO DAS CADEIAS PRODUTIVAS DA AGROPECUÁRIA
2025,1230,"SECRETARIA DE ESTADO DE AGRICULTURA, PECUÁRIA E ABASTECIMENTO - SEAPA",3,0,1231,"SECRETARIA DE ESTADO DE AGRICULTURA, PECUÁRIA E ABASTECIMENTO - SEAPA",4,4,99,99,10,4,10720,20,608,111,4,383,4383,1,70000.00,70000.00,280000.00,0,APOIO ÀS CADEIAS PRODUTIVAS DA AGROPECUÁRIA,DESENVOLVIMENTO DAS CADEIAS PRODUTIVAS DA AGROPECUÁRIA
2025,1230,"SECRETARIA DE ESTADO DE AGRICULTURA, PECUÁRIA E ABASTECIMENTO - SEAPA",3,0,1231,"SECRETARIA DE ESTADO DE AGRICULTURA, PECUÁRIA E ABASTECIMENTO - SEAPA",4,4,99,99,10,8,10720,20,608,111,4,383,4383,1,1000000.00,1000000.00,1000000.00,0,APOIO ÀS CADEIAS PRODUTIVAS DA AGROPECUÁRIA,DESENVOLVIMENTO DAS CADEIAS PRODUTIVAS DA AGROPECUÁRIA
2025,1230,"SECRETARIA DE ESTADO DE AGRICULTURA, PECUÁRIA E ABASTECIMENTO - SEAPA",3,0,1231,"SECRETARIA DE ESTADO DE AGRICULTURA, PECUÁRIA E ABASTECIMENTO - SEAPA",3,3,90,14,10,1,10764,20,608,111,4,420,4420,1,600.00,600.00,600.00,0,MECANIZAÇÃO NO CAMPO,DESENVOLVIMENTO DAS CADEIAS PRODUTIVAS DA AGROPECUÁRIA
2025,1230,"SECRETARIA DE ESTADO DE AGRICULTURA, PECUÁRIA E ABASTECIMENTO - SEAPA",3,0,1231,"SECRETARIA DE ESTADO DE AGRICULTURA, PECUÁRIA E ABASTECIMENTO - SEAPA",3,3,90,39,10,1,10764,20,608,111,4,420,4420,1,47734.00,47734.00,47734.00,0,MECANIZAÇÃO NO CAMPO,DESENVOLVIMENTO DAS CADEIAS PRODUTIVAS DA AGROPECUÁRIA
2025,1230,"SECRETARIA DE ESTADO DE AGRICULTURA, PECUÁRIA E ABASTECIMENTO - SEAPA",3,0,1231,"SECRETARIA DE ESTADO DE AGRICULTURA, PECUÁRIA E ABASTECIMENTO - SEAPA",3,3,99,99,10,8,10764,20,608,111,4,420,4420,1,1000000.00,1000000.00,1000000.00,0,MECANIZAÇÃO NO CAMPO,DESENVOLVIMENTO DAS CADEIAS PRODUTIVAS DA AGROPECUÁRIA
2025,1230,"SECRETARIA DE ESTADO DE AGRICULTURA, PECUÁRIA E ABASTECIMENTO - SEAPA",3,0,1231,"SECRETARIA DE ESTADO DE AGRICULTURA, PECUÁRIA E ABASTECIMENTO - SEAPA",4,4,90,52,15,1,10764,20,608,111,4,420,4420,1,10000000.00,10000000.00,10000000.00,0,MECANIZAÇÃO NO CAMPO,DESENVOLVIMENTO DAS CADEIAS PRODUTIVAS DA AGROPECUÁRIA
2025,1230,"SECRETARIA DE ESTADO DE AGRICULTURA, PECUÁRIA E ABASTECIMENTO - SEAPA",3,0,1231,"SECRETARIA DE ESTADO DE AGRICULTURA, PECUÁRIA E ABASTECIMENTO - SEAPA",4,4,90,52,24,1,10764,20,608,111,4,420,4420,1,16139000.00,16139000.00,16139000.00,0,MECANIZAÇÃO NO CAMPO,DESENVOLVIMENTO DAS CADEIAS PRODUTIVAS DA AGROPECUÁRIA
2025,1230,"SECRETARIA DE ESTADO DE AGRICULTURA, PECUÁRIA E ABASTECIMENTO - SEAPA",3,0,1231,"SECRETARIA DE ESTADO DE AGRICULTURA, PECUÁRIA E ABASTECIMENTO - SEAPA",4,4,99,99,10,4,10764,20,608,111,4,420,4420,1,100000.00,100000.00,4520000.00,0,MECANIZAÇÃO NO CAMPO,DESENVOLVIMENTO DAS CADEIAS PRODUTIVAS DA AGROPECUÁRIA
2025,1230,"SECRETARIA DE ESTADO DE AGRICULTURA, PECUÁRIA E ABASTECIMENTO - SEAPA",3,0,1231,"SECRETARIA DE ESTADO DE AGRICULTURA, PECUÁRIA E ABASTECIMENTO - SEAPA",4,4,99,99,10,8,10764,20,608,111,4,420,4420,1,1000000.00,1000000.00,26372960.00,0,MECANIZAÇÃO NO CAMPO,DESENVOLVIMENTO DAS CADEIAS PRODUTIVAS DA AGROPECUÁRIA
2025,1230,"SECRETARIA DE ESTADO DE AGRICULTURA, PECUÁRIA E ABASTECIMENTO - SEAPA",3,0,1231,"SECRETARIA DE ESTADO DE AGRICULTURA, PECUÁRIA E ABASTECIMENTO - SEAPA",3,3,90,14,10,1,10738,20,608,112,4,397,4397,1,25000.00,25000.00,25000.00,0,CERTIFICA MINAS,CERTIFICAÇÕES E HABILITAÇÕES DE PRODUTOS AGROPECUÁRIOS E AGROINDUSTRIAIS
2025,1230,"SECRETARIA DE ESTADO DE AGRICULTURA, PECUÁRIA E ABASTECIMENTO - SEAPA",3,0,1231,"SECRETARIA DE ESTADO DE AGRICULTURA, PECUÁRIA E ABASTECIMENTO - SEAPA",3,3,90,14,10,1,10744,20,608,112,4,403,4403,1,20000.00,20000.00,20000.00,0,PLANO QUEIJO MINAS LEGAL,CERTIFICAÇÕES E HABILITAÇÕES DE PRODUTOS AGROPECUÁRIOS E AGROINDUSTRIAIS
2025,1230,"SECRETARIA DE ESTADO DE AGRICULTURA, PECUÁRIA E ABASTECIMENTO - SEAPA",3,0,1231,"SECRETARIA DE ESTADO DE AGRICULTURA, PECUÁRIA E ABASTECIMENTO - SEAPA",3,3,90,14,10,1,10749,20,608,112,4,407,4407,1,12054.00,12054.00,12054.00,0,DIGA SIM AO SERVIÇO DE INSPEÇÃO MUNICIPAL - SIM,CERTIFICAÇÕES E HABILITAÇÕES DE PRODUTOS AGROPECUÁRIOS E AGROINDUSTRIAIS
2025,1230,"SECRETARIA DE ESTADO DE AGRICULTURA, PECUÁRIA E ABASTECIMENTO - SEAPA",3,0,1231,"SECRETARIA DE ESTADO DE AGRICULTURA, PECUÁRIA E ABASTECIMENTO - SEAPA",3,3,40,41,71,1,10740,20,608,113,4,399,4399,1,5777707.00,5777707.00,5777707.00,0,GARANTIA SAFRA,GARANTIA DE CONTINUIDADE DA PRODUÇÃO AGROPECUÁRIA
2025,1230,"SECRETARIA DE ESTADO DE AGRICULTURA, PECUÁRIA E ABASTECIMENTO - SEAPA",3,0,1231,"SECRETARIA DE ESTADO DE AGRICULTURA, PECUÁRIA E ABASTECIMENTO - SEAPA",3,3,90,14,10,1,10740,20,608,113,4,399,4399,1,5969.00,5969.00,5969.00,0,GARANTIA SAFRA,GARANTIA DE CONTINUIDADE DA PRODUÇÃO AGROPECUÁRIA
2025,1230,"SECRETARIA DE ESTADO DE AGRICULTURA, PECUÁRIA E ABASTECIMENTO - SEAPA",3,0,1231,"SECRETARIA DE ESTADO DE AGRICULTURA, PECUÁRIA E ABASTECIMENTO - SEAPA",3,3,90,14,10,1,10736,20,608,114,4,396,4396,1,10000.00,10000.00,10000.00,0,RECUPERAÇÃO INTEGRADA DA CAPACIDADE PRODUTIVA DAS BACIAS,INFRAESTRUTURA RURAL E AGRICULTURA SUSTENTÁVEL
2025,1230,"SECRETARIA DE ESTADO DE AGRICULTURA, PECUÁRIA E ABASTECIMENTO - SEAPA",3,0,1231,"SECRETARIA DE ESTADO DE AGRICULTURA, PECUÁRIA E ABASTECIMENTO - SEAPA",3,3,90,39,80,1,10736,20,608,114,4,396,4396,1,3000000.00,3000000.00,3000000.00,0,RECUPERAÇÃO INTEGRADA DA CAPACIDADE PRODUTIVA DAS BACIAS,INFRAESTRUTURA RURAL E AGRICULTURA SUSTENTÁVEL
2025,1230,"SECRETARIA DE ESTADO DE AGRICULTURA, PECUÁRIA E ABASTECIMENTO - SEAPA",3,0,1231,"SECRETARIA DE ESTADO DE AGRICULTURA, PECUÁRIA E ABASTECIMENTO - SEAPA",4,4,99,99,10,4,10736,20,608,114,4,396,4396,1,150000.00,150000.00,150000.00,0,RECUPERAÇÃO INTEGRADA DA CAPACIDADE PRODUTIVA DAS BACIAS,INFRAESTRUTURA RURAL E AGRICULTURA SUSTENTÁVEL
2025,1230,"SECRETARIA DE ESTADO DE AGRICULTURA, PECUÁRIA E ABASTECIMENTO - SEAPA",3,0,1231,"SECRETARIA DE ESTADO DE AGRICULTURA, PECUÁRIA E ABASTECIMENTO - SEAPA",3,3,90,14,10,1,10723,20,608,116,4,386,4386,1,5740.00,5740.00,5740.00,0,AGRODADOS,INOVA AGRO GERAIS
2025,1230,"SECRETARIA DE ESTADO DE AGRICULTURA, PECUÁRIA E ABASTECIMENTO - SEAPA",3,0,1231,"SECRETARIA DE ESTADO DE AGRICULTURA, PECUÁRIA E ABASTECIMENTO - SEAPA",3,3,90,14,10,1,10730,20,608,116,4,391,4391,1,15000.00,15000.00,15000.00,0,AGRITECH,INOVA AGRO GERAIS
2025,1230,"SECRETARIA DE ESTADO DE AGRICULTURA, PECUÁRIA E ABASTECIMENTO - SEAPA",3,0,1231,"SECRETARIA DE ESTADO DE AGRICULTURA, PECUÁRIA E ABASTECIMENTO - SEAPA",3,3,90,40,10,1,10730,20,608,116,4,391,4391,1,45000.00,45000.00,45000.00,0,AGRITECH,INOVA AGRO GERAIS
2025,1230,"SECRETARIA DE ESTADO DE AGRICULTURA, PECUÁRIA E ABASTECIMENTO - SEAPA",3,0,1231,"SECRETARIA DE ESTADO DE AGRICULTURA, PECUÁRIA E ABASTECIMENTO - SEAPA",3,3,90,14,71,1,10746,20,608,118,4,405,4405,1,36162.00,36162.00,36162.00,0,APOIO AO JOVEM RURAL,EDUCAÇÃO E SUCESSÃO RURAL
2025,1230,"SECRETARIA DE ESTADO DE AGRICULTURA, PECUÁRIA E ABASTECIMENTO - SEAPA",3,0,1231,"SECRETARIA DE ESTADO DE AGRICULTURA, PECUÁRIA E ABASTECIMENTO - SEAPA",3,1,90,7,71,1,10682,21,605,110,4,363,4363,1,144.00,144.00,144.00,1,REGULARIZAÇÃO FUNDIÁRIA DE IMÓVEIS RURAIS,REGULARIZAÇÃO FUNDIÁRIA - AMPLIAÇÃO DA SEGURANÇA JURÍDICA NO CAMPO
2025,1230,"SECRETARIA DE ESTADO DE AGRICULTURA, PECUÁRIA E ABASTECIMENTO - SEAPA",3,0,1231,"SECRETARIA DE ESTADO DE AGRICULTURA, PECUÁRIA E ABASTECIMENTO - SEAPA",3,1,90,11,71,1,10682,21,605,110,4,363,4363,1,1824946.00,1824946.00,1824946.00,1,REGULARIZAÇÃO FUNDIÁRIA DE IMÓVEIS RURAIS,REGULARIZAÇÃO FUNDIÁRIA - AMPLIAÇÃO DA SEGURANÇA JURÍDICA NO CAMPO
2025,1230,"SECRETARIA DE ESTADO DE AGRICULTURA, PECUÁRIA E ABASTECIMENTO - SEAPA",3,0,1231,"SECRETARIA DE ESTADO DE AGRICULTURA, PECUÁRIA E ABASTECIMENTO - SEAPA",3,1,90,13,71,1,10682,21,605,110,4,363,4363,1,226239.00,226239.00,226239.00,1,REGULARIZAÇÃO FUNDIÁRIA DE IMÓVEIS RURAIS,REGULARIZAÇÃO FUNDIÁRIA - AMPLIAÇÃO DA SEGURANÇA JURÍDICA NO CAMPO
2025,1230,"SECRETARIA DE ESTADO DE AGRICULTURA, PECUÁRIA E ABASTECIMENTO - SEAPA",3,0,1231,"SECRETARIA DE ESTADO DE AGRICULTURA, PECUÁRIA E ABASTECIMENTO - SEAPA",3,1,90,16,71,1,10682,21,605,110,4,363,4363,1,65340.00,65340.00,65340.00,1,REGULARIZAÇÃO FUNDIÁRIA DE IMÓVEIS RURAIS,REGULARIZAÇÃO FUNDIÁRIA - AMPLIAÇÃO DA SEGURANÇA JURÍDICA NO CAMPO
2025,1230,"SECRETARIA DE ESTADO DE AGRICULTURA, PECUÁRIA E ABASTECIMENTO - SEAPA",3,0,1231,"SECRETARIA DE ESTADO DE AGRICULTURA, PECUÁRIA E ABASTECIMENTO - SEAPA",3,1,90,92,71,1,10682,21,605,110,4,363,4363,1,263.00,263.00,263.00,1,REGULARIZAÇÃO FUNDIÁRIA DE IMÓVEIS RURAIS,REGULARIZAÇÃO FUNDIÁRIA - AMPLIAÇÃO DA SEGURANÇA JURÍDICA NO CAMPO
2025,1230,"SECRETARIA DE ESTADO DE AGRICULTURA, PECUÁRIA E ABASTECIMENTO - SEAPA",3,0,1231,"SECRETARIA DE ESTADO DE AGRICULTURA, PECUÁRIA E ABASTECIMENTO - SEAPA",3,1,91,13,71,1,10682,21,605,110,4,363,4363,1,324565.00,324565.00,324565.00,1,REGULARIZAÇÃO FUNDIÁRIA DE IMÓVEIS RURAIS,REGULARIZAÇÃO FUNDIÁRIA - AMPLIAÇÃO DA SEGURANÇA JURÍDICA NO CAMPO
2025,1230,"SECRETARIA DE ESTADO DE AGRICULTURA, PECUÁRIA E ABASTECIMENTO - SEAPA",3,0,1231,"SECRETARIA DE ESTADO DE AGRICULTURA, PECUÁRIA E ABASTECIMENTO - SEAPA",3,3,90,8,71,7,10682,21,605,110,4,363,4363,1,77.00,77.00,77.00,1,REGULARIZAÇÃO FUNDIÁRIA DE IMÓVEIS RURAIS,REGULARIZAÇÃO FUNDIÁRIA - AMPLIAÇÃO DA SEGURANÇA JURÍDICA NO CAMPO
2025,1230,"SECRETARIA DE ESTADO DE AGRICULTURA, PECUÁRIA E ABASTECIMENTO - SEAPA",3,0,1231,"SECRETARIA DE ESTADO DE AGRICULTURA, PECUÁRIA E ABASTECIMENTO - SEAPA",3,3,90,14,71,1,10682,21,605,110,4,363,4363,1,84409.00,84409.00,84409.00,1,REGULARIZAÇÃO FUNDIÁRIA DE IMÓVEIS RURAIS,REGULARIZAÇÃO FUNDIÁRIA - AMPLIAÇÃO DA SEGURANÇA JURÍDICA NO CAMPO
2025,1230,"SECRETARIA DE ESTADO DE AGRICULTURA, PECUÁRIA E ABASTECIMENTO - SEAPA",3,0,1231,"SECRETARIA DE ESTADO DE AGRICULTURA, PECUÁRIA E ABASTECIMENTO - SEAPA",3,3,90,37,71,1,10682,21,605,110,4,363,4363,1,1779763.00,1779763.00,1779763.00,1,REGULARIZAÇÃO FUNDIÁRIA DE IMÓVEIS RURAIS,REGULARIZAÇÃO FUNDIÁRIA - AMPLIAÇÃO DA SEGURANÇA JURÍDICA NO CAMPO
2025,1230,"SECRETARIA DE ESTADO DE AGRICULTURA, PECUÁRIA E ABASTECIMENTO - SEAPA",3,0,1231,"SECRETARIA DE ESTADO DE AGRICULTURA, PECUÁRIA E ABASTECIMENTO - SEAPA",3,3,90,39,71,1,10682,21,605,110,4,363,4363,1,134814.00,134814.00,134814.00,1,REGULARIZAÇÃO FUNDIÁRIA DE IMÓVEIS RURAIS,REGULARIZAÇÃO FUNDIÁRIA - AMPLIAÇÃO DA SEGURANÇA JURÍDICA NO CAMPO
2025,1230,"SECRETARIA DE ESTADO DE AGRICULTURA, PECUÁRIA E ABASTECIMENTO - SEAPA",3,0,1231,"SECRETARIA DE ESTADO DE AGRICULTURA, PECUÁRIA E ABASTECIMENTO - SEAPA",3,3,90,46,71,7,10682,21,605,110,4,363,4363,1,419354.00,419354.00,419354.00,1,REGULARIZAÇÃO FUNDIÁRIA DE IMÓVEIS RURAIS,REGULARIZAÇÃO FUNDIÁRIA - AMPLIAÇÃO DA SEGURANÇA JURÍDICA NO CAMPO
2025,1230,"SECRETARIA DE ESTADO DE AGRICULTURA, PECUÁRIA E ABASTECIMENTO - SEAPA",3,0,1231,"SECRETARIA DE ESTADO DE AGRICULTURA, PECUÁRIA E ABASTECIMENTO - SEAPA",3,3,90,49,71,7,10682,21,605,110,4,363,4363,1,17329.00,17329.00,17329.00,1,REGULARIZAÇÃO FUNDIÁRIA DE IMÓVEIS RURAIS,REGULARIZAÇÃO FUNDIÁRIA - AMPLIAÇÃO DA SEGURANÇA JURÍDICA NO CAMPO
2025,1230,"SECRETARIA DE ESTADO DE AGRICULTURA, PECUÁRIA E ABASTECIMENTO - SEAPA",3,0,1231,"SECRETARIA DE ESTADO DE AGRICULTURA, PECUÁRIA E ABASTECIMENTO - SEAPA",3,3,99,99,10,8,10682,21,605,110,4,363,4363,1,758368.00,758368.00,758368.00,1,REGULARIZAÇÃO FUNDIÁRIA DE IMÓVEIS RURAIS,REGULARIZAÇÃO FUNDIÁRIA - AMPLIAÇÃO DA SEGURANÇA JURÍDICA NO CAMPO
2025,1230,"SECRETARIA DE ESTADO DE AGRICULTURA, PECUÁRIA E ABASTECIMENTO - SEAPA",3,0,2371,INSTITUTO MINEIRO DE AGROPECUÁRIA - IMA,3,1,90,11,10,1,11156,20,122,705,2,417,2417,1,149758447.00,149758447.00,149758447.00,0,REMUNERAÇÃO DE PESSOAL ATIVO E ENCARGOS SOCIAIS,APOIO ÀS POLÍTICAS PÚBLICAS
2025,1230,"SECRETARIA DE ESTADO DE AGRICULTURA, PECUÁRIA E ABASTECIMENTO - SEAPA",3,0,2371,INSTITUTO MINEIRO DE AGROPECUÁRIA - IMA,3,1,90,11,60,1,11156,20,122,705,2,417,2417,1,11468870.00,11468870.00,11468870.00,0,REMUNERAÇÃO DE PESSOAL ATIVO E ENCARGOS SOCIAIS,APOIO ÀS POLÍTICAS PÚBLICAS
2025,1230,"SECRETARIA DE ESTADO DE AGRICULTURA, PECUÁRIA E ABASTECIMENTO - SEAPA",3,0,2371,INSTITUTO MINEIRO DE AGROPECUÁRIA - IMA,3,1,91,13,10,1,11156,20,122,705,2,417,2417,1,25325798.00,25325798.00,25325798.00,0,REMUNERAÇÃO DE PESSOAL ATIVO E ENCARGOS SOCIAIS,APOIO ÀS POLÍTICAS PÚBLICAS
2025,1230,"SECRETARIA DE ESTADO DE AGRICULTURA, PECUÁRIA E ABASTECIMENTO - SEAPA",3,0,2371,INSTITUTO MINEIRO DE AGROPECUÁRIA - IMA,3,1,91,13,91,1,11156,20,122,705,2,417,2417,1,37723800.00,37723800.00,37723800.00,0,REMUNERAÇÃO DE PESSOAL ATIVO E ENCARGOS SOCIAIS,APOIO ÀS POLÍTICAS PÚBLICAS
2025,1230,"SECRETARIA DE ESTADO DE AGRICULTURA, PECUÁRIA E ABASTECIMENTO - SEAPA",3,0,2371,INSTITUTO MINEIRO DE AGROPECUÁRIA - IMA,3,3,90,36,60,1,11156,20,122,705,2,417,2417,1,865063.00,865063.00,865063.00,0,REMUNERAÇÃO DE PESSOAL ATIVO E ENCARGOS SOCIAIS,APOIO ÀS POLÍTICAS PÚBLICAS
2025,1230,"SECRETARIA DE ESTADO DE AGRICULTURA, PECUÁRIA E ABASTECIMENTO - SEAPA",3,0,2371,INSTITUTO MINEIRO DE AGROPECUÁRIA - IMA,3,3,90,46,10,7,11156,20,122,705,2,417,2417,1,31914469.00,31914469.00,31914469.00,0,REMUNERAÇÃO DE PESSOAL ATIVO E ENCARGOS SOCIAIS,APOIO ÀS POLÍTICAS PÚBLICAS
2025,1230,"SECRETARIA DE ESTADO DE AGRICULTURA, PECUÁRIA E ABASTECIMENTO - SEAPA",3,0,2371,INSTITUTO MINEIRO DE AGROPECUÁRIA - IMA,3,3,90,13,91,1,9373,20,122,705,2,500,2500,1,19207.00,19207.00,19207.00,0,ASSESSORAMENTO E GERENCIAMENTO DE POLÍTICAS PÚBLICAS,APOIO ÀS POLÍTICAS PÚBLICAS
2025,1230,"SECRETARIA DE ESTADO DE AGRICULTURA, PECUÁRIA E ABASTECIMENTO - SEAPA",3,0,2371,INSTITUTO MINEIRO DE AGROPECUÁRIA - IMA,3,3,90,14,91,1,9373,20,122,705,2,500,2500,1,28405.00,28405.00,28405.00,0,ASSESSORAMENTO E GERENCIAMENTO DE POLÍTICAS PÚBLICAS,APOIO ÀS POLÍTICAS PÚBLICAS
2025,1230,"SECRETARIA DE ESTADO DE AGRICULTURA, PECUÁRIA E ABASTECIMENTO - SEAPA",3,0,2371,INSTITUTO MINEIRO DE AGROPECUÁRIA - IMA,3,3,90,30,91,1,9373,20,122,705,2,500,2500,1,544691.00,544691.00,544691.00,0,ASSESSORAMENTO E GERENCIAMENTO DE POLÍTICAS PÚBLICAS,APOIO ÀS POLÍTICAS PÚBLICAS
2025,1230,"SECRETARIA DE ESTADO DE AGRICULTURA, PECUÁRIA E ABASTECIMENTO - SEAPA",3,0,2371,INSTITUTO MINEIRO DE AGROPECUÁRIA - IMA,3,3,90,33,91,1,9373,20,122,705,2,500,2500,1,203255.00,203255.00,203255.00,0,ASSESSORAMENTO E GERENCIAMENTO DE POLÍTICAS PÚBLICAS,APOIO ÀS POLÍTICAS PÚBLICAS
2025,1230,"SECRETARIA DE ESTADO DE AGRICULTURA, PECUÁRIA E ABASTECIMENTO - SEAPA",3,0,2371,INSTITUTO MINEIRO DE AGROPECUÁRIA - IMA,3,3,90,36,91,1,9373,20,122,705,2,500,2500,1,193513.00,193513.00,193513.00,0,ASSESSORAMENTO E GERENCIAMENTO DE POLÍTICAS PÚBLICAS,APOIO ÀS POLÍTICAS PÚBLICAS
2025,1230,"SECRETARIA DE ESTADO DE AGRICULTURA, PECUÁRIA E ABASTECIMENTO - SEAPA",3,0,2371,INSTITUTO MINEIRO DE AGROPECUÁRIA - IMA,3,3,90,37,60,1,9373,20,122,705,2,500,2500,1,3105775.00,3105775.00,3105775.00,0,ASSESSORAMENTO E GERENCIAMENTO DE POLÍTICAS PÚBLICAS,APOIO ÀS POLÍTICAS PÚBLICAS
2025,1230,"SECRETARIA DE ESTADO DE AGRICULTURA, PECUÁRIA E ABASTECIMENTO - SEAPA",3,0,2371,INSTITUTO MINEIRO DE AGROPECUÁRIA - IMA,3,3,90,39,91,1,9373,20,122,705,2,500,2500,1,3624713.00,3624713.00,3624713.00,0,ASSESSORAMENTO E GERENCIAMENTO DE POLÍTICAS PÚBLICAS,APOIO ÀS POLÍTICAS PÚBLICAS
2025,1230,"SECRETARIA DE ESTADO DE AGRICULTURA, PECUÁRIA E ABASTECIMENTO - SEAPA",3,0,2371,INSTITUTO MINEIRO DE AGROPECUÁRIA - IMA,3,3,90,40,60,1,9373,20,122,705,2,500,2500,1,3833108.00,3833108.00,3833108.00,0,ASSESSORAMENTO E GERENCIAMENTO DE POLÍTICAS PÚBLICAS,APOIO ÀS POLÍTICAS PÚBLICAS
2025,1230,"SECRETARIA DE ESTADO DE AGRICULTURA, PECUÁRIA E ABASTECIMENTO - SEAPA",3,0,2371,INSTITUTO MINEIRO DE AGROPECUÁRIA - IMA,3,3,90,40,91,1,9373,20,122,705,2,500,2500,1,1438365.00,1438365.00,1438365.00,0,ASSESSORAMENTO E GERENCIAMENTO DE POLÍTICAS PÚBLICAS,APOIO ÀS POLÍTICAS PÚBLICAS
2025,1230,"SECRETARIA DE ESTADO DE AGRICULTURA, PECUÁRIA E ABASTECIMENTO - SEAPA",3,0,2371,INSTITUTO MINEIRO DE AGROPECUÁRIA - IMA,3,3,90,47,91,1,9373,20,122,705,2,500,2500,1,1079147.00,1079147.00,1079147.00,0,ASSESSORAMENTO E GERENCIAMENTO DE POLÍTICAS PÚBLICAS,APOIO ÀS POLÍTICAS PÚBLICAS
2025,1230,"SECRETARIA DE ESTADO DE AGRICULTURA, PECUÁRIA E ABASTECIMENTO - SEAPA",3,0,2371,INSTITUTO MINEIRO DE AGROPECUÁRIA - IMA,4,4,90,52,47,1,9373,20,122,705,2,500,2500,1,300000.00,300000.00,300000.00,0,ASSESSORAMENTO E GERENCIAMENTO DE POLÍTICAS PÚBLICAS,APOIO ÀS POLÍTICAS PÚBLICAS
2025,1230,"SECRETARIA DE ESTADO DE AGRICULTURA, PECUÁRIA E ABASTECIMENTO - SEAPA",3,0,2371,INSTITUTO MINEIRO DE AGROPECUÁRIA - IMA,3,3,90,30,91,1,10625,20,304,80,4,317,4317,1,340781.00,340781.00,340781.00,0,ANÁLISE LABORATORIAL,SEGURANÇA DE ALIMENTOS
2025,1230,"SECRETARIA DE ESTADO DE AGRICULTURA, PECUÁRIA E ABASTECIMENTO - SEAPA",3,0,2371,INSTITUTO MINEIRO DE AGROPECUÁRIA - IMA,3,3,90,37,60,1,10625,20,304,80,4,317,4317,1,1142880.00,1142880.00,1142880.00,0,ANÁLISE LABORATORIAL,SEGURANÇA DE ALIMENTOS
2025,1230,"SECRETARIA DE ESTADO DE AGRICULTURA, PECUÁRIA E ABASTECIMENTO - SEAPA",3,0,2371,INSTITUTO MINEIRO DE AGROPECUÁRIA - IMA,3,3,90,39,91,1,10625,20,304,80,4,317,4317,1,535067.00,535067.00,535067.00,0,ANÁLISE LABORATORIAL,SEGURANÇA DE ALIMENTOS
2025,1230,"SECRETARIA DE ESTADO DE AGRICULTURA, PECUÁRIA E ABASTECIMENTO - SEAPA",3,0,2371,INSTITUTO MINEIRO DE AGROPECUÁRIA - IMA,3,3,90,40,91,1,10625,20,304,80,4,317,4317,1,3109.00,3109.00,3109.00,0,ANÁLISE LABORATORIAL,SEGURANÇA DE ALIMENTOS
2025,1230,"SECRETARIA DE ESTADO DE AGRICULTURA, PECUÁRIA E ABASTECIMENTO - SEAPA",3,0,2371,INSTITUTO MINEIRO DE AGROPECUÁRIA - IMA,3,3,90,14,91,1,10626,20,304,80,4,318,4318,1,51129.00,51129.00,51129.00,0,INSPEÇÃO DE PRODUTOS DE ORIGEM VEGETAL,SEGURANÇA DE ALIMENTOS
2025,1230,"SECRETARIA DE ESTADO DE AGRICULTURA, PECUÁRIA E ABASTECIMENTO - SEAPA",3,0,2371,INSTITUTO MINEIRO DE AGROPECUÁRIA - IMA,3,3,90,30,91,1,10626,20,304,80,4,318,4318,1,81002.00,81002.00,81002.00,0,INSPEÇÃO DE PRODUTOS DE ORIGEM VEGETAL,SEGURANÇA DE ALIMENTOS
2025,1230,"SECRETARIA DE ESTADO DE AGRICULTURA, PECUÁRIA E ABASTECIMENTO - SEAPA",3,0,2371,INSTITUTO MINEIRO DE AGROPECUÁRIA - IMA,3,3,90,39,91,1,10626,20,304,80,4,318,4318,1,64844.00,64844.00,64844.00,0,INSPEÇÃO DE PRODUTOS DE ORIGEM VEGETAL,SEGURANÇA DE ALIMENTOS
2025,1230,"SECRETARIA DE ESTADO DE AGRICULTURA, PECUÁRIA E ABASTECIMENTO - SEAPA",3,0,2371,INSTITUTO MINEIRO DE AGROPECUÁRIA - IMA,3,3,90,14,91,1,10627,20,304,80,4,319,4319,1,170429.00,170429.00,170429.00,0,INSPEÇÃO E FISCALIZAÇÃO DE PRODUTOS DE ORIGEM ANIMAL,SEGURANÇA DE ALIMENTOS
2025,1230,"SECRETARIA DE ESTADO DE AGRICULTURA, PECUÁRIA E ABASTECIMENTO - SEAPA",3,0,2371,INSTITUTO MINEIRO DE AGROPECUÁRIA - IMA,3,3,90,30,91,1,10627,20,304,80,4,319,4319,1,230538.00,230538.00,230538.00,0,INSPEÇÃO E FISCALIZAÇÃO DE PRODUTOS DE ORIGEM ANIMAL,SEGURANÇA DE ALIMENTOS
2025,1230,"SECRETARIA DE ESTADO DE AGRICULTURA, PECUÁRIA E ABASTECIMENTO - SEAPA",3,0,2371,INSTITUTO MINEIRO DE AGROPECUÁRIA - IMA,3,3,90,39,91,1,10627,20,304,80,4,319,4319,1,115465.00,115465.00,115465.00,0,INSPEÇÃO E FISCALIZAÇÃO DE PRODUTOS DE ORIGEM ANIMAL,SEGURANÇA DE ALIMENTOS
2025,1230,"SECRETARIA DE ESTADO DE AGRICULTURA, PECUÁRIA E ABASTECIMENTO - SEAPA",3,0,2371,INSTITUTO MINEIRO DE AGROPECUÁRIA - IMA,3,3,90,14,91,1,10788,20,304,112,4,440,4440,1,216009.00,216009.00,216009.00,0,CERTIFICAÇÃO DE PRODUTOS E DE PROPRIEDADES AGROPECUÁRIAS E AGROINDUSTRIAIS,CERTIFICAÇÕES E HABILITAÇÕES DE PRODUTOS AGROPECUÁRIOS E AGROINDUSTRIAIS
2025,1230,"SECRETARIA DE ESTADO DE AGRICULTURA, PECUÁRIA E ABASTECIMENTO - SEAPA",3,0,2371,INSTITUTO MINEIRO DE AGROPECUÁRIA - IMA,3,3,90,30,91,1,10788,20,304,112,4,440,4440,1,99922.00,99922.00,99922.00,0,CERTIFICAÇÃO DE PRODUTOS E DE PROPRIEDADES AGROPECUÁRIAS E AGROINDUSTRIAIS,CERTIFICAÇÕES E HABILITAÇÕES DE PRODUTOS AGROPECUÁRIOS E AGROINDUSTRIAIS
2025,1230,"SECRETARIA DE ESTADO DE AGRICULTURA, PECUÁRIA E ABASTECIMENTO - SEAPA",3,0,2371,INSTITUTO MINEIRO DE AGROPECUÁRIA - IMA,3,3,90,35,91,1,10788,20,304,112,4,440,4440,1,21253.00,21253.00,21253.00,0,CERTIFICAÇÃO DE PRODUTOS E DE PROPRIEDADES AGROPECUÁRIAS E AGROINDUSTRIAIS,CERTIFICAÇÕES E HABILITAÇÕES DE PRODUTOS AGROPECUÁRIOS E AGROINDUSTRIAIS
2025,1230,"SECRETARIA DE ESTADO DE AGRICULTURA, PECUÁRIA E ABASTECIMENTO - SEAPA",3,0,2371,INSTITUTO MINEIRO DE AGROPECUÁRIA - IMA,3,3,90,39,91,1,10788,20,304,112,4,440,4440,1,67794.00,67794.00,67794.00,0,CERTIFICAÇÃO DE PRODUTOS E DE PROPRIEDADES AGROPECUÁRIAS E AGROINDUSTRIAIS,CERTIFICAÇÕES E HABILITAÇÕES DE PRODUTOS AGROPECUÁRIOS E AGROINDUSTRIAIS
2025,1230,"SECRETARIA DE ESTADO DE AGRICULTURA, PECUÁRIA E ABASTECIMENTO - SEAPA",3,0,2371,INSTITUTO MINEIRO DE AGROPECUÁRIA - IMA,3,3,90,14,91,1,10787,20,304,118,4,439,4439,1,156227.00,156227.00,156227.00,0,EDUCAÇÃO SANITÁRIA,EDUCAÇÃO E SUCESSÃO RURAL
2025,1230,"SECRETARIA DE ESTADO DE AGRICULTURA, PECUÁRIA E ABASTECIMENTO - SEAPA",3,0,2371,INSTITUTO MINEIRO DE AGROPECUÁRIA - IMA,3,3,90,30,91,1,10787,20,304,118,4,439,4439,1,99921.00,99921.00,99921.00,0,EDUCAÇÃO SANITÁRIA,EDUCAÇÃO E SUCESSÃO RURAL
2025,1230,"SECRETARIA DE ESTADO DE AGRICULTURA, PECUÁRIA E ABASTECIMENTO - SEAPA",3,0,2371,INSTITUTO MINEIRO DE AGROPECUÁRIA - IMA,3,3,90,14,24,1,10474,20,609,78,4,202,4202,1,829672.00,829672.00,829672.00,0,APRIMORAMENTO DA DEFESA SANITÁRIA - VIGILÂNCIA SANITÁRIA ANIMAL,DEFESA SANITÁRIA
2025,1230,"SECRETARIA DE ESTADO DE AGRICULTURA, PECUÁRIA E ABASTECIMENTO - SEAPA",3,0,2371,INSTITUTO MINEIRO DE AGROPECUÁRIA - IMA,3,3,90,14,91,1,10474,20,609,78,4,202,4202,1,923158.00,923158.00,923158.00,0,APRIMORAMENTO DA DEFESA SANITÁRIA - VIGILÂNCIA SANITÁRIA ANIMAL,DEFESA SANITÁRIA
2025,1230,"SECRETARIA DE ESTADO DE AGRICULTURA, PECUÁRIA E ABASTECIMENTO - SEAPA",3,0,2371,INSTITUTO MINEIRO DE AGROPECUÁRIA - IMA,3,3,90,30,91,1,10474,20,609,78,4,202,4202,1,1358910.00,1358910.00,1358910.00,0,APRIMORAMENTO DA DEFESA SANITÁRIA - VIGILÂNCIA SANITÁRIA ANIMAL,DEFESA SANITÁRIA
2025,1230,"SECRETARIA DE ESTADO DE AGRICULTURA, PECUÁRIA E ABASTECIMENTO - SEAPA",3,0,2371,INSTITUTO MINEIRO DE AGROPECUÁRIA - IMA,3,3,90,30,91,3,10474,20,609,78,4,202,4202,1,101188.00,101188.00,101188.00,0,APRIMORAMENTO DA DEFESA SANITÁRIA - VIGILÂNCIA SANITÁRIA ANIMAL,DEFESA SANITÁRIA
2025,1230,"SECRETARIA DE ESTADO DE AGRICULTURA, PECUÁRIA E ABASTECIMENTO - SEAPA",3,0,2371,INSTITUTO MINEIRO DE AGROPECUÁRIA - IMA,3,3,90,39,1,1,10474,20,609,78,4,202,4202,1,951200.00,951200.00,951200.00,0,APRIMORAMENTO DA DEFESA SANITÁRIA - VIGILÂNCIA SANITÁRIA ANIMAL,DEFESA SANITÁRIA
2025,1230,"SECRETARIA DE ESTADO DE AGRICULTURA, PECUÁRIA E ABASTECIMENTO - SEAPA",3,0,2371,INSTITUTO MINEIRO DE AGROPECUÁRIA - IMA,3,3,90,39,91,1,10474,20,609,78,4,202,4202,1,404126.00,404126.00,404126.00,0,APRIMORAMENTO DA DEFESA SANITÁRIA - VIGILÂNCIA SANITÁRIA ANIMAL,DEFESA SANITÁRIA
2025,1230,"SECRETARIA DE ESTADO DE AGRICULTURA, PECUÁRIA E ABASTECIMENTO - SEAPA",3,0,2371,INSTITUTO MINEIRO DE AGROPECUÁRIA - IMA,4,4,90,52,24,1,10474,20,609,78,4,202,4202,1,228232.00,228232.00,228232.00,0,APRIMORAMENTO DA DEFESA SANITÁRIA - VIGILÂNCIA SANITÁRIA ANIMAL,DEFESA SANITÁRIA
2025,1230,"SECRETARIA DE ESTADO DE AGRICULTURA, PECUÁRIA E ABASTECIMENTO - SEAPA",3,0,2371,INSTITUTO MINEIRO DE AGROPECUÁRIA - IMA,4,4,90,52,91,3,10474,20,609,78,4,202,4202,1,80062.00,80062.00,80062.00,0,APRIMORAMENTO DA DEFESA SANITÁRIA - VIGILÂNCIA SANITÁRIA ANIMAL,DEFESA SANITÁRIA
2025,1230,"SECRETARIA DE ESTADO DE AGRICULTURA, PECUÁRIA E ABASTECIMENTO - SEAPA",3,0,2371,INSTITUTO MINEIRO DE AGROPECUÁRIA - IMA,3,3,90,14,91,1,10477,20,609,78,4,203,4203,1,213036.00,213036.00,213036.00,0,APRIMORAMENTO DA DEFESA SANITÁRIA - VIGILÂNCIA SANITÁRIA VEGETAL,DEFESA SANITÁRIA
2025,1230,"SECRETARIA DE ESTADO DE AGRICULTURA, PECUÁRIA E ABASTECIMENTO - SEAPA",3,0,2371,INSTITUTO MINEIRO DE AGROPECUÁRIA - IMA,3,3,90,30,91,1,10477,20,609,78,4,203,4203,1,203000.00,203000.00,203000.00,0,APRIMORAMENTO DA DEFESA SANITÁRIA - VIGILÂNCIA SANITÁRIA VEGETAL,DEFESA SANITÁRIA
2025,1230,"SECRETARIA DE ESTADO DE AGRICULTURA, PECUÁRIA E ABASTECIMENTO - SEAPA",3,0,2371,INSTITUTO MINEIRO DE AGROPECUÁRIA - IMA,3,3,90,39,91,1,10477,20,609,78,4,203,4203,1,115465.00,115465.00,115465.00,0,APRIMORAMENTO DA DEFESA SANITÁRIA - VIGILÂNCIA SANITÁRIA VEGETAL,DEFESA SANITÁRIA
2025,1230,"SECRETARIA DE ESTADO DE AGRICULTURA, PECUÁRIA E ABASTECIMENTO - SEAPA",3,0,2371,INSTITUTO MINEIRO DE AGROPECUÁRIA - IMA,3,3,90,14,91,1,10482,20,609,78,4,206,4206,1,366336.00,366336.00,366336.00,0,"FISCALIZAÇÃO DO TRÂNSITO DE ANIMAIS, VEGETAIS, INSUMOS E PRODUTOS DE ORIGEM ANIMAL.",DEFESA SANITÁRIA
2025,1230,"SECRETARIA DE ESTADO DE AGRICULTURA, PECUÁRIA E ABASTECIMENTO - SEAPA",3,0,2371,INSTITUTO MINEIRO DE AGROPECUÁRIA - IMA,3,3,90,30,91,1,10482,20,609,78,4,206,4206,1,790921.00,790921.00,790921.00,0,"FISCALIZAÇÃO DO TRÂNSITO DE ANIMAIS, VEGETAIS, INSUMOS E PRODUTOS DE ORIGEM ANIMAL.",DEFESA SANITÁRIA
2025,1230,"SECRETARIA DE ESTADO DE AGRICULTURA, PECUÁRIA E ABASTECIMENTO - SEAPA",3,0,2371,INSTITUTO MINEIRO DE AGROPECUÁRIA - IMA,3,3,90,39,91,1,10482,20,609,78,4,206,4206,1,99588.00,99588.00,99588.00,0,"FISCALIZAÇÃO DO TRÂNSITO DE ANIMAIS, VEGETAIS, INSUMOS E PRODUTOS DE ORIGEM ANIMAL.",DEFESA SANITÁRIA
2025,1230,"SECRETARIA DE ESTADO DE AGRICULTURA, PECUÁRIA E ABASTECIMENTO - SEAPA",3,0,2371,INSTITUTO MINEIRO DE AGROPECUÁRIA - IMA,3,3,90,39,91,1,10509,20,609,78,4,228,4228,1,1000.00,1000.00,1000.00,1,FORTALECIMENTO DA ESTRUTURA E DOS PROCESSOS DO INSTITUTO MINEIRO DE AGROPECUÁRIA,DEFESA SANITÁRIA
2025,1230,"SECRETARIA DE ESTADO DE AGRICULTURA, PECUÁRIA E ABASTECIMENTO - SEAPA",3,0,2371,INSTITUTO MINEIRO DE AGROPECUÁRIA - IMA,3,3,90,39,91,1,10521,20,609,78,4,238,4238,1,1000.00,1000.00,1000.00,0,REESTRUTURAÇÃO DO LABORATÓRIO DE QUÍMICA AGROPECUÁRIA DO INSTITUTO MINEIRO DE AGROPECUÁRIA.,DEFESA SANITÁRIA
2025,1230,"SECRETARIA DE ESTADO DE AGRICULTURA, PECUÁRIA E ABASTECIMENTO - SEAPA",3,0,2371,INSTITUTO MINEIRO DE AGROPECUÁRIA - IMA,3,3,90,39,91,1,10534,20,609,78,4,252,4252,1,1000.00,1000.00,1000.00,0,REVITALIZAÇÃO DO PARQUE DE EXPOSIÇÕES BOLIVAR DE ANDRADE,DEFESA SANITÁRIA
2025,1230,"SECRETARIA DE ESTADO DE AGRICULTURA, PECUÁRIA E ABASTECIMENTO - SEAPA",3,0,2371,INSTITUTO MINEIRO DE AGROPECUÁRIA - IMA,3,3,90,14,91,1,10893,20,609,108,4,498,4498,1,42607.00,42607.00,42607.00,0,APOIO À AGROINDÚSTRIA FAMILIAR,ACESSO A MERCADOS
2025,1230,"SECRETARIA DE ESTADO DE AGRICULTURA, PECUÁRIA E ABASTECIMENTO - SEAPA",3,0,2371,INSTITUTO MINEIRO DE AGROPECUÁRIA - IMA,3,3,90,30,91,1,10893,20,609,108,4,498,4498,1,59953.00,59953.00,59953.00,0,APOIO À AGROINDÚSTRIA FAMILIAR,ACESSO A MERCADOS
2025,1230,"SECRETARIA DE ESTADO DE AGRICULTURA, PECUÁRIA E ABASTECIMENTO - SEAPA",3,0,2371,INSTITUTO MINEIRO DE AGROPECUÁRIA - IMA,3,3,90,39,91,1,10893,20,609,108,4,498,4498,1,28866.00,28866.00,28866.00,0,APOIO À AGROINDÚSTRIA FAMILIAR,ACESSO A MERCADOS
2025,1230,"SECRETARIA DE ESTADO DE AGRICULTURA, PECUÁRIA E ABASTECIMENTO - SEAPA",3,0,2371,INSTITUTO MINEIRO DE AGROPECUÁRIA - IMA,3,1,90,91,10,9,2101,28,846,705,7,4,7004,1,6633896.00,6633896.00,6633896.00,0,PRECATÓRIOS E SENTENÇAS JUDICIÁRIAS,APOIO ÀS POLÍTICAS PÚBLICAS
2025,1230,"SECRETARIA DE ESTADO DE AGRICULTURA, PECUÁRIA E ABASTECIMENTO - SEAPA",3,0,2371,INSTITUTO MINEIRO DE AGROPECUÁRIA - IMA,3,3,90,91,10,9,2101,28,846,705,7,4,7004,1,77592.00,77592.00,77592.00,0,PRECATÓRIOS E SENTENÇAS JUDICIÁRIAS,APOIO ÀS POLÍTICAS PÚBLICAS
2025,1230,"SECRETARIA DE ESTADO DE AGRICULTURA, PECUÁRIA E ABASTECIMENTO - SEAPA",3,0,3041,EMPRESA DE ASSISTÊNCIA TÉCNICA E EXTENSÃO RURAL DO ESTADO DE MINAS GERAIS - EMATER,3,1,90,11,10,1,11168,20,122,705,2,417,2417,1,160216360.00,160216360.00,160216360.00,0,REMUNERAÇÃO DE PESSOAL ATIVO E ENCARGOS SOCIAIS,APOIO ÀS POLÍTICAS PÚBLICAS
2025,1230,"SECRETARIA DE ESTADO DE AGRICULTURA, PECUÁRIA E ABASTECIMENTO - SEAPA",3,0,3041,EMPRESA DE ASSISTÊNCIA TÉCNICA E EXTENSÃO RURAL DO ESTADO DE MINAS GERAIS - EMATER,3,1,90,11,60,1,11168,20,122,705,2,417,2417,1,11784559.00,11784559.00,11784559.00,0,REMUNERAÇÃO DE PESSOAL ATIVO E ENCARGOS SOCIAIS,APOIO ÀS POLÍTICAS PÚBLICAS
2025,1230,"SECRETARIA DE ESTADO DE AGRICULTURA, PECUÁRIA E ABASTECIMENTO - SEAPA",3,0,3041,EMPRESA DE ASSISTÊNCIA TÉCNICA E EXTENSÃO RURAL DO ESTADO DE MINAS GERAIS - EMATER,3,1,90,11,67,1,11168,20,122,705,2,417,2417,1,32731054.00,32731054.00,32731054.00,0,REMUNERAÇÃO DE PESSOAL ATIVO E ENCARGOS SOCIAIS,APOIO ÀS POLÍTICAS PÚBLICAS
2025,1230,"SECRETARIA DE ESTADO DE AGRICULTURA, PECUÁRIA E ABASTECIMENTO - SEAPA",3,0,3041,EMPRESA DE ASSISTÊNCIA TÉCNICA E EXTENSÃO RURAL DO ESTADO DE MINAS GERAIS - EMATER,3,1,90,13,10,1,11168,20,122,705,2,417,2417,1,70976079.00,70976079.00,70976079.00,0,REMUNERAÇÃO DE PESSOAL ATIVO E ENCARGOS SOCIAIS,APOIO ÀS POLÍTICAS PÚBLICAS
2025,1230,"SECRETARIA DE ESTADO DE AGRICULTURA, PECUÁRIA E ABASTECIMENTO - SEAPA",3,0,3041,EMPRESA DE ASSISTÊNCIA TÉCNICA E EXTENSÃO RURAL DO ESTADO DE MINAS GERAIS - EMATER,3,1,90,13,60,1,11168,20,122,705,2,417,2417,1,5170144.00,5170144.00,5170144.00,0,REMUNERAÇÃO DE PESSOAL ATIVO E ENCARGOS SOCIAIS,APOIO ÀS POLÍTICAS PÚBLICAS
2025,1230,"SECRETARIA DE ESTADO DE AGRICULTURA, PECUÁRIA E ABASTECIMENTO - SEAPA",3,0,3041,EMPRESA DE ASSISTÊNCIA TÉCNICA E EXTENSÃO RURAL DO ESTADO DE MINAS GERAIS - EMATER,3,1,90,13,67,1,11168,20,122,705,2,417,2417,1,14499904.00,14499904.00,14499904.00,0,REMUNERAÇÃO DE PESSOAL ATIVO E ENCARGOS SOCIAIS,APOIO ÀS POLÍTICAS PÚBLICAS
2025,1230,"SECRETARIA DE ESTADO DE AGRICULTURA, PECUÁRIA E ABASTECIMENTO - SEAPA",3,0,3041,EMPRESA DE ASSISTÊNCIA TÉCNICA E EXTENSÃO RURAL DO ESTADO DE MINAS GERAIS - EMATER,3,3,90,30,67,1,9865,20,122,705,2,500,2500,1,80597.00,80597.00,80597.00,0,ASSESSORAMENTO E GERENCIAMENTO DE POLÍTICAS PÚBLICAS,APOIO ÀS POLÍTICAS PÚBLICAS
2025,1230,"SECRETARIA DE ESTADO DE AGRICULTURA, PECUÁRIA E ABASTECIMENTO - SEAPA",3,0,3041,EMPRESA DE ASSISTÊNCIA TÉCNICA E EXTENSÃO RURAL DO ESTADO DE MINAS GERAIS - EMATER,3,3,90,33,67,1,9865,20,122,705,2,500,2500,1,364045.00,364045.00,364045.00,0,ASSESSORAMENTO E GERENCIAMENTO DE POLÍTICAS PÚBLICAS,APOIO ÀS POLÍTICAS PÚBLICAS
2025,1230,"SECRETARIA DE ESTADO DE AGRICULTURA, PECUÁRIA E ABASTECIMENTO - SEAPA",3,0,3041,EMPRESA DE ASSISTÊNCIA TÉCNICA E EXTENSÃO RURAL DO ESTADO DE MINAS GERAIS - EMATER,3,3,90,39,67,1,9865,20,122,705,2,500,2500,1,1384412.00,1384412.00,1384412.00,0,ASSESSORAMENTO E GERENCIAMENTO DE POLÍTICAS PÚBLICAS,APOIO ÀS POLÍTICAS PÚBLICAS
2025,1230,"SECRETARIA DE ESTADO DE AGRICULTURA, PECUÁRIA E ABASTECIMENTO - SEAPA",3,0,3041,EMPRESA DE ASSISTÊNCIA TÉCNICA E EXTENSÃO RURAL DO ESTADO DE MINAS GERAIS - EMATER,3,3,90,40,60,1,10653,20,605,108,1,44,1044,1,731263.00,731263.00,731263.00,0,APOIO À COMERCIALIZAÇÃO ELETRÔNICA POR MEIO DE PLATAFORMA MARKETPLACE,ACESSO A MERCADOS
2025,1230,"SECRETARIA DE ESTADO DE AGRICULTURA, PECUÁRIA E ABASTECIMENTO - SEAPA",3,0,3041,EMPRESA DE ASSISTÊNCIA TÉCNICA E EXTENSÃO RURAL DO ESTADO DE MINAS GERAIS - EMATER,3,3,90,14,60,1,10517,20,606,90,4,235,4235,1,5408196.00,5408196.00,5408196.00,0,ASSISTÊNCIA TÉCNICA E EXTENSÃO RURAL PARA AGRICULTORES FAMILIARES E DEMAIS PÚBLICOS,ASSISTÊNCIA TECNICA E EXTENSÃO RURAL PARA O ESTADO DE MINAS GERAIS
2025,1230,"SECRETARIA DE ESTADO DE AGRICULTURA, PECUÁRIA E ABASTECIMENTO - SEAPA",3,0,3041,EMPRESA DE ASSISTÊNCIA TÉCNICA E EXTENSÃO RURAL DO ESTADO DE MINAS GERAIS - EMATER,3,3,90,14,67,1,10517,20,606,90,4,235,4235,1,296434.00,296434.00,296434.00,0,ASSISTÊNCIA TÉCNICA E EXTENSÃO RURAL PARA AGRICULTORES FAMILIARES E DEMAIS PÚBLICOS,ASSISTÊNCIA TECNICA E EXTENSÃO RURAL PARA O ESTADO DE MINAS GERAIS
2025,1230,"SECRETARIA DE ESTADO DE AGRICULTURA, PECUÁRIA E ABASTECIMENTO - SEAPA",3,0,3041,EMPRESA DE ASSISTÊNCIA TÉCNICA E EXTENSÃO RURAL DO ESTADO DE MINAS GERAIS - EMATER,3,3,90,30,1,1,10517,20,606,90,4,235,4235,1,286500.00,286500.00,286500.00,0,ASSISTÊNCIA TÉCNICA E EXTENSÃO RURAL PARA AGRICULTORES FAMILIARES E DEMAIS PÚBLICOS,ASSISTÊNCIA TECNICA E EXTENSÃO RURAL PARA O ESTADO DE MINAS GERAIS
2025,1230,"SECRETARIA DE ESTADO DE AGRICULTURA, PECUÁRIA E ABASTECIMENTO - SEAPA",3,0,3041,EMPRESA DE ASSISTÊNCIA TÉCNICA E EXTENSÃO RURAL DO ESTADO DE MINAS GERAIS - EMATER,3,3,90,30,2,1,10517,20,606,90,4,235,4235,1,6380400.00,6380400.00,6380400.00,0,ASSISTÊNCIA TÉCNICA E EXTENSÃO RURAL PARA AGRICULTORES FAMILIARES E DEMAIS PÚBLICOS,ASSISTÊNCIA TECNICA E EXTENSÃO RURAL PARA O ESTADO DE MINAS GERAIS
2025,1230,"SECRETARIA DE ESTADO DE AGRICULTURA, PECUÁRIA E ABASTECIMENTO - SEAPA",3,0,3041,EMPRESA DE ASSISTÊNCIA TÉCNICA E EXTENSÃO RURAL DO ESTADO DE MINAS GERAIS - EMATER,3,3,90,30,60,1,10517,20,606,90,4,235,4235,1,4580947.00,4580947.00,4580947.00,0,ASSISTÊNCIA TÉCNICA E EXTENSÃO RURAL PARA AGRICULTORES FAMILIARES E DEMAIS PÚBLICOS,ASSISTÊNCIA TECNICA E EXTENSÃO RURAL PARA O ESTADO DE MINAS GERAIS
2025,1230,"SECRETARIA DE ESTADO DE AGRICULTURA, PECUÁRIA E ABASTECIMENTO - SEAPA",3,0,3041,EMPRESA DE ASSISTÊNCIA TÉCNICA E EXTENSÃO RURAL DO ESTADO DE MINAS GERAIS - EMATER,3,3,90,30,60,3,10517,20,606,90,4,235,4235,1,136817.00,136817.00,136817.00,0,ASSISTÊNCIA TÉCNICA E EXTENSÃO RURAL PARA AGRICULTORES FAMILIARES E DEMAIS PÚBLICOS,ASSISTÊNCIA TECNICA E EXTENSÃO RURAL PARA O ESTADO DE MINAS GERAIS
2025,1230,"SECRETARIA DE ESTADO DE AGRICULTURA, PECUÁRIA E ABASTECIMENTO - SEAPA",3,0,3041,EMPRESA DE ASSISTÊNCIA TÉCNICA E EXTENSÃO RURAL DO ESTADO DE MINAS GERAIS - EMATER,3,3,90,30,67,1,10517,20,606,90,4,235,4235,1,7177788.00,7177788.00,7177788.00,0,ASSISTÊNCIA TÉCNICA E EXTENSÃO RURAL PARA AGRICULTORES FAMILIARES E DEMAIS PÚBLICOS,ASSISTÊNCIA TECNICA E EXTENSÃO RURAL PARA O ESTADO DE MINAS GERAIS
2025,1230,"SECRETARIA DE ESTADO DE AGRICULTURA, PECUÁRIA E ABASTECIMENTO - SEAPA",3,0,3041,EMPRESA DE ASSISTÊNCIA TÉCNICA E EXTENSÃO RURAL DO ESTADO DE MINAS GERAIS - EMATER,3,3,90,37,60,1,10517,20,606,90,4,235,4235,1,1765856.00,1765856.00,1765856.00,0,ASSISTÊNCIA TÉCNICA E EXTENSÃO RURAL PARA AGRICULTORES FAMILIARES E DEMAIS PÚBLICOS,ASSISTÊNCIA TECNICA E EXTENSÃO RURAL PARA O ESTADO DE MINAS GERAIS
2025,1230,"SECRETARIA DE ESTADO DE AGRICULTURA, PECUÁRIA E ABASTECIMENTO - SEAPA",3,0,3041,EMPRESA DE ASSISTÊNCIA TÉCNICA E EXTENSÃO RURAL DO ESTADO DE MINAS GERAIS - EMATER,3,3,90,39,60,1,10517,20,606,90,4,235,4235,1,7341742.00,7341742.00,7341742.00,0,ASSISTÊNCIA TÉCNICA E EXTENSÃO RURAL PARA AGRICULTORES FAMILIARES E DEMAIS PÚBLICOS,ASSISTÊNCIA TECNICA E EXTENSÃO RURAL PARA O ESTADO DE MINAS GERAIS
2025,1230,"SECRETARIA DE ESTADO DE AGRICULTURA, PECUÁRIA E ABASTECIMENTO - SEAPA",3,0,3041,EMPRESA DE ASSISTÊNCIA TÉCNICA E EXTENSÃO RURAL DO ESTADO DE MINAS GERAIS - EMATER,3,3,90,39,67,1,10517,20,606,90,4,235,4235,1,11719526.00,11719526.00,11719526.00,0,ASSISTÊNCIA TÉCNICA E EXTENSÃO RURAL PARA AGRICULTORES FAMILIARES E DEMAIS PÚBLICOS,ASSISTÊNCIA TECNICA E EXTENSÃO RURAL PARA O ESTADO DE MINAS GERAIS
2025,1230,"SECRETARIA DE ESTADO DE AGRICULTURA, PECUÁRIA E ABASTECIMENTO - SEAPA",3,0,3041,EMPRESA DE ASSISTÊNCIA TÉCNICA E EXTENSÃO RURAL DO ESTADO DE MINAS GERAIS - EMATER,3,3,90,39,80,1,10517,20,606,90,4,235,4235,1,63496554.00,63496554.00,63496554.00,0,ASSISTÊNCIA TÉCNICA E EXTENSÃO RURAL PARA AGRICULTORES FAMILIARES E DEMAIS PÚBLICOS,ASSISTÊNCIA TECNICA E EXTENSÃO RURAL PARA O ESTADO DE MINAS GERAIS
2025,1230,"SECRETARIA DE ESTADO DE AGRICULTURA, PECUÁRIA E ABASTECIMENTO - SEAPA",3,0,3041,EMPRESA DE ASSISTÊNCIA TÉCNICA E EXTENSÃO RURAL DO ESTADO DE MINAS GERAIS - EMATER,3,3,90,40,60,1,10517,20,606,90,4,235,4235,1,1327809.00,1327809.00,1327809.00,0,ASSISTÊNCIA TÉCNICA E EXTENSÃO RURAL PARA AGRICULTORES FAMILIARES E DEMAIS PÚBLICOS,ASSISTÊNCIA TECNICA E EXTENSÃO RURAL PARA O ESTADO DE MINAS GERAIS
2025,1230,"SECRETARIA DE ESTADO DE AGRICULTURA, PECUÁRIA E ABASTECIMENTO - SEAPA",3,0,3041,EMPRESA DE ASSISTÊNCIA TÉCNICA E EXTENSÃO RURAL DO ESTADO DE MINAS GERAIS - EMATER,3,3,90,46,67,1,10517,20,606,90,4,235,4235,1,31300000.00,31300000.00,31300000.00,0,ASSISTÊNCIA TÉCNICA E EXTENSÃO RURAL PARA AGRICULTORES FAMILIARES E DEMAIS PÚBLICOS,ASSISTÊNCIA TECNICA E EXTENSÃO RURAL PARA O ESTADO DE MINAS GERAIS
2025,1230,"SECRETARIA DE ESTADO DE AGRICULTURA, PECUÁRIA E ABASTECIMENTO - SEAPA",3,0,3041,EMPRESA DE ASSISTÊNCIA TÉCNICA E EXTENSÃO RURAL DO ESTADO DE MINAS GERAIS - EMATER,3,3,90,47,60,1,10517,20,606,90,4,235,4235,1,1702717.00,1702717.00,1702717.00,0,ASSISTÊNCIA TÉCNICA E EXTENSÃO RURAL PARA AGRICULTORES FAMILIARES E DEMAIS PÚBLICOS,ASSISTÊNCIA TECNICA E EXTENSÃO RURAL PARA O ESTADO DE MINAS GERAIS
2025,1230,"SECRETARIA DE ESTADO DE AGRICULTURA, PECUÁRIA E ABASTECIMENTO - SEAPA",3,0,3041,EMPRESA DE ASSISTÊNCIA TÉCNICA E EXTENSÃO RURAL DO ESTADO DE MINAS GERAIS - EMATER,3,3,90,47,67,1,10517,20,606,90,4,235,4235,1,526240.00,526240.00,526240.00,0,ASSISTÊNCIA TÉCNICA E EXTENSÃO RURAL PARA AGRICULTORES FAMILIARES E DEMAIS PÚBLICOS,ASSISTÊNCIA TECNICA E EXTENSÃO RURAL PARA O ESTADO DE MINAS GERAIS
2025,1230,"SECRETARIA DE ESTADO DE AGRICULTURA, PECUÁRIA E ABASTECIMENTO - SEAPA",3,0,3041,EMPRESA DE ASSISTÊNCIA TÉCNICA E EXTENSÃO RURAL DO ESTADO DE MINAS GERAIS - EMATER,4,4,90,52,1,1,10517,20,606,90,4,235,4235,1,839887.00,839887.00,839887.00,0,ASSISTÊNCIA TÉCNICA E EXTENSÃO RURAL PARA AGRICULTORES FAMILIARES E DEMAIS PÚBLICOS,ASSISTÊNCIA TECNICA E EXTENSÃO RURAL PARA O ESTADO DE MINAS GERAIS
2025,1230,"SECRETARIA DE ESTADO DE AGRICULTURA, PECUÁRIA E ABASTECIMENTO - SEAPA",3,0,3041,EMPRESA DE ASSISTÊNCIA TÉCNICA E EXTENSÃO RURAL DO ESTADO DE MINAS GERAIS - EMATER,4,4,90,52,2,1,10517,20,606,90,4,235,4235,1,2322158.00,2322158.00,2322158.00,0,ASSISTÊNCIA TÉCNICA E EXTENSÃO RURAL PARA AGRICULTORES FAMILIARES E DEMAIS PÚBLICOS,ASSISTÊNCIA TECNICA E EXTENSÃO RURAL PARA O ESTADO DE MINAS GERAIS
2025,1230,"SECRETARIA DE ESTADO DE AGRICULTURA, PECUÁRIA E ABASTECIMENTO - SEAPA",3,0,3041,EMPRESA DE ASSISTÊNCIA TÉCNICA E EXTENSÃO RURAL DO ESTADO DE MINAS GERAIS - EMATER,4,4,90,52,60,1,10517,20,606,90,4,235,4235,1,9881062.00,9881062.00,9881062.00,0,ASSISTÊNCIA TÉCNICA E EXTENSÃO RURAL PARA AGRICULTORES FAMILIARES E DEMAIS PÚBLICOS,ASSISTÊNCIA TECNICA E EXTENSÃO RURAL PARA O ESTADO DE MINAS GERAIS
2025,1230,"SECRETARIA DE ESTADO DE AGRICULTURA, PECUÁRIA E ABASTECIMENTO - SEAPA",3,0,3041,EMPRESA DE ASSISTÊNCIA TÉCNICA E EXTENSÃO RURAL DO ESTADO DE MINAS GERAIS - EMATER,4,4,90,52,60,3,10517,20,606,90,4,235,4235,1,118938.00,118938.00,118938.00,0,ASSISTÊNCIA TÉCNICA E EXTENSÃO RURAL PARA AGRICULTORES FAMILIARES E DEMAIS PÚBLICOS,ASSISTÊNCIA TECNICA E EXTENSÃO RURAL PARA O ESTADO DE MINAS GERAIS
2025,1230,"SECRETARIA DE ESTADO DE AGRICULTURA, PECUÁRIA E ABASTECIMENTO - SEAPA",3,0,3041,EMPRESA DE ASSISTÊNCIA TÉCNICA E EXTENSÃO RURAL DO ESTADO DE MINAS GERAIS - EMATER,4,4,99,99,10,4,10517,20,606,90,4,235,4235,1,70000.00,70000.00,70000.00,0,ASSISTÊNCIA TÉCNICA E EXTENSÃO RURAL PARA AGRICULTORES FAMILIARES E DEMAIS PÚBLICOS,ASSISTÊNCIA TECNICA E EXTENSÃO RURAL PARA O ESTADO DE MINAS GERAIS
2025,1230,"SECRETARIA DE ESTADO DE AGRICULTURA, PECUÁRIA E ABASTECIMENTO - SEAPA",3,0,3041,EMPRESA DE ASSISTÊNCIA TÉCNICA E EXTENSÃO RURAL DO ESTADO DE MINAS GERAIS - EMATER,4,4,99,99,10,8,10517,20,606,90,4,235,4235,1,600000.00,600000.00,600000.00,0,ASSISTÊNCIA TÉCNICA E EXTENSÃO RURAL PARA AGRICULTORES FAMILIARES E DEMAIS PÚBLICOS,ASSISTÊNCIA TECNICA E EXTENSÃO RURAL PARA O ESTADO DE MINAS GERAIS
2025,1230,"SECRETARIA DE ESTADO DE AGRICULTURA, PECUÁRIA E ABASTECIMENTO - SEAPA",3,0,3041,EMPRESA DE ASSISTÊNCIA TÉCNICA E EXTENSÃO RURAL DO ESTADO DE MINAS GERAIS - EMATER,3,3,90,30,67,1,10654,20,606,110,1,45,1045,1,15000.00,15000.00,15000.00,0,CADASTRAMENTO DE AGRICULTORES/POSSEIROS COM FINS DE REGULARIZAÇÃO FUNDIÁRIA DE TERRAS DEVOLUTAS RURAIS.,REGULARIZAÇÃO FUNDIÁRIA - AMPLIAÇÃO DA SEGURANÇA JURÍDICA NO CAMPO
2025,1230,"SECRETARIA DE ESTADO DE AGRICULTURA, PECUÁRIA E ABASTECIMENTO - SEAPA",3,0,3041,EMPRESA DE ASSISTÊNCIA TÉCNICA E EXTENSÃO RURAL DO ESTADO DE MINAS GERAIS - EMATER,3,3,90,32,67,1,10518,20,608,97,4,236,4236,1,7500.00,7500.00,7500.00,0,FOMENTO PARA O DESENVOLVIMENTO DO SETOR AGROPECUÁRIO,MINAS SEM FOME
2025,1230,"SECRETARIA DE ESTADO DE AGRICULTURA, PECUÁRIA E ABASTECIMENTO - SEAPA",3,0,3041,EMPRESA DE ASSISTÊNCIA TÉCNICA E EXTENSÃO RURAL DO ESTADO DE MINAS GERAIS - EMATER,3,3,99,99,10,8,10518,20,608,97,4,236,4236,1,2000000.00,2000000.00,8888500.00,0,FOMENTO PARA O DESENVOLVIMENTO DO SETOR AGROPECUÁRIO,MINAS SEM FOME
2025,1230,"SECRETARIA DE ESTADO DE AGRICULTURA, PECUÁRIA E ABASTECIMENTO - SEAPA",3,0,3041,EMPRESA DE ASSISTÊNCIA TÉCNICA E EXTENSÃO RURAL DO ESTADO DE MINAS GERAIS - EMATER,4,4,90,52,60,1,10518,20,608,97,4,236,4236,1,7500.00,7500.00,7500.00,0,FOMENTO PARA O DESENVOLVIMENTO DO SETOR AGROPECUÁRIO,MINAS SEM FOME
2025,1230,"SECRETARIA DE ESTADO DE AGRICULTURA, PECUÁRIA E ABASTECIMENTO - SEAPA",3,0,3041,EMPRESA DE ASSISTÊNCIA TÉCNICA E EXTENSÃO RURAL DO ESTADO DE MINAS GERAIS - EMATER,4,4,99,99,10,8,10518,20,608,97,4,236,4236,1,2000000.00,2000000.00,14953000.00,0,FOMENTO PARA O DESENVOLVIMENTO DO SETOR AGROPECUÁRIO,MINAS SEM FOME
2025,1230,"SECRETARIA DE ESTADO DE AGRICULTURA, PECUÁRIA E ABASTECIMENTO - SEAPA",3,0,3041,EMPRESA DE ASSISTÊNCIA TÉCNICA E EXTENSÃO RURAL DO ESTADO DE MINAS GERAIS - EMATER,3,3,90,32,67,1,10519,20,609,97,1,34,1034,1,7500.00,7500.00,7500.00,0,MELHORAMENTO GENÉTICO DE BOVINOS,MINAS SEM FOME
2025,1230,"SECRETARIA DE ESTADO DE AGRICULTURA, PECUÁRIA E ABASTECIMENTO - SEAPA",3,0,3041,EMPRESA DE ASSISTÊNCIA TÉCNICA E EXTENSÃO RURAL DO ESTADO DE MINAS GERAIS - EMATER,4,4,90,52,60,1,10519,20,609,97,1,34,1034,1,7500.00,7500.00,7500.00,0,MELHORAMENTO GENÉTICO DE BOVINOS,MINAS SEM FOME
2025,1230,"SECRETARIA DE ESTADO DE AGRICULTURA, PECUÁRIA E ABASTECIMENTO - SEAPA",3,0,3041,EMPRESA DE ASSISTÊNCIA TÉCNICA E EXTENSÃO RURAL DO ESTADO DE MINAS GERAIS - EMATER,3,1,90,91,60,9,1443,28,846,705,7,4,7004,1,34950.00,34950.00,34950.00,0,PRECATÓRIOS E SENTENÇAS JUDICIÁRIAS,APOIO ÀS POLÍTICAS PÚBLICAS
2025,1230,"SECRETARIA DE ESTADO DE AGRICULTURA, PECUÁRIA E ABASTECIMENTO - SEAPA",3,0,3051,EMPRESA DE PESQUISA AGROPECUÁRIA DE MINAS GERAIS - EPAMIG,3,1,90,11,10,1,10230,12,364,15,4,16,4016,1,10575516.00,10575516.00,10575516.00,0,FORMAÇÃO SUPERIOR EM LATICÍNIOS E AGROPECUÁRIA DE PRECISÃO,ENSINO SUPERIOR PARA A AGRICULTURA E PECUÁRIA
2025,1230,"SECRETARIA DE ESTADO DE AGRICULTURA, PECUÁRIA E ABASTECIMENTO - SEAPA",3,0,3051,EMPRESA DE PESQUISA AGROPECUÁRIA DE MINAS GERAIS - EPAMIG,3,1,90,13,10,1,10230,12,364,15,4,16,4016,1,4532364.00,4532364.00,4532364.00,0,FORMAÇÃO SUPERIOR EM LATICÍNIOS E AGROPECUÁRIA DE PRECISÃO,ENSINO SUPERIOR PARA A AGRICULTURA E PECUÁRIA
2025,1230,"SECRETARIA DE ESTADO DE AGRICULTURA, PECUÁRIA E ABASTECIMENTO - SEAPA",3,0,3051,EMPRESA DE PESQUISA AGROPECUÁRIA DE MINAS GERAIS - EPAMIG,3,3,90,14,10,1,10230,12,364,15,4,16,4016,1,35000.00,35000.00,35000.00,0,FORMAÇÃO SUPERIOR EM LATICÍNIOS E AGROPECUÁRIA DE PRECISÃO,ENSINO SUPERIOR PARA A AGRICULTURA E PECUÁRIA
2025,1230,"SECRETARIA DE ESTADO DE AGRICULTURA, PECUÁRIA E ABASTECIMENTO - SEAPA",3,0,3051,EMPRESA DE PESQUISA AGROPECUÁRIA DE MINAS GERAIS - EPAMIG,3,3,90,14,60,1,10230,12,364,15,4,16,4016,1,23000.00,23000.00,23000.00,0,FORMAÇÃO SUPERIOR EM LATICÍNIOS E AGROPECUÁRIA DE PRECISÃO,ENSINO SUPERIOR PARA A AGRICULTURA E PECUÁRIA
2025,1230,"SECRETARIA DE ESTADO DE AGRICULTURA, PECUÁRIA E ABASTECIMENTO - SEAPA",3,0,3051,EMPRESA DE PESQUISA AGROPECUÁRIA DE MINAS GERAIS - EPAMIG,3,3,90,30,10,1,10230,12,364,15,4,16,4016,1,424040.00,424040.00,424040.00,0,FORMAÇÃO SUPERIOR EM LATICÍNIOS E AGROPECUÁRIA DE PRECISÃO,ENSINO SUPERIOR PARA A AGRICULTURA E PECUÁRIA
2025,1230,"SECRETARIA DE ESTADO DE AGRICULTURA, PECUÁRIA E ABASTECIMENTO - SEAPA",3,0,3051,EMPRESA DE PESQUISA AGROPECUÁRIA DE MINAS GERAIS - EPAMIG,3,3,90,30,60,1,10230,12,364,15,4,16,4016,1,52000.00,52000.00,52000.00,0,FORMAÇÃO SUPERIOR EM LATICÍNIOS E AGROPECUÁRIA DE PRECISÃO,ENSINO SUPERIOR PARA A AGRICULTURA E PECUÁRIA
2025,1230,"SECRETARIA DE ESTADO DE AGRICULTURA, PECUÁRIA E ABASTECIMENTO - SEAPA",3,0,3051,EMPRESA DE PESQUISA AGROPECUÁRIA DE MINAS GERAIS - EPAMIG,3,3,90,33,10,1,10230,12,364,15,4,16,4016,1,2800.00,2800.00,2800.00,0,FORMAÇÃO SUPERIOR EM LATICÍNIOS E AGROPECUÁRIA DE PRECISÃO,ENSINO SUPERIOR PARA A AGRICULTURA E PECUÁRIA
2025,1230,"SECRETARIA DE ESTADO DE AGRICULTURA, PECUÁRIA E ABASTECIMENTO - SEAPA",3,0,3051,EMPRESA DE PESQUISA AGROPECUÁRIA DE MINAS GERAIS - EPAMIG,3,3,90,33,60,1,10230,12,364,15,4,16,4016,1,1000.00,1000.00,1000.00,0,FORMAÇÃO SUPERIOR EM LATICÍNIOS E AGROPECUÁRIA DE PRECISÃO,ENSINO SUPERIOR PARA A AGRICULTURA E PECUÁRIA
2025,1230,"SECRETARIA DE ESTADO DE AGRICULTURA, PECUÁRIA E ABASTECIMENTO - SEAPA",3,0,3051,EMPRESA DE PESQUISA AGROPECUÁRIA DE MINAS GERAIS - EPAMIG,3,3,90,35,10,1,10230,12,364,15,4,16,4016,1,5000.00,5000.00,5000.00,0,FORMAÇÃO SUPERIOR EM LATICÍNIOS E AGROPECUÁRIA DE PRECISÃO,ENSINO SUPERIOR PARA A AGRICULTURA E PECUÁRIA
2025,1230,"SECRETARIA DE ESTADO DE AGRICULTURA, PECUÁRIA E ABASTECIMENTO - SEAPA",3,0,3051,EMPRESA DE PESQUISA AGROPECUÁRIA DE MINAS GERAIS - EPAMIG,3,3,90,36,10,1,10230,12,364,15,4,16,4016,1,15000.00,15000.00,15000.00,0,FORMAÇÃO SUPERIOR EM LATICÍNIOS E AGROPECUÁRIA DE PRECISÃO,ENSINO SUPERIOR PARA A AGRICULTURA E PECUÁRIA
2025,1230,"SECRETARIA DE ESTADO DE AGRICULTURA, PECUÁRIA E ABASTECIMENTO - SEAPA",3,0,3051,EMPRESA DE PESQUISA AGROPECUÁRIA DE MINAS GERAIS - EPAMIG,3,3,90,37,10,1,10230,12,364,15,4,16,4016,1,2774443.00,2774443.00,2774443.00,0,FORMAÇÃO SUPERIOR EM LATICÍNIOS E AGROPECUÁRIA DE PRECISÃO,ENSINO SUPERIOR PARA A AGRICULTURA E PECUÁRIA
2025,1230,"SECRETARIA DE ESTADO DE AGRICULTURA, PECUÁRIA E ABASTECIMENTO - SEAPA",3,0,3051,EMPRESA DE PESQUISA AGROPECUÁRIA DE MINAS GERAIS - EPAMIG,3,3,90,39,10,1,10230,12,364,15,4,16,4016,1,815000.00,815000.00,815000.00,0,FORMAÇÃO SUPERIOR EM LATICÍNIOS E AGROPECUÁRIA DE PRECISÃO,ENSINO SUPERIOR PARA A AGRICULTURA E PECUÁRIA
2025,1230,"SECRETARIA DE ESTADO DE AGRICULTURA, PECUÁRIA E ABASTECIMENTO - SEAPA",3,0,3051,EMPRESA DE PESQUISA AGROPECUÁRIA DE MINAS GERAIS - EPAMIG,3,3,90,39,60,1,10230,12,364,15,4,16,4016,1,20000.00,20000.00,20000.00,0,FORMAÇÃO SUPERIOR EM LATICÍNIOS E AGROPECUÁRIA DE PRECISÃO,ENSINO SUPERIOR PARA A AGRICULTURA E PECUÁRIA
2025,1230,"SECRETARIA DE ESTADO DE AGRICULTURA, PECUÁRIA E ABASTECIMENTO - SEAPA",3,0,3051,EMPRESA DE PESQUISA AGROPECUÁRIA DE MINAS GERAIS - EPAMIG,3,3,90,40,10,1,10230,12,364,15,4,16,4016,1,33000.00,33000.00,33000.00,0,FORMAÇÃO SUPERIOR EM LATICÍNIOS E AGROPECUÁRIA DE PRECISÃO,ENSINO SUPERIOR PARA A AGRICULTURA E PECUÁRIA
2025,1230,"SECRETARIA DE ESTADO DE AGRICULTURA, PECUÁRIA E ABASTECIMENTO - SEAPA",3,0,3051,EMPRESA DE PESQUISA AGROPECUÁRIA DE MINAS GERAIS - EPAMIG,3,3,90,47,10,1,10230,12,364,15,4,16,4016,1,11000.00,11000.00,11000.00,0,FORMAÇÃO SUPERIOR EM LATICÍNIOS E AGROPECUÁRIA DE PRECISÃO,ENSINO SUPERIOR PARA A AGRICULTURA E PECUÁRIA
2025,1230,"SECRETARIA DE ESTADO DE AGRICULTURA, PECUÁRIA E ABASTECIMENTO - SEAPA",3,0,3051,EMPRESA DE PESQUISA AGROPECUÁRIA DE MINAS GERAIS - EPAMIG,3,3,90,49,10,1,10230,12,364,15,4,16,4016,1,30000.00,30000.00,30000.00,0,FORMAÇÃO SUPERIOR EM LATICÍNIOS E AGROPECUÁRIA DE PRECISÃO,ENSINO SUPERIOR PARA A AGRICULTURA E PECUÁRIA
2025,1230,"SECRETARIA DE ESTADO DE AGRICULTURA, PECUÁRIA E ABASTECIMENTO - SEAPA",3,0,3051,EMPRESA DE PESQUISA AGROPECUÁRIA DE MINAS GERAIS - EPAMIG,4,4,90,40,10,1,10230,12,364,15,4,16,4016,1,53000.00,53000.00,53000.00,0,FORMAÇÃO SUPERIOR EM LATICÍNIOS E AGROPECUÁRIA DE PRECISÃO,ENSINO SUPERIOR PARA A AGRICULTURA E PECUÁRIA
2025,1230,"SECRETARIA DE ESTADO DE AGRICULTURA, PECUÁRIA E ABASTECIMENTO - SEAPA",3,0,3051,EMPRESA DE PESQUISA AGROPECUÁRIA DE MINAS GERAIS - EPAMIG,4,4,90,51,10,1,10230,12,364,15,4,16,4016,1,9712079.00,9712079.00,9712079.00,0,FORMAÇÃO SUPERIOR EM LATICÍNIOS E AGROPECUÁRIA DE PRECISÃO,ENSINO SUPERIOR PARA A AGRICULTURA E PECUÁRIA
2025,1230,"SECRETARIA DE ESTADO DE AGRICULTURA, PECUÁRIA E ABASTECIMENTO - SEAPA",3,0,3051,EMPRESA DE PESQUISA AGROPECUÁRIA DE MINAS GERAIS - EPAMIG,4,4,90,52,10,1,10230,12,364,15,4,16,4016,1,2989638.00,2989638.00,2989638.00,0,FORMAÇÃO SUPERIOR EM LATICÍNIOS E AGROPECUÁRIA DE PRECISÃO,ENSINO SUPERIOR PARA A AGRICULTURA E PECUÁRIA
2025,1230,"SECRETARIA DE ESTADO DE AGRICULTURA, PECUÁRIA E ABASTECIMENTO - SEAPA",3,0,3051,EMPRESA DE PESQUISA AGROPECUÁRIA DE MINAS GERAIS - EPAMIG,3,3,90,18,10,1,10704,12,364,15,4,370,4370,1,1000.00,1000.00,1000.00,0,ASSISTÊNCIA ESTUDANTIL,ENSINO SUPERIOR PARA A AGRICULTURA E PECUÁRIA
2025,1230,"SECRETARIA DE ESTADO DE AGRICULTURA, PECUÁRIA E ABASTECIMENTO - SEAPA",3,0,3051,EMPRESA DE PESQUISA AGROPECUÁRIA DE MINAS GERAIS - EPAMIG,3,3,90,18,10,1,10705,12,364,15,4,371,4371,1,1000.00,1000.00,1000.00,0,"APOIO ÀS ATIVIDADES DE PESQUISA, INOVAÇÃO E TECNOLOGIA",ENSINO SUPERIOR PARA A AGRICULTURA E PECUÁRIA
2025,1230,"SECRETARIA DE ESTADO DE AGRICULTURA, PECUÁRIA E ABASTECIMENTO - SEAPA",3,0,3051,EMPRESA DE PESQUISA AGROPECUÁRIA DE MINAS GERAIS - EPAMIG,3,3,90,14,24,1,10232,19,571,16,4,18,4018,1,4314.00,4314.00,4314.00,0,DESENVOLVIMENTO DE PESQUISA AGROPECUÁRIA E AGROINDUSTRIAL,INOVAÇÕES E SOLUÇÕES TECNOLÓGICAS PARA A AGROPECUÁRIA E A AGROINDÚSTRIA
2025,1230,"SECRETARIA DE ESTADO DE AGRICULTURA, PECUÁRIA E ABASTECIMENTO - SEAPA",3,0,3051,EMPRESA DE PESQUISA AGROPECUÁRIA DE MINAS GERAIS - EPAMIG,3,3,90,14,60,1,10232,19,571,16,4,18,4018,1,228000.00,228000.00,228000.00,0,DESENVOLVIMENTO DE PESQUISA AGROPECUÁRIA E AGROINDUSTRIAL,INOVAÇÕES E SOLUÇÕES TECNOLÓGICAS PARA A AGROPECUÁRIA E A AGROINDÚSTRIA
2025,1230,"SECRETARIA DE ESTADO DE AGRICULTURA, PECUÁRIA E ABASTECIMENTO - SEAPA",3,0,3051,EMPRESA DE PESQUISA AGROPECUÁRIA DE MINAS GERAIS - EPAMIG,3,3,90,14,70,1,10232,19,571,16,4,18,4018,1,59000.00,59000.00,59000.00,0,DESENVOLVIMENTO DE PESQUISA AGROPECUÁRIA E AGROINDUSTRIAL,INOVAÇÕES E SOLUÇÕES TECNOLÓGICAS PARA A AGROPECUÁRIA E A AGROINDÚSTRIA
2025,1230,"SECRETARIA DE ESTADO DE AGRICULTURA, PECUÁRIA E ABASTECIMENTO - SEAPA",3,0,3051,EMPRESA DE PESQUISA AGROPECUÁRIA DE MINAS GERAIS - EPAMIG,3,3,90,30,10,3,10232,19,571,16,4,18,4018,1,1747.00,1747.00,1747.00,0,DESENVOLVIMENTO DE PESQUISA AGROPECUÁRIA E AGROINDUSTRIAL,INOVAÇÕES E SOLUÇÕES TECNOLÓGICAS PARA A AGROPECUÁRIA E A AGROINDÚSTRIA
2025,1230,"SECRETARIA DE ESTADO DE AGRICULTURA, PECUÁRIA E ABASTECIMENTO - SEAPA",3,0,3051,EMPRESA DE PESQUISA AGROPECUÁRIA DE MINAS GERAIS - EPAMIG,3,3,90,30,24,1,10232,19,571,16,4,18,4018,1,188040.00,188040.00,188040.00,0,DESENVOLVIMENTO DE PESQUISA AGROPECUÁRIA E AGROINDUSTRIAL,INOVAÇÕES E SOLUÇÕES TECNOLÓGICAS PARA A AGROPECUÁRIA E A AGROINDÚSTRIA
2025,1230,"SECRETARIA DE ESTADO DE AGRICULTURA, PECUÁRIA E ABASTECIMENTO - SEAPA",3,0,3051,EMPRESA DE PESQUISA AGROPECUÁRIA DE MINAS GERAIS - EPAMIG,3,3,90,30,60,1,10232,19,571,16,4,18,4018,1,3000000.00,3000000.00,3000000.00,0,DESENVOLVIMENTO DE PESQUISA AGROPECUÁRIA E AGROINDUSTRIAL,INOVAÇÕES E SOLUÇÕES TECNOLÓGICAS PARA A AGROPECUÁRIA E A AGROINDÚSTRIA
2025,1230,"SECRETARIA DE ESTADO DE AGRICULTURA, PECUÁRIA E ABASTECIMENTO - SEAPA",3,0,3051,EMPRESA DE PESQUISA AGROPECUÁRIA DE MINAS GERAIS - EPAMIG,3,3,90,30,70,1,10232,19,571,16,4,18,4018,1,111000.00,111000.00,111000.00,0,DESENVOLVIMENTO DE PESQUISA AGROPECUÁRIA E AGROINDUSTRIAL,INOVAÇÕES E SOLUÇÕES TECNOLÓGICAS PARA A AGROPECUÁRIA E A AGROINDÚSTRIA
2025,1230,"SECRETARIA DE ESTADO DE AGRICULTURA, PECUÁRIA E ABASTECIMENTO - SEAPA",3,0,3051,EMPRESA DE PESQUISA AGROPECUÁRIA DE MINAS GERAIS - EPAMIG,3,3,90,33,24,1,10232,19,571,16,4,18,4018,1,20134.00,20134.00,20134.00,0,DESENVOLVIMENTO DE PESQUISA AGROPECUÁRIA E AGROINDUSTRIAL,INOVAÇÕES E SOLUÇÕES TECNOLÓGICAS PARA A AGROPECUÁRIA E A AGROINDÚSTRIA
2025,1230,"SECRETARIA DE ESTADO DE AGRICULTURA, PECUÁRIA E ABASTECIMENTO - SEAPA",3,0,3051,EMPRESA DE PESQUISA AGROPECUÁRIA DE MINAS GERAIS - EPAMIG,3,3,90,33,60,1,10232,19,571,16,4,18,4018,1,40000.00,40000.00,40000.00,0,DESENVOLVIMENTO DE PESQUISA AGROPECUÁRIA E AGROINDUSTRIAL,INOVAÇÕES E SOLUÇÕES TECNOLÓGICAS PARA A AGROPECUÁRIA E A AGROINDÚSTRIA
2025,1230,"SECRETARIA DE ESTADO DE AGRICULTURA, PECUÁRIA E ABASTECIMENTO - SEAPA",3,0,3051,EMPRESA DE PESQUISA AGROPECUÁRIA DE MINAS GERAIS - EPAMIG,3,3,90,33,70,1,10232,19,571,16,4,18,4018,1,4500.00,4500.00,4500.00,0,DESENVOLVIMENTO DE PESQUISA AGROPECUÁRIA E AGROINDUSTRIAL,INOVAÇÕES E SOLUÇÕES TECNOLÓGICAS PARA A AGROPECUÁRIA E A AGROINDÚSTRIA
2025,1230,"SECRETARIA DE ESTADO DE AGRICULTURA, PECUÁRIA E ABASTECIMENTO - SEAPA",3,0,3051,EMPRESA DE PESQUISA AGROPECUÁRIA DE MINAS GERAIS - EPAMIG,3,3,90,35,60,1,10232,19,571,16,4,18,4018,1,12000.00,12000.00,12000.00,0,DESENVOLVIMENTO DE PESQUISA AGROPECUÁRIA E AGROINDUSTRIAL,INOVAÇÕES E SOLUÇÕES TECNOLÓGICAS PARA A AGROPECUÁRIA E A AGROINDÚSTRIA
2025,1230,"SECRETARIA DE ESTADO DE AGRICULTURA, PECUÁRIA E ABASTECIMENTO - SEAPA",3,0,3051,EMPRESA DE PESQUISA AGROPECUÁRIA DE MINAS GERAIS - EPAMIG,3,3,90,36,60,1,10232,19,571,16,4,18,4018,1,5992.00,5992.00,5992.00,0,DESENVOLVIMENTO DE PESQUISA AGROPECUÁRIA E AGROINDUSTRIAL,INOVAÇÕES E SOLUÇÕES TECNOLÓGICAS PARA A AGROPECUÁRIA E A AGROINDÚSTRIA
2025,1230,"SECRETARIA DE ESTADO DE AGRICULTURA, PECUÁRIA E ABASTECIMENTO - SEAPA",3,0,3051,EMPRESA DE PESQUISA AGROPECUÁRIA DE MINAS GERAIS - EPAMIG,3,3,90,37,10,1,10232,19,571,16,4,18,4018,1,11475242.00,11475242.00,11475242.00,0,DESENVOLVIMENTO DE PESQUISA AGROPECUÁRIA E AGROINDUSTRIAL,INOVAÇÕES E SOLUÇÕES TECNOLÓGICAS PARA A AGROPECUÁRIA E A AGROINDÚSTRIA
2025,1230,"SECRETARIA DE ESTADO DE AGRICULTURA, PECUÁRIA E ABASTECIMENTO - SEAPA",3,0,3051,EMPRESA DE PESQUISA AGROPECUÁRIA DE MINAS GERAIS - EPAMIG,3,3,90,39,10,1,10232,19,571,16,4,18,4018,1,610443.00,610443.00,610443.00,0,DESENVOLVIMENTO DE PESQUISA AGROPECUÁRIA E AGROINDUSTRIAL,INOVAÇÕES E SOLUÇÕES TECNOLÓGICAS PARA A AGROPECUÁRIA E A AGROINDÚSTRIA
2025,1230,"SECRETARIA DE ESTADO DE AGRICULTURA, PECUÁRIA E ABASTECIMENTO - SEAPA",3,0,3051,EMPRESA DE PESQUISA AGROPECUÁRIA DE MINAS GERAIS - EPAMIG,3,3,90,39,24,1,10232,19,571,16,4,18,4018,1,666832.00,666832.00,666832.00,0,DESENVOLVIMENTO DE PESQUISA AGROPECUÁRIA E AGROINDUSTRIAL,INOVAÇÕES E SOLUÇÕES TECNOLÓGICAS PARA A AGROPECUÁRIA E A AGROINDÚSTRIA
2025,1230,"SECRETARIA DE ESTADO DE AGRICULTURA, PECUÁRIA E ABASTECIMENTO - SEAPA",3,0,3051,EMPRESA DE PESQUISA AGROPECUÁRIA DE MINAS GERAIS - EPAMIG,3,3,90,39,60,1,10232,19,571,16,4,18,4018,1,2700000.00,2700000.00,2700000.00,0,DESENVOLVIMENTO DE PESQUISA AGROPECUÁRIA E AGROINDUSTRIAL,INOVAÇÕES E SOLUÇÕES TECNOLÓGICAS PARA A AGROPECUÁRIA E A AGROINDÚSTRIA
2025,1230,"SECRETARIA DE ESTADO DE AGRICULTURA, PECUÁRIA E ABASTECIMENTO - SEAPA",3,0,3051,EMPRESA DE PESQUISA AGROPECUÁRIA DE MINAS GERAIS - EPAMIG,3,3,90,39,70,1,10232,19,571,16,4,18,4018,1,40000.00,40000.00,40000.00,0,DESENVOLVIMENTO DE PESQUISA AGROPECUÁRIA E AGROINDUSTRIAL,INOVAÇÕES E SOLUÇÕES TECNOLÓGICAS PARA A AGROPECUÁRIA E A AGROINDÚSTRIA
2025,1230,"SECRETARIA DE ESTADO DE AGRICULTURA, PECUÁRIA E ABASTECIMENTO - SEAPA",3,0,3051,EMPRESA DE PESQUISA AGROPECUÁRIA DE MINAS GERAIS - EPAMIG,3,3,90,40,60,1,10232,19,571,16,4,18,4018,1,125000.00,125000.00,125000.00,0,DESENVOLVIMENTO DE PESQUISA AGROPECUÁRIA E AGROINDUSTRIAL,INOVAÇÕES E SOLUÇÕES TECNOLÓGICAS PARA A AGROPECUÁRIA E A AGROINDÚSTRIA
2025,1230,"SECRETARIA DE ESTADO DE AGRICULTURA, PECUÁRIA E ABASTECIMENTO - SEAPA",3,0,3051,EMPRESA DE PESQUISA AGROPECUÁRIA DE MINAS GERAIS - EPAMIG,3,3,90,47,60,1,10232,19,571,16,4,18,4018,1,10000.00,10000.00,10000.00,0,DESENVOLVIMENTO DE PESQUISA AGROPECUÁRIA E AGROINDUSTRIAL,INOVAÇÕES E SOLUÇÕES TECNOLÓGICAS PARA A AGROPECUÁRIA E A AGROINDÚSTRIA
2025,1230,"SECRETARIA DE ESTADO DE AGRICULTURA, PECUÁRIA E ABASTECIMENTO - SEAPA",3,0,3051,EMPRESA DE PESQUISA AGROPECUÁRIA DE MINAS GERAIS - EPAMIG,3,3,99,99,10,8,10232,19,571,16,4,18,4018,1,100000.00,100000.00,100000.00,0,DESENVOLVIMENTO DE PESQUISA AGROPECUÁRIA E AGROINDUSTRIAL,INOVAÇÕES E SOLUÇÕES TECNOLÓGICAS PARA A AGROPECUÁRIA E A AGROINDÚSTRIA
2025,1230,"SECRETARIA DE ESTADO DE AGRICULTURA, PECUÁRIA E ABASTECIMENTO - SEAPA",3,0,3051,EMPRESA DE PESQUISA AGROPECUÁRIA DE MINAS GERAIS - EPAMIG,4,4,90,51,24,1,10232,19,571,16,4,18,4018,1,1755455.00,1755455.00,1755455.00,0,DESENVOLVIMENTO DE PESQUISA AGROPECUÁRIA E AGROINDUSTRIAL,INOVAÇÕES E SOLUÇÕES TECNOLÓGICAS PARA A AGROPECUÁRIA E A AGROINDÚSTRIA
2025,1230,"SECRETARIA DE ESTADO DE AGRICULTURA, PECUÁRIA E ABASTECIMENTO - SEAPA",3,0,3051,EMPRESA DE PESQUISA AGROPECUÁRIA DE MINAS GERAIS - EPAMIG,4,4,90,51,47,1,10232,19,571,16,4,18,4018,1,1115100.00,1115100.00,1115100.00,0,DESENVOLVIMENTO DE PESQUISA AGROPECUÁRIA E AGROINDUSTRIAL,INOVAÇÕES E SOLUÇÕES TECNOLÓGICAS PARA A AGROPECUÁRIA E A AGROINDÚSTRIA
2025,1230,"SECRETARIA DE ESTADO DE AGRICULTURA, PECUÁRIA E ABASTECIMENTO - SEAPA",3,0,3051,EMPRESA DE PESQUISA AGROPECUÁRIA DE MINAS GERAIS - EPAMIG,4,4,90,51,60,1,10232,19,571,16,4,18,4018,1,250000.00,250000.00,250000.00,0,DESENVOLVIMENTO DE PESQUISA AGROPECUÁRIA E AGROINDUSTRIAL,INOVAÇÕES E SOLUÇÕES TECNOLÓGICAS PARA A AGROPECUÁRIA E A AGROINDÚSTRIA
2025,1230,"SECRETARIA DE ESTADO DE AGRICULTURA, PECUÁRIA E ABASTECIMENTO - SEAPA",3,0,3051,EMPRESA DE PESQUISA AGROPECUÁRIA DE MINAS GERAIS - EPAMIG,4,4,90,52,1,1,10232,19,571,16,4,18,4018,1,479500.00,479500.00,479500.00,0,DESENVOLVIMENTO DE PESQUISA AGROPECUÁRIA E AGROINDUSTRIAL,INOVAÇÕES E SOLUÇÕES TECNOLÓGICAS PARA A AGROPECUÁRIA E A AGROINDÚSTRIA
2025,1230,"SECRETARIA DE ESTADO DE AGRICULTURA, PECUÁRIA E ABASTECIMENTO - SEAPA",3,0,3051,EMPRESA DE PESQUISA AGROPECUÁRIA DE MINAS GERAIS - EPAMIG,4,4,90,52,10,3,10232,19,571,16,4,18,4018,1,59779.00,59779.00,59779.00,0,DESENVOLVIMENTO DE PESQUISA AGROPECUÁRIA E AGROINDUSTRIAL,INOVAÇÕES E SOLUÇÕES TECNOLÓGICAS PARA A AGROPECUÁRIA E A AGROINDÚSTRIA
2025,1230,"SECRETARIA DE ESTADO DE AGRICULTURA, PECUÁRIA E ABASTECIMENTO - SEAPA",3,0,3051,EMPRESA DE PESQUISA AGROPECUÁRIA DE MINAS GERAIS - EPAMIG,4,4,90,52,24,1,10232,19,571,16,4,18,4018,1,3050422.00,3050422.00,3050422.00,0,DESENVOLVIMENTO DE PESQUISA AGROPECUÁRIA E AGROINDUSTRIAL,INOVAÇÕES E SOLUÇÕES TECNOLÓGICAS PARA A AGROPECUÁRIA E A AGROINDÚSTRIA
2025,1230,"SECRETARIA DE ESTADO DE AGRICULTURA, PECUÁRIA E ABASTECIMENTO - SEAPA",3,0,3051,EMPRESA DE PESQUISA AGROPECUÁRIA DE MINAS GERAIS - EPAMIG,4,4,90,52,47,1,10232,19,571,16,4,18,4018,1,1115100.00,1115100.00,1115100.00,0,DESENVOLVIMENTO DE PESQUISA AGROPECUÁRIA E AGROINDUSTRIAL,INOVAÇÕES E SOLUÇÕES TECNOLÓGICAS PARA A AGROPECUÁRIA E A AGROINDÚSTRIA
2025,1230,"SECRETARIA DE ESTADO DE AGRICULTURA, PECUÁRIA E ABASTECIMENTO - SEAPA",3,0,3051,EMPRESA DE PESQUISA AGROPECUÁRIA DE MINAS GERAIS - EPAMIG,4,4,90,52,60,1,10232,19,571,16,4,18,4018,1,250000.00,250000.00,250000.00,0,DESENVOLVIMENTO DE PESQUISA AGROPECUÁRIA E AGROINDUSTRIAL,INOVAÇÕES E SOLUÇÕES TECNOLÓGICAS PARA A AGROPECUÁRIA E A AGROINDÚSTRIA
2025,1230,"SECRETARIA DE ESTADO DE AGRICULTURA, PECUÁRIA E ABASTECIMENTO - SEAPA",3,0,3051,EMPRESA DE PESQUISA AGROPECUÁRIA DE MINAS GERAIS - EPAMIG,4,4,90,52,70,1,10232,19,571,16,4,18,4018,1,37500.00,37500.00,37500.00,0,DESENVOLVIMENTO DE PESQUISA AGROPECUÁRIA E AGROINDUSTRIAL,INOVAÇÕES E SOLUÇÕES TECNOLÓGICAS PARA A AGROPECUÁRIA E A AGROINDÚSTRIA
2025,1230,"SECRETARIA DE ESTADO DE AGRICULTURA, PECUÁRIA E ABASTECIMENTO - SEAPA",3,0,3051,EMPRESA DE PESQUISA AGROPECUÁRIA DE MINAS GERAIS - EPAMIG,4,4,99,99,10,8,10232,19,571,16,4,18,4018,1,250000.00,250000.00,500000.00,0,DESENVOLVIMENTO DE PESQUISA AGROPECUÁRIA E AGROINDUSTRIAL,INOVAÇÕES E SOLUÇÕES TECNOLÓGICAS PARA A AGROPECUÁRIA E A AGROINDÚSTRIA
2025,1230,"SECRETARIA DE ESTADO DE AGRICULTURA, PECUÁRIA E ABASTECIMENTO - SEAPA",3,0,3051,EMPRESA DE PESQUISA AGROPECUÁRIA DE MINAS GERAIS - EPAMIG,3,1,90,11,10,1,11163,20,122,705,2,417,2417,1,65930224.00,65930224.00,65930224.00,0,REMUNERAÇÃO DE PESSOAL ATIVO E ENCARGOS SOCIAIS,APOIO ÀS POLÍTICAS PÚBLICAS
2025,1230,"SECRETARIA DE ESTADO DE AGRICULTURA, PECUÁRIA E ABASTECIMENTO - SEAPA",3,0,3051,EMPRESA DE PESQUISA AGROPECUÁRIA DE MINAS GERAIS - EPAMIG,3,1,90,13,10,1,11163,20,122,705,2,417,2417,1,28255811.00,28255811.00,28255811.00,0,REMUNERAÇÃO DE PESSOAL ATIVO E ENCARGOS SOCIAIS,APOIO ÀS POLÍTICAS PÚBLICAS
2025,1230,"SECRETARIA DE ESTADO DE AGRICULTURA, PECUÁRIA E ABASTECIMENTO - SEAPA",3,0,3051,EMPRESA DE PESQUISA AGROPECUÁRIA DE MINAS GERAIS - EPAMIG,3,3,90,14,60,1,9438,20,122,705,2,500,2500,1,355000.00,355000.00,355000.00,0,ASSESSORAMENTO E GERENCIAMENTO DE POLÍTICAS PÚBLICAS,APOIO ÀS POLÍTICAS PÚBLICAS
2025,1230,"SECRETARIA DE ESTADO DE AGRICULTURA, PECUÁRIA E ABASTECIMENTO - SEAPA",3,0,3051,EMPRESA DE PESQUISA AGROPECUÁRIA DE MINAS GERAIS - EPAMIG,3,3,90,30,60,1,9438,20,122,705,2,500,2500,1,560000.00,560000.00,560000.00,0,ASSESSORAMENTO E GERENCIAMENTO DE POLÍTICAS PÚBLICAS,APOIO ÀS POLÍTICAS PÚBLICAS
2025,1230,"SECRETARIA DE ESTADO DE AGRICULTURA, PECUÁRIA E ABASTECIMENTO - SEAPA",3,0,3051,EMPRESA DE PESQUISA AGROPECUÁRIA DE MINAS GERAIS - EPAMIG,3,3,90,33,60,1,9438,20,122,705,2,500,2500,1,60000.00,60000.00,60000.00,0,ASSESSORAMENTO E GERENCIAMENTO DE POLÍTICAS PÚBLICAS,APOIO ÀS POLÍTICAS PÚBLICAS
2025,1230,"SECRETARIA DE ESTADO DE AGRICULTURA, PECUÁRIA E ABASTECIMENTO - SEAPA",3,0,3051,EMPRESA DE PESQUISA AGROPECUÁRIA DE MINAS GERAIS - EPAMIG,3,3,90,35,60,1,9438,20,122,705,2,500,2500,1,60000.00,60000.00,60000.00,0,ASSESSORAMENTO E GERENCIAMENTO DE POLÍTICAS PÚBLICAS,APOIO ÀS POLÍTICAS PÚBLICAS
2025,1230,"SECRETARIA DE ESTADO DE AGRICULTURA, PECUÁRIA E ABASTECIMENTO - SEAPA",3,0,3051,EMPRESA DE PESQUISA AGROPECUÁRIA DE MINAS GERAIS - EPAMIG,3,3,90,36,60,1,9438,20,122,705,2,500,2500,1,25000.00,25000.00,25000.00,0,ASSESSORAMENTO E GERENCIAMENTO DE POLÍTICAS PÚBLICAS,APOIO ÀS POLÍTICAS PÚBLICAS
2025,1230,"SECRETARIA DE ESTADO DE AGRICULTURA, PECUÁRIA E ABASTECIMENTO - SEAPA",3,0,3051,EMPRESA DE PESQUISA AGROPECUÁRIA DE MINAS GERAIS - EPAMIG,3,3,90,37,10,1,9438,20,122,705,2,500,2500,1,1000000.00,1000000.00,1000000.00,0,ASSESSORAMENTO E GERENCIAMENTO DE POLÍTICAS PÚBLICAS,APOIO ÀS POLÍTICAS PÚBLICAS
2025,1230,"SECRETARIA DE ESTADO DE AGRICULTURA, PECUÁRIA E ABASTECIMENTO - SEAPA",3,0,3051,EMPRESA DE PESQUISA AGROPECUÁRIA DE MINAS GERAIS - EPAMIG,3,3,90,39,10,1,9438,20,122,705,2,500,2500,1,250000.00,250000.00,250000.00,0,ASSESSORAMENTO E GERENCIAMENTO DE POLÍTICAS PÚBLICAS,APOIO ÀS POLÍTICAS PÚBLICAS
2025,1230,"SECRETARIA DE ESTADO DE AGRICULTURA, PECUÁRIA E ABASTECIMENTO - SEAPA",3,0,3051,EMPRESA DE PESQUISA AGROPECUÁRIA DE MINAS GERAIS - EPAMIG,3,3,90,39,60,1,9438,20,122,705,2,500,2500,1,2300000.00,2300000.00,2300000.00,0,ASSESSORAMENTO E GERENCIAMENTO DE POLÍTICAS PÚBLICAS,APOIO ÀS POLÍTICAS PÚBLICAS
2025,1230,"SECRETARIA DE ESTADO DE AGRICULTURA, PECUÁRIA E ABASTECIMENTO - SEAPA",3,0,3051,EMPRESA DE PESQUISA AGROPECUÁRIA DE MINAS GERAIS - EPAMIG,3,3,90,40,60,1,9438,20,122,705,2,500,2500,1,960000.00,960000.00,960000.00,0,ASSESSORAMENTO E GERENCIAMENTO DE POLÍTICAS PÚBLICAS,APOIO ÀS POLÍTICAS PÚBLICAS
2025,1230,"SECRETARIA DE ESTADO DE AGRICULTURA, PECUÁRIA E ABASTECIMENTO - SEAPA",3,0,3051,EMPRESA DE PESQUISA AGROPECUÁRIA DE MINAS GERAIS - EPAMIG,3,3,90,47,60,1,9438,20,122,705,2,500,2500,1,290000.00,290000.00,290000.00,0,ASSESSORAMENTO E GERENCIAMENTO DE POLÍTICAS PÚBLICAS,APOIO ÀS POLÍTICAS PÚBLICAS
2025,1230,"SECRETARIA DE ESTADO DE AGRICULTURA, PECUÁRIA E ABASTECIMENTO - SEAPA",3,0,3051,EMPRESA DE PESQUISA AGROPECUÁRIA DE MINAS GERAIS - EPAMIG,3,3,90,14,60,1,10233,20,571,16,4,19,4019,1,60000.00,60000.00,60000.00,0,DIVULGAÇÃO DE TECNOLOGIA AGROPECUÁRIA VIA EVENTOS TÉCNICO-CIENTÍFICOS,INOVAÇÕES E SOLUÇÕES TECNOLÓGICAS PARA A AGROPECUÁRIA E A AGROINDÚSTRIA
2025,1230,"SECRETARIA DE ESTADO DE AGRICULTURA, PECUÁRIA E ABASTECIMENTO - SEAPA",3,0,3051,EMPRESA DE PESQUISA AGROPECUÁRIA DE MINAS GERAIS - EPAMIG,3,3,90,30,60,1,10233,20,571,16,4,19,4019,1,200000.00,200000.00,200000.00,0,DIVULGAÇÃO DE TECNOLOGIA AGROPECUÁRIA VIA EVENTOS TÉCNICO-CIENTÍFICOS,INOVAÇÕES E SOLUÇÕES TECNOLÓGICAS PARA A AGROPECUÁRIA E A AGROINDÚSTRIA
2025,1230,"SECRETARIA DE ESTADO DE AGRICULTURA, PECUÁRIA E ABASTECIMENTO - SEAPA",3,0,3051,EMPRESA DE PESQUISA AGROPECUÁRIA DE MINAS GERAIS - EPAMIG,3,3,90,33,60,1,10233,20,571,16,4,19,4019,1,3000.00,3000.00,3000.00,0,DIVULGAÇÃO DE TECNOLOGIA AGROPECUÁRIA VIA EVENTOS TÉCNICO-CIENTÍFICOS,INOVAÇÕES E SOLUÇÕES TECNOLÓGICAS PARA A AGROPECUÁRIA E A AGROINDÚSTRIA
2025,1230,"SECRETARIA DE ESTADO DE AGRICULTURA, PECUÁRIA E ABASTECIMENTO - SEAPA",3,0,3051,EMPRESA DE PESQUISA AGROPECUÁRIA DE MINAS GERAIS - EPAMIG,3,3,90,36,60,1,10233,20,571,16,4,19,4019,1,5000.00,5000.00,5000.00,0,DIVULGAÇÃO DE TECNOLOGIA AGROPECUÁRIA VIA EVENTOS TÉCNICO-CIENTÍFICOS,INOVAÇÕES E SOLUÇÕES TECNOLÓGICAS PARA A AGROPECUÁRIA E A AGROINDÚSTRIA
2025,1230,"SECRETARIA DE ESTADO DE AGRICULTURA, PECUÁRIA E ABASTECIMENTO - SEAPA",3,0,3051,EMPRESA DE PESQUISA AGROPECUÁRIA DE MINAS GERAIS - EPAMIG,3,3,90,37,60,1,10233,20,571,16,4,19,4019,1,30000.00,30000.00,30000.00,0,DIVULGAÇÃO DE TECNOLOGIA AGROPECUÁRIA VIA EVENTOS TÉCNICO-CIENTÍFICOS,INOVAÇÕES E SOLUÇÕES TECNOLÓGICAS PARA A AGROPECUÁRIA E A AGROINDÚSTRIA
2025,1230,"SECRETARIA DE ESTADO DE AGRICULTURA, PECUÁRIA E ABASTECIMENTO - SEAPA",3,0,3051,EMPRESA DE PESQUISA AGROPECUÁRIA DE MINAS GERAIS - EPAMIG,3,3,90,39,60,1,10233,20,571,16,4,19,4019,1,1202000.00,1202000.00,1202000.00,0,DIVULGAÇÃO DE TECNOLOGIA AGROPECUÁRIA VIA EVENTOS TÉCNICO-CIENTÍFICOS,INOVAÇÕES E SOLUÇÕES TECNOLÓGICAS PARA A AGROPECUÁRIA E A AGROINDÚSTRIA
2025,1230,"SECRETARIA DE ESTADO DE AGRICULTURA, PECUÁRIA E ABASTECIMENTO - SEAPA",3,0,3051,EMPRESA DE PESQUISA AGROPECUÁRIA DE MINAS GERAIS - EPAMIG,3,3,90,40,60,1,10233,20,571,16,4,19,4019,1,100000.00,100000.00,100000.00,0,DIVULGAÇÃO DE TECNOLOGIA AGROPECUÁRIA VIA EVENTOS TÉCNICO-CIENTÍFICOS,INOVAÇÕES E SOLUÇÕES TECNOLÓGICAS PARA A AGROPECUÁRIA E A AGROINDÚSTRIA
2025,1230,"SECRETARIA DE ESTADO DE AGRICULTURA, PECUÁRIA E ABASTECIMENTO - SEAPA",3,0,3051,EMPRESA DE PESQUISA AGROPECUÁRIA DE MINAS GERAIS - EPAMIG,3,3,90,14,60,1,10234,20,571,16,4,20,4020,1,10000.00,10000.00,10000.00,0,TRANSFERÊNCIA DE TECNOLOGIA VIA SEMENTES DE CULTIVARES MELHORADAS,INOVAÇÕES E SOLUÇÕES TECNOLÓGICAS PARA A AGROPECUÁRIA E A AGROINDÚSTRIA
2025,1230,"SECRETARIA DE ESTADO DE AGRICULTURA, PECUÁRIA E ABASTECIMENTO - SEAPA",3,0,3051,EMPRESA DE PESQUISA AGROPECUÁRIA DE MINAS GERAIS - EPAMIG,3,3,90,30,60,1,10234,20,571,16,4,20,4020,1,347000.00,347000.00,347000.00,0,TRANSFERÊNCIA DE TECNOLOGIA VIA SEMENTES DE CULTIVARES MELHORADAS,INOVAÇÕES E SOLUÇÕES TECNOLÓGICAS PARA A AGROPECUÁRIA E A AGROINDÚSTRIA
2025,1230,"SECRETARIA DE ESTADO DE AGRICULTURA, PECUÁRIA E ABASTECIMENTO - SEAPA",3,0,3051,EMPRESA DE PESQUISA AGROPECUÁRIA DE MINAS GERAIS - EPAMIG,3,3,90,33,60,1,10234,20,571,16,4,20,4020,1,5000.00,5000.00,5000.00,0,TRANSFERÊNCIA DE TECNOLOGIA VIA SEMENTES DE CULTIVARES MELHORADAS,INOVAÇÕES E SOLUÇÕES TECNOLÓGICAS PARA A AGROPECUÁRIA E A AGROINDÚSTRIA
2025,1230,"SECRETARIA DE ESTADO DE AGRICULTURA, PECUÁRIA E ABASTECIMENTO - SEAPA",3,0,3051,EMPRESA DE PESQUISA AGROPECUÁRIA DE MINAS GERAIS - EPAMIG,3,3,90,36,60,1,10234,20,571,16,4,20,4020,1,1000.00,1000.00,1000.00,0,TRANSFERÊNCIA DE TECNOLOGIA VIA SEMENTES DE CULTIVARES MELHORADAS,INOVAÇÕES E SOLUÇÕES TECNOLÓGICAS PARA A AGROPECUÁRIA E A AGROINDÚSTRIA
2025,1230,"SECRETARIA DE ESTADO DE AGRICULTURA, PECUÁRIA E ABASTECIMENTO - SEAPA",3,0,3051,EMPRESA DE PESQUISA AGROPECUÁRIA DE MINAS GERAIS - EPAMIG,3,3,90,39,60,1,10234,20,571,16,4,20,4020,1,277000.00,277000.00,277000.00,0,TRANSFERÊNCIA DE TECNOLOGIA VIA SEMENTES DE CULTIVARES MELHORADAS,INOVAÇÕES E SOLUÇÕES TECNOLÓGICAS PARA A AGROPECUÁRIA E A AGROINDÚSTRIA
2025,1230,"SECRETARIA DE ESTADO DE AGRICULTURA, PECUÁRIA E ABASTECIMENTO - SEAPA",3,0,3051,EMPRESA DE PESQUISA AGROPECUÁRIA DE MINAS GERAIS - EPAMIG,3,3,90,40,60,1,10234,20,571,16,4,20,4020,1,10000.00,10000.00,10000.00,0,TRANSFERÊNCIA DE TECNOLOGIA VIA SEMENTES DE CULTIVARES MELHORADAS,INOVAÇÕES E SOLUÇÕES TECNOLÓGICAS PARA A AGROPECUÁRIA E A AGROINDÚSTRIA
2025,1230,"SECRETARIA DE ESTADO DE AGRICULTURA, PECUÁRIA E ABASTECIMENTO - SEAPA",3,0,3051,EMPRESA DE PESQUISA AGROPECUÁRIA DE MINAS GERAIS - EPAMIG,3,3,90,14,60,1,10235,20,571,16,4,21,4021,1,10000.00,10000.00,10000.00,0,TRANSFERÊNCIA DE TECNOLOGIA VIA MUDAS QUALIFICADAS,INOVAÇÕES E SOLUÇÕES TECNOLÓGICAS PARA A AGROPECUÁRIA E A AGROINDÚSTRIA
2025,1230,"SECRETARIA DE ESTADO DE AGRICULTURA, PECUÁRIA E ABASTECIMENTO - SEAPA",3,0,3051,EMPRESA DE PESQUISA AGROPECUÁRIA DE MINAS GERAIS - EPAMIG,3,3,90,30,60,1,10235,20,571,16,4,21,4021,1,278000.00,278000.00,278000.00,0,TRANSFERÊNCIA DE TECNOLOGIA VIA MUDAS QUALIFICADAS,INOVAÇÕES E SOLUÇÕES TECNOLÓGICAS PARA A AGROPECUÁRIA E A AGROINDÚSTRIA
2025,1230,"SECRETARIA DE ESTADO DE AGRICULTURA, PECUÁRIA E ABASTECIMENTO - SEAPA",3,0,3051,EMPRESA DE PESQUISA AGROPECUÁRIA DE MINAS GERAIS - EPAMIG,3,3,90,33,60,1,10235,20,571,16,4,21,4021,1,5000.00,5000.00,5000.00,0,TRANSFERÊNCIA DE TECNOLOGIA VIA MUDAS QUALIFICADAS,INOVAÇÕES E SOLUÇÕES TECNOLÓGICAS PARA A AGROPECUÁRIA E A AGROINDÚSTRIA
2025,1230,"SECRETARIA DE ESTADO DE AGRICULTURA, PECUÁRIA E ABASTECIMENTO - SEAPA",3,0,3051,EMPRESA DE PESQUISA AGROPECUÁRIA DE MINAS GERAIS - EPAMIG,3,3,90,36,60,1,10235,20,571,16,4,21,4021,1,6000.00,6000.00,6000.00,0,TRANSFERÊNCIA DE TECNOLOGIA VIA MUDAS QUALIFICADAS,INOVAÇÕES E SOLUÇÕES TECNOLÓGICAS PARA A AGROPECUÁRIA E A AGROINDÚSTRIA
2025,1230,"SECRETARIA DE ESTADO DE AGRICULTURA, PECUÁRIA E ABASTECIMENTO - SEAPA",3,0,3051,EMPRESA DE PESQUISA AGROPECUÁRIA DE MINAS GERAIS - EPAMIG,3,3,90,39,60,1,10235,20,571,16,4,21,4021,1,341000.00,341000.00,341000.00,0,TRANSFERÊNCIA DE TECNOLOGIA VIA MUDAS QUALIFICADAS,INOVAÇÕES E SOLUÇÕES TECNOLÓGICAS PARA A AGROPECUÁRIA E A AGROINDÚSTRIA
2025,1230,"SECRETARIA DE ESTADO DE AGRICULTURA, PECUÁRIA E ABASTECIMENTO - SEAPA",3,0,3051,EMPRESA DE PESQUISA AGROPECUÁRIA DE MINAS GERAIS - EPAMIG,3,3,90,40,60,1,10235,20,571,16,4,21,4021,1,10000.00,10000.00,10000.00,0,TRANSFERÊNCIA DE TECNOLOGIA VIA MUDAS QUALIFICADAS,INOVAÇÕES E SOLUÇÕES TECNOLÓGICAS PARA A AGROPECUÁRIA E A AGROINDÚSTRIA
2025,1230,"SECRETARIA DE ESTADO DE AGRICULTURA, PECUÁRIA E ABASTECIMENTO - SEAPA",3,0,3051,EMPRESA DE PESQUISA AGROPECUÁRIA DE MINAS GERAIS - EPAMIG,3,3,90,14,60,1,10236,20,571,16,4,22,4022,1,30000.00,30000.00,30000.00,0,TRANSFERÊNCIA DE TECNOLOGIA VIA MATRIZES E REPRODUTORES,INOVAÇÕES E SOLUÇÕES TECNOLÓGICAS PARA A AGROPECUÁRIA E A AGROINDÚSTRIA
2025,1230,"SECRETARIA DE ESTADO DE AGRICULTURA, PECUÁRIA E ABASTECIMENTO - SEAPA",3,0,3051,EMPRESA DE PESQUISA AGROPECUÁRIA DE MINAS GERAIS - EPAMIG,3,3,90,30,60,1,10236,20,571,16,4,22,4022,1,840000.00,840000.00,840000.00,0,TRANSFERÊNCIA DE TECNOLOGIA VIA MATRIZES E REPRODUTORES,INOVAÇÕES E SOLUÇÕES TECNOLÓGICAS PARA A AGROPECUÁRIA E A AGROINDÚSTRIA
2025,1230,"SECRETARIA DE ESTADO DE AGRICULTURA, PECUÁRIA E ABASTECIMENTO - SEAPA",3,0,3051,EMPRESA DE PESQUISA AGROPECUÁRIA DE MINAS GERAIS - EPAMIG,3,3,90,33,60,1,10236,20,571,16,4,22,4022,1,10000.00,10000.00,10000.00,0,TRANSFERÊNCIA DE TECNOLOGIA VIA MATRIZES E REPRODUTORES,INOVAÇÕES E SOLUÇÕES TECNOLÓGICAS PARA A AGROPECUÁRIA E A AGROINDÚSTRIA
2025,1230,"SECRETARIA DE ESTADO DE AGRICULTURA, PECUÁRIA E ABASTECIMENTO - SEAPA",3,0,3051,EMPRESA DE PESQUISA AGROPECUÁRIA DE MINAS GERAIS - EPAMIG,3,3,90,36,60,1,10236,20,571,16,4,22,4022,1,20000.00,20000.00,20000.00,0,TRANSFERÊNCIA DE TECNOLOGIA VIA MATRIZES E REPRODUTORES,INOVAÇÕES E SOLUÇÕES TECNOLÓGICAS PARA A AGROPECUÁRIA E A AGROINDÚSTRIA
2025,1230,"SECRETARIA DE ESTADO DE AGRICULTURA, PECUÁRIA E ABASTECIMENTO - SEAPA",3,0,3051,EMPRESA DE PESQUISA AGROPECUÁRIA DE MINAS GERAIS - EPAMIG,3,3,90,39,60,1,10236,20,571,16,4,22,4022,1,200000.00,200000.00,200000.00,0,TRANSFERÊNCIA DE TECNOLOGIA VIA MATRIZES E REPRODUTORES,INOVAÇÕES E SOLUÇÕES TECNOLÓGICAS PARA A AGROPECUÁRIA E A AGROINDÚSTRIA
2025,1230,"SECRETARIA DE ESTADO DE AGRICULTURA, PECUÁRIA E ABASTECIMENTO - SEAPA",3,0,3051,EMPRESA DE PESQUISA AGROPECUÁRIA DE MINAS GERAIS - EPAMIG,3,3,90,14,60,1,10237,20,573,16,4,23,4023,1,5000.00,5000.00,5000.00,0,INFORMAÇÃO CIENTÍFICA E TECNOLÓGICA VIA PUBLICAÇÕES,INOVAÇÕES E SOLUÇÕES TECNOLÓGICAS PARA A AGROPECUÁRIA E A AGROINDÚSTRIA
2025,1230,"SECRETARIA DE ESTADO DE AGRICULTURA, PECUÁRIA E ABASTECIMENTO - SEAPA",3,0,3051,EMPRESA DE PESQUISA AGROPECUÁRIA DE MINAS GERAIS - EPAMIG,3,3,90,30,60,1,10237,20,573,16,4,23,4023,1,150000.00,150000.00,150000.00,0,INFORMAÇÃO CIENTÍFICA E TECNOLÓGICA VIA PUBLICAÇÕES,INOVAÇÕES E SOLUÇÕES TECNOLÓGICAS PARA A AGROPECUÁRIA E A AGROINDÚSTRIA
2025,1230,"SECRETARIA DE ESTADO DE AGRICULTURA, PECUÁRIA E ABASTECIMENTO - SEAPA",3,0,3051,EMPRESA DE PESQUISA AGROPECUÁRIA DE MINAS GERAIS - EPAMIG,3,3,90,33,60,1,10237,20,573,16,4,23,4023,1,2000.00,2000.00,2000.00,0,INFORMAÇÃO CIENTÍFICA E TECNOLÓGICA VIA PUBLICAÇÕES,INOVAÇÕES E SOLUÇÕES TECNOLÓGICAS PARA A AGROPECUÁRIA E A AGROINDÚSTRIA
2025,1230,"SECRETARIA DE ESTADO DE AGRICULTURA, PECUÁRIA E ABASTECIMENTO - SEAPA",3,0,3051,EMPRESA DE PESQUISA AGROPECUÁRIA DE MINAS GERAIS - EPAMIG,3,3,90,36,60,1,10237,20,573,16,4,23,4023,1,3000.00,3000.00,3000.00,0,INFORMAÇÃO CIENTÍFICA E TECNOLÓGICA VIA PUBLICAÇÕES,INOVAÇÕES E SOLUÇÕES TECNOLÓGICAS PARA A AGROPECUÁRIA E A AGROINDÚSTRIA
2025,1230,"SECRETARIA DE ESTADO DE AGRICULTURA, PECUÁRIA E ABASTECIMENTO - SEAPA",3,0,3051,EMPRESA DE PESQUISA AGROPECUÁRIA DE MINAS GERAIS - EPAMIG,3,3,90,39,60,1,10237,20,573,16,4,23,4023,1,20000.00,20000.00,20000.00,0,INFORMAÇÃO CIENTÍFICA E TECNOLÓGICA VIA PUBLICAÇÕES,INOVAÇÕES E SOLUÇÕES TECNOLÓGICAS PARA A AGROPECUÁRIA E A AGROINDÚSTRIA
2025,1230,"SECRETARIA DE ESTADO DE AGRICULTURA, PECUÁRIA E ABASTECIMENTO - SEAPA",3,0,3051,EMPRESA DE PESQUISA AGROPECUÁRIA DE MINAS GERAIS - EPAMIG,3,3,90,40,60,1,10237,20,573,16,4,23,4023,1,20000.00,20000.00,20000.00,0,INFORMAÇÃO CIENTÍFICA E TECNOLÓGICA VIA PUBLICAÇÕES,INOVAÇÕES E SOLUÇÕES TECNOLÓGICAS PARA A AGROPECUÁRIA E A AGROINDÚSTRIA
2025,1230,"SECRETARIA DE ESTADO DE AGRICULTURA, PECUÁRIA E ABASTECIMENTO - SEAPA",3,0,3051,EMPRESA DE PESQUISA AGROPECUÁRIA DE MINAS GERAIS - EPAMIG,3,1,90,91,10,9,1962,28,846,705,7,4,7004,1,1000.00,1000.00,1000.00,0,PRECATÓRIOS E SENTENÇAS JUDICIÁRIAS,APOIO ÀS POLÍTICAS PÚBLICAS
2025,1250,POLÍCIA MILITAR DO ESTADO DE MINAS GERAIS - PMMG,3,0,1251,POLÍCIA MILITAR DO ESTADO DE MINAS GERAIS - PMMG,3,1,90,11,10,1,9151,6,122,705,2,500,2500,1,8184407.00,8184407.00,8184407.00,0,ASSESSORAMENTO E GERENCIAMENTO DE POLÍTICAS PÚBLICAS,APOIO ÀS POLÍTICAS PÚBLICAS
2025,1250,POLÍCIA MILITAR DO ESTADO DE MINAS GERAIS - PMMG,3,0,1251,POLÍCIA MILITAR DO ESTADO DE MINAS GERAIS - PMMG,3,1,90,12,10,1,9151,6,122,705,2,500,2500,1,238749398.00,238749398.00,238749398.00,0,ASSESSORAMENTO E GERENCIAMENTO DE POLÍTICAS PÚBLICAS,APOIO ÀS POLÍTICAS PÚBLICAS
2025,1250,POLÍCIA MILITAR DO ESTADO DE MINAS GERAIS - PMMG,3,0,1251,POLÍCIA MILITAR DO ESTADO DE MINAS GERAIS - PMMG,3,1,90,13,10,1,9151,6,122,705,2,500,2500,1,1322269.00,1322269.00,1322269.00,0,ASSESSORAMENTO E GERENCIAMENTO DE POLÍTICAS PÚBLICAS,APOIO ÀS POLÍTICAS PÚBLICAS
2025,1250,POLÍCIA MILITAR DO ESTADO DE MINAS GERAIS - PMMG,3,0,1251,POLÍCIA MILITAR DO ESTADO DE MINAS GERAIS - PMMG,3,1,90,17,10,1,9151,6,122,705,2,500,2500,1,853991.00,853991.00,853991.00,0,ASSESSORAMENTO E GERENCIAMENTO DE POLÍTICAS PÚBLICAS,APOIO ÀS POLÍTICAS PÚBLICAS
2025,1250,POLÍCIA MILITAR DO ESTADO DE MINAS GERAIS - PMMG,3,0,1251,POLÍCIA MILITAR DO ESTADO DE MINAS GERAIS - PMMG,3,1,91,13,10,1,9151,6,122,705,2,500,2500,1,16939351.00,44704240.00,44704240.00,0,ASSESSORAMENTO E GERENCIAMENTO DE POLÍTICAS PÚBLICAS,APOIO ÀS POLÍTICAS PÚBLICAS
2025,1250,POLÍCIA MILITAR DO ESTADO DE MINAS GERAIS - PMMG,3,0,1251,POLÍCIA MILITAR DO ESTADO DE MINAS GERAIS - PMMG,3,3,90,15,10,1,9151,6,122,705,2,500,2500,1,1499000.00,1499000.00,1499000.00,0,ASSESSORAMENTO E GERENCIAMENTO DE POLÍTICAS PÚBLICAS,APOIO ÀS POLÍTICAS PÚBLICAS
2025,1250,POLÍCIA MILITAR DO ESTADO DE MINAS GERAIS - PMMG,3,0,1251,POLÍCIA MILITAR DO ESTADO DE MINAS GERAIS - PMMG,3,3,90,19,10,7,9151,6,122,705,2,500,2500,1,12257627.00,12257627.00,12257627.00,0,ASSESSORAMENTO E GERENCIAMENTO DE POLÍTICAS PÚBLICAS,APOIO ÀS POLÍTICAS PÚBLICAS
2025,1250,POLÍCIA MILITAR DO ESTADO DE MINAS GERAIS - PMMG,3,0,1251,POLÍCIA MILITAR DO ESTADO DE MINAS GERAIS - PMMG,3,3,90,30,60,1,9151,6,122,705,2,500,2500,1,1305083.00,1305083.00,1305083.00,0,ASSESSORAMENTO E GERENCIAMENTO DE POLÍTICAS PÚBLICAS,APOIO ÀS POLÍTICAS PÚBLICAS
2025,1250,POLÍCIA MILITAR DO ESTADO DE MINAS GERAIS - PMMG,3,0,1251,POLÍCIA MILITAR DO ESTADO DE MINAS GERAIS - PMMG,3,3,90,32,60,1,9151,6,122,705,2,500,2500,1,7446.00,7446.00,7446.00,0,ASSESSORAMENTO E GERENCIAMENTO DE POLÍTICAS PÚBLICAS,APOIO ÀS POLÍTICAS PÚBLICAS
2025,1250,POLÍCIA MILITAR DO ESTADO DE MINAS GERAIS - PMMG,3,0,1251,POLÍCIA MILITAR DO ESTADO DE MINAS GERAIS - PMMG,3,3,90,33,60,1,9151,6,122,705,2,500,2500,1,600000.00,600000.00,600000.00,0,ASSESSORAMENTO E GERENCIAMENTO DE POLÍTICAS PÚBLICAS,APOIO ÀS POLÍTICAS PÚBLICAS
2025,1250,POLÍCIA MILITAR DO ESTADO DE MINAS GERAIS - PMMG,3,0,1251,POLÍCIA MILITAR DO ESTADO DE MINAS GERAIS - PMMG,3,3,90,36,10,1,9151,6,122,705,2,500,2500,1,21000.00,21000.00,21000.00,0,ASSESSORAMENTO E GERENCIAMENTO DE POLÍTICAS PÚBLICAS,APOIO ÀS POLÍTICAS PÚBLICAS
2025,1250,POLÍCIA MILITAR DO ESTADO DE MINAS GERAIS - PMMG,3,0,1251,POLÍCIA MILITAR DO ESTADO DE MINAS GERAIS - PMMG,3,3,90,37,10,1,9151,6,122,705,2,500,2500,1,5424905.00,5424905.00,5424905.00,0,ASSESSORAMENTO E GERENCIAMENTO DE POLÍTICAS PÚBLICAS,APOIO ÀS POLÍTICAS PÚBLICAS
2025,1250,POLÍCIA MILITAR DO ESTADO DE MINAS GERAIS - PMMG,3,0,1251,POLÍCIA MILITAR DO ESTADO DE MINAS GERAIS - PMMG,3,3,90,39,10,1,9151,6,122,705,2,500,2500,1,1228940.00,1228940.00,1228940.00,0,ASSESSORAMENTO E GERENCIAMENTO DE POLÍTICAS PÚBLICAS,APOIO ÀS POLÍTICAS PÚBLICAS
2025,1250,POLÍCIA MILITAR DO ESTADO DE MINAS GERAIS - PMMG,3,0,1251,POLÍCIA MILITAR DO ESTADO DE MINAS GERAIS - PMMG,3,3,90,39,60,1,9151,6,122,705,2,500,2500,1,3253793.00,3253793.00,3253793.00,0,ASSESSORAMENTO E GERENCIAMENTO DE POLÍTICAS PÚBLICAS,APOIO ÀS POLÍTICAS PÚBLICAS
2025,1250,POLÍCIA MILITAR DO ESTADO DE MINAS GERAIS - PMMG,3,0,1251,POLÍCIA MILITAR DO ESTADO DE MINAS GERAIS - PMMG,3,3,90,40,60,1,9151,6,122,705,2,500,2500,1,919010.00,919010.00,919010.00,0,ASSESSORAMENTO E GERENCIAMENTO DE POLÍTICAS PÚBLICAS,APOIO ÀS POLÍTICAS PÚBLICAS
2025,1250,POLÍCIA MILITAR DO ESTADO DE MINAS GERAIS - PMMG,3,0,1251,POLÍCIA MILITAR DO ESTADO DE MINAS GERAIS - PMMG,3,3,90,46,10,7,9151,6,122,705,2,500,2500,1,1248353.00,1248353.00,1248353.00,0,ASSESSORAMENTO E GERENCIAMENTO DE POLÍTICAS PÚBLICAS,APOIO ÀS POLÍTICAS PÚBLICAS
2025,1250,POLÍCIA MILITAR DO ESTADO DE MINAS GERAIS - PMMG,3,0,1251,POLÍCIA MILITAR DO ESTADO DE MINAS GERAIS - PMMG,3,3,90,47,10,1,9151,6,122,705,2,500,2500,1,10195.00,10195.00,10195.00,0,ASSESSORAMENTO E GERENCIAMENTO DE POLÍTICAS PÚBLICAS,APOIO ÀS POLÍTICAS PÚBLICAS
2025,1250,POLÍCIA MILITAR DO ESTADO DE MINAS GERAIS - PMMG,3,0,1251,POLÍCIA MILITAR DO ESTADO DE MINAS GERAIS - PMMG,3,3,90,49,10,7,9151,6,122,705,2,500,2500,1,142330.00,142330.00,142330.00,0,ASSESSORAMENTO E GERENCIAMENTO DE POLÍTICAS PÚBLICAS,APOIO ÀS POLÍTICAS PÚBLICAS
2025,1250,POLÍCIA MILITAR DO ESTADO DE MINAS GERAIS - PMMG,3,0,1251,POLÍCIA MILITAR DO ESTADO DE MINAS GERAIS - PMMG,3,3,90,8,10,7,10209,6,122,705,7,10,7010,1,33550964.00,33550964.00,33550964.00,0,BENEFÍCIOS ASSISTENCIAIS,APOIO ÀS POLÍTICAS PÚBLICAS
2025,1250,POLÍCIA MILITAR DO ESTADO DE MINAS GERAIS - PMMG,3,0,1251,POLÍCIA MILITAR DO ESTADO DE MINAS GERAIS - PMMG,3,1,90,11,10,1,10706,6,181,46,4,372,4372,1,870757.00,870757.00,870757.00,0,SUPORTE AÉREO AOS SERVIÇOS DE SEGURANÇA PÚBLICA,SUPORTE AÉREO AOS SERVIÇOS PÚBLICOS ESTADUAIS
2025,1250,POLÍCIA MILITAR DO ESTADO DE MINAS GERAIS - PMMG,3,0,1251,POLÍCIA MILITAR DO ESTADO DE MINAS GERAIS - PMMG,3,1,90,12,10,1,10706,6,181,46,4,372,4372,1,35767922.00,35767922.00,35767922.00,0,SUPORTE AÉREO AOS SERVIÇOS DE SEGURANÇA PÚBLICA,SUPORTE AÉREO AOS SERVIÇOS PÚBLICOS ESTADUAIS
2025,1250,POLÍCIA MILITAR DO ESTADO DE MINAS GERAIS - PMMG,3,0,1251,POLÍCIA MILITAR DO ESTADO DE MINAS GERAIS - PMMG,3,1,90,13,10,1,10706,6,181,46,4,372,4372,1,115262.00,115262.00,115262.00,0,SUPORTE AÉREO AOS SERVIÇOS DE SEGURANÇA PÚBLICA,SUPORTE AÉREO AOS SERVIÇOS PÚBLICOS ESTADUAIS
2025,1250,POLÍCIA MILITAR DO ESTADO DE MINAS GERAIS - PMMG,3,0,1251,POLÍCIA MILITAR DO ESTADO DE MINAS GERAIS - PMMG,3,1,91,13,10,1,10706,6,181,46,4,372,4372,1,2443077.00,6539536.00,6539536.00,0,SUPORTE AÉREO AOS SERVIÇOS DE SEGURANÇA PÚBLICA,SUPORTE AÉREO AOS SERVIÇOS PÚBLICOS ESTADUAIS
2025,1250,POLÍCIA MILITAR DO ESTADO DE MINAS GERAIS - PMMG,3,0,1251,POLÍCIA MILITAR DO ESTADO DE MINAS GERAIS - PMMG,3,3,90,19,10,7,10706,6,181,46,4,372,4372,1,2069610.00,2069610.00,2069610.00,0,SUPORTE AÉREO AOS SERVIÇOS DE SEGURANÇA PÚBLICA,SUPORTE AÉREO AOS SERVIÇOS PÚBLICOS ESTADUAIS
2025,1250,POLÍCIA MILITAR DO ESTADO DE MINAS GERAIS - PMMG,3,0,1251,POLÍCIA MILITAR DO ESTADO DE MINAS GERAIS - PMMG,3,3,90,30,10,1,10706,6,181,46,4,372,4372,1,2954205.00,2954205.00,2954205.00,0,SUPORTE AÉREO AOS SERVIÇOS DE SEGURANÇA PÚBLICA,SUPORTE AÉREO AOS SERVIÇOS PÚBLICOS ESTADUAIS
2025,1250,POLÍCIA MILITAR DO ESTADO DE MINAS GERAIS - PMMG,3,0,1251,POLÍCIA MILITAR DO ESTADO DE MINAS GERAIS - PMMG,3,3,90,30,60,1,10706,6,181,46,4,372,4372,1,1936.00,1936.00,1936.00,0,SUPORTE AÉREO AOS SERVIÇOS DE SEGURANÇA PÚBLICA,SUPORTE AÉREO AOS SERVIÇOS PÚBLICOS ESTADUAIS
2025,1250,POLÍCIA MILITAR DO ESTADO DE MINAS GERAIS - PMMG,3,0,1251,POLÍCIA MILITAR DO ESTADO DE MINAS GERAIS - PMMG,3,3,90,30,69,1,10706,6,181,46,4,372,4372,1,550000.00,550000.00,550000.00,0,SUPORTE AÉREO AOS SERVIÇOS DE SEGURANÇA PÚBLICA,SUPORTE AÉREO AOS SERVIÇOS PÚBLICOS ESTADUAIS
2025,1250,POLÍCIA MILITAR DO ESTADO DE MINAS GERAIS - PMMG,3,0,1251,POLÍCIA MILITAR DO ESTADO DE MINAS GERAIS - PMMG,3,3,90,30,70,1,10706,6,181,46,4,372,4372,1,100000.00,100000.00,100000.00,0,SUPORTE AÉREO AOS SERVIÇOS DE SEGURANÇA PÚBLICA,SUPORTE AÉREO AOS SERVIÇOS PÚBLICOS ESTADUAIS
2025,1250,POLÍCIA MILITAR DO ESTADO DE MINAS GERAIS - PMMG,3,0,1251,POLÍCIA MILITAR DO ESTADO DE MINAS GERAIS - PMMG,3,3,90,36,10,1,10706,6,181,46,4,372,4372,1,2500.00,2500.00,2500.00,0,SUPORTE AÉREO AOS SERVIÇOS DE SEGURANÇA PÚBLICA,SUPORTE AÉREO AOS SERVIÇOS PÚBLICOS ESTADUAIS
2025,1250,POLÍCIA MILITAR DO ESTADO DE MINAS GERAIS - PMMG,3,0,1251,POLÍCIA MILITAR DO ESTADO DE MINAS GERAIS - PMMG,3,3,90,37,10,1,10706,6,181,46,4,372,4372,1,249675.00,249675.00,249675.00,0,SUPORTE AÉREO AOS SERVIÇOS DE SEGURANÇA PÚBLICA,SUPORTE AÉREO AOS SERVIÇOS PÚBLICOS ESTADUAIS
2025,1250,POLÍCIA MILITAR DO ESTADO DE MINAS GERAIS - PMMG,3,0,1251,POLÍCIA MILITAR DO ESTADO DE MINAS GERAIS - PMMG,3,3,90,39,10,1,10706,6,181,46,4,372,4372,1,12316177.00,12316177.00,12316177.00,0,SUPORTE AÉREO AOS SERVIÇOS DE SEGURANÇA PÚBLICA,SUPORTE AÉREO AOS SERVIÇOS PÚBLICOS ESTADUAIS
2025,1250,POLÍCIA MILITAR DO ESTADO DE MINAS GERAIS - PMMG,3,0,1251,POLÍCIA MILITAR DO ESTADO DE MINAS GERAIS - PMMG,3,3,90,40,10,1,10706,6,181,46,4,372,4372,1,217220.00,217220.00,217220.00,0,SUPORTE AÉREO AOS SERVIÇOS DE SEGURANÇA PÚBLICA,SUPORTE AÉREO AOS SERVIÇOS PÚBLICOS ESTADUAIS
2025,1250,POLÍCIA MILITAR DO ESTADO DE MINAS GERAIS - PMMG,3,0,1251,POLÍCIA MILITAR DO ESTADO DE MINAS GERAIS - PMMG,3,3,90,46,10,7,10706,6,181,46,4,372,4372,1,21914.00,21914.00,21914.00,0,SUPORTE AÉREO AOS SERVIÇOS DE SEGURANÇA PÚBLICA,SUPORTE AÉREO AOS SERVIÇOS PÚBLICOS ESTADUAIS
2025,1250,POLÍCIA MILITAR DO ESTADO DE MINAS GERAIS - PMMG,3,0,1251,POLÍCIA MILITAR DO ESTADO DE MINAS GERAIS - PMMG,3,3,90,49,10,7,10706,6,181,46,4,372,4372,1,1559.00,1559.00,1559.00,0,SUPORTE AÉREO AOS SERVIÇOS DE SEGURANÇA PÚBLICA,SUPORTE AÉREO AOS SERVIÇOS PÚBLICOS ESTADUAIS
2025,1250,POLÍCIA MILITAR DO ESTADO DE MINAS GERAIS - PMMG,3,0,1251,POLÍCIA MILITAR DO ESTADO DE MINAS GERAIS - PMMG,3,3,90,93,10,1,10706,6,181,46,4,372,4372,1,40742.00,40742.00,40742.00,0,SUPORTE AÉREO AOS SERVIÇOS DE SEGURANÇA PÚBLICA,SUPORTE AÉREO AOS SERVIÇOS PÚBLICOS ESTADUAIS
2025,1250,POLÍCIA MILITAR DO ESTADO DE MINAS GERAIS - PMMG,3,0,1251,POLÍCIA MILITAR DO ESTADO DE MINAS GERAIS - PMMG,4,4,90,52,69,1,10706,6,181,46,4,372,4372,1,150000.00,150000.00,150000.00,0,SUPORTE AÉREO AOS SERVIÇOS DE SEGURANÇA PÚBLICA,SUPORTE AÉREO AOS SERVIÇOS PÚBLICOS ESTADUAIS
2025,1250,POLÍCIA MILITAR DO ESTADO DE MINAS GERAIS - PMMG,3,0,1251,POLÍCIA MILITAR DO ESTADO DE MINAS GERAIS - PMMG,4,4,90,52,70,1,10706,6,181,46,4,372,4372,1,300000.00,300000.00,300000.00,0,SUPORTE AÉREO AOS SERVIÇOS DE SEGURANÇA PÚBLICA,SUPORTE AÉREO AOS SERVIÇOS PÚBLICOS ESTADUAIS
2025,1250,POLÍCIA MILITAR DO ESTADO DE MINAS GERAIS - PMMG,3,0,1251,POLÍCIA MILITAR DO ESTADO DE MINAS GERAIS - PMMG,3,3,90,37,10,1,10685,6,181,135,2,57,2057,1,58337.00,58337.00,58337.00,0,DEMAIS ASSISTÊNCIAS,PROTEÇÃO SOCIAL DOS MILITARES
2025,1250,POLÍCIA MILITAR DO ESTADO DE MINAS GERAIS - PMMG,3,0,1251,POLÍCIA MILITAR DO ESTADO DE MINAS GERAIS - PMMG,3,3,90,39,10,1,10685,6,181,135,2,57,2057,1,8786.00,8786.00,8786.00,0,DEMAIS ASSISTÊNCIAS,PROTEÇÃO SOCIAL DOS MILITARES
2025,1250,POLÍCIA MILITAR DO ESTADO DE MINAS GERAIS - PMMG,3,0,1251,POLÍCIA MILITAR DO ESTADO DE MINAS GERAIS - PMMG,3,3,90,47,10,1,10685,6,181,135,2,57,2057,1,915.00,915.00,915.00,0,DEMAIS ASSISTÊNCIAS,PROTEÇÃO SOCIAL DOS MILITARES
2025,1250,POLÍCIA MILITAR DO ESTADO DE MINAS GERAIS - PMMG,3,0,1251,POLÍCIA MILITAR DO ESTADO DE MINAS GERAIS - PMMG,3,1,90,11,10,1,10689,6,181,137,2,61,2061,1,4207833.00,4207833.00,4207833.00,0,EDUCAÇÃO PROFISSIONAL DE SEGURANÇA PÚBLICA,POLÍCIA OSTENSIVA
2025,1250,POLÍCIA MILITAR DO ESTADO DE MINAS GERAIS - PMMG,3,0,1251,POLÍCIA MILITAR DO ESTADO DE MINAS GERAIS - PMMG,3,1,90,12,10,1,10689,6,181,137,2,61,2061,1,182431411.00,182431411.00,182431411.00,0,EDUCAÇÃO PROFISSIONAL DE SEGURANÇA PÚBLICA,POLÍCIA OSTENSIVA
2025,1250,POLÍCIA MILITAR DO ESTADO DE MINAS GERAIS - PMMG,3,0,1251,POLÍCIA MILITAR DO ESTADO DE MINAS GERAIS - PMMG,3,1,90,13,10,1,10689,6,181,137,2,61,2061,1,331644.00,331644.00,331644.00,0,EDUCAÇÃO PROFISSIONAL DE SEGURANÇA PÚBLICA,POLÍCIA OSTENSIVA
2025,1250,POLÍCIA MILITAR DO ESTADO DE MINAS GERAIS - PMMG,3,0,1251,POLÍCIA MILITAR DO ESTADO DE MINAS GERAIS - PMMG,3,1,90,17,10,1,10689,6,181,137,2,61,2061,1,3605117.00,3605117.00,3605117.00,0,EDUCAÇÃO PROFISSIONAL DE SEGURANÇA PÚBLICA,POLÍCIA OSTENSIVA
2025,1250,POLÍCIA MILITAR DO ESTADO DE MINAS GERAIS - PMMG,3,0,1251,POLÍCIA MILITAR DO ESTADO DE MINAS GERAIS - PMMG,3,1,91,13,10,1,10689,6,181,137,2,61,2061,1,12636669.00,33877568.00,33877568.00,0,EDUCAÇÃO PROFISSIONAL DE SEGURANÇA PÚBLICA,POLÍCIA OSTENSIVA
2025,1250,POLÍCIA MILITAR DO ESTADO DE MINAS GERAIS - PMMG,3,0,1251,POLÍCIA MILITAR DO ESTADO DE MINAS GERAIS - PMMG,3,3,90,15,10,1,10689,6,181,137,2,61,2061,1,6490415.00,6490415.00,6490415.00,0,EDUCAÇÃO PROFISSIONAL DE SEGURANÇA PÚBLICA,POLÍCIA OSTENSIVA
2025,1250,POLÍCIA MILITAR DO ESTADO DE MINAS GERAIS - PMMG,3,0,1251,POLÍCIA MILITAR DO ESTADO DE MINAS GERAIS - PMMG,3,3,90,19,10,7,10689,6,181,137,2,61,2061,1,20671853.00,20671853.00,20671853.00,0,EDUCAÇÃO PROFISSIONAL DE SEGURANÇA PÚBLICA,POLÍCIA OSTENSIVA
2025,1250,POLÍCIA MILITAR DO ESTADO DE MINAS GERAIS - PMMG,3,0,1251,POLÍCIA MILITAR DO ESTADO DE MINAS GERAIS - PMMG,3,3,90,30,10,1,10689,6,181,137,2,61,2061,1,9515089.00,9515089.00,9515089.00,0,EDUCAÇÃO PROFISSIONAL DE SEGURANÇA PÚBLICA,POLÍCIA OSTENSIVA
2025,1250,POLÍCIA MILITAR DO ESTADO DE MINAS GERAIS - PMMG,3,0,1251,POLÍCIA MILITAR DO ESTADO DE MINAS GERAIS - PMMG,3,3,90,30,24,1,10689,6,181,137,2,61,2061,1,50000.00,50000.00,50000.00,0,EDUCAÇÃO PROFISSIONAL DE SEGURANÇA PÚBLICA,POLÍCIA OSTENSIVA
2025,1250,POLÍCIA MILITAR DO ESTADO DE MINAS GERAIS - PMMG,3,0,1251,POLÍCIA MILITAR DO ESTADO DE MINAS GERAIS - PMMG,3,3,90,30,60,1,10689,6,181,137,2,61,2061,1,40714.00,40714.00,40714.00,0,EDUCAÇÃO PROFISSIONAL DE SEGURANÇA PÚBLICA,POLÍCIA OSTENSIVA
2025,1250,POLÍCIA MILITAR DO ESTADO DE MINAS GERAIS - PMMG,3,0,1251,POLÍCIA MILITAR DO ESTADO DE MINAS GERAIS - PMMG,3,3,90,30,69,1,10689,6,181,137,2,61,2061,1,50000.00,50000.00,50000.00,0,EDUCAÇÃO PROFISSIONAL DE SEGURANÇA PÚBLICA,POLÍCIA OSTENSIVA
2025,1250,POLÍCIA MILITAR DO ESTADO DE MINAS GERAIS - PMMG,3,0,1251,POLÍCIA MILITAR DO ESTADO DE MINAS GERAIS - PMMG,3,3,90,31,60,1,10689,6,181,137,2,61,2061,1,18778.00,18778.00,18778.00,0,EDUCAÇÃO PROFISSIONAL DE SEGURANÇA PÚBLICA,POLÍCIA OSTENSIVA
2025,1250,POLÍCIA MILITAR DO ESTADO DE MINAS GERAIS - PMMG,3,0,1251,POLÍCIA MILITAR DO ESTADO DE MINAS GERAIS - PMMG,3,3,90,33,10,1,10689,6,181,137,2,61,2061,1,245195.00,245195.00,245195.00,0,EDUCAÇÃO PROFISSIONAL DE SEGURANÇA PÚBLICA,POLÍCIA OSTENSIVA
2025,1250,POLÍCIA MILITAR DO ESTADO DE MINAS GERAIS - PMMG,3,0,1251,POLÍCIA MILITAR DO ESTADO DE MINAS GERAIS - PMMG,3,3,90,36,10,1,10689,6,181,137,2,61,2061,1,332908.00,332908.00,332908.00,0,EDUCAÇÃO PROFISSIONAL DE SEGURANÇA PÚBLICA,POLÍCIA OSTENSIVA
2025,1250,POLÍCIA MILITAR DO ESTADO DE MINAS GERAIS - PMMG,3,0,1251,POLÍCIA MILITAR DO ESTADO DE MINAS GERAIS - PMMG,3,3,90,37,10,1,10689,6,181,137,2,61,2061,1,1942782.00,1942782.00,1942782.00,0,EDUCAÇÃO PROFISSIONAL DE SEGURANÇA PÚBLICA,POLÍCIA OSTENSIVA
2025,1250,POLÍCIA MILITAR DO ESTADO DE MINAS GERAIS - PMMG,3,0,1251,POLÍCIA MILITAR DO ESTADO DE MINAS GERAIS - PMMG,3,3,90,39,10,1,10689,6,181,137,2,61,2061,1,2198707.00,2198707.00,2198707.00,0,EDUCAÇÃO PROFISSIONAL DE SEGURANÇA PÚBLICA,POLÍCIA OSTENSIVA
2025,1250,POLÍCIA MILITAR DO ESTADO DE MINAS GERAIS - PMMG,3,0,1251,POLÍCIA MILITAR DO ESTADO DE MINAS GERAIS - PMMG,3,3,90,39,60,1,10689,6,181,137,2,61,2061,1,126389.00,126389.00,126389.00,0,EDUCAÇÃO PROFISSIONAL DE SEGURANÇA PÚBLICA,POLÍCIA OSTENSIVA
2025,1250,POLÍCIA MILITAR DO ESTADO DE MINAS GERAIS - PMMG,3,0,1251,POLÍCIA MILITAR DO ESTADO DE MINAS GERAIS - PMMG,3,3,90,40,10,1,10689,6,181,137,2,61,2061,1,45874.00,45874.00,45874.00,0,EDUCAÇÃO PROFISSIONAL DE SEGURANÇA PÚBLICA,POLÍCIA OSTENSIVA
2025,1250,POLÍCIA MILITAR DO ESTADO DE MINAS GERAIS - PMMG,3,0,1251,POLÍCIA MILITAR DO ESTADO DE MINAS GERAIS - PMMG,3,3,90,46,10,7,10689,6,181,137,2,61,2061,1,124296.00,124296.00,124296.00,0,EDUCAÇÃO PROFISSIONAL DE SEGURANÇA PÚBLICA,POLÍCIA OSTENSIVA
2025,1250,POLÍCIA MILITAR DO ESTADO DE MINAS GERAIS - PMMG,3,0,1251,POLÍCIA MILITAR DO ESTADO DE MINAS GERAIS - PMMG,3,3,90,47,10,1,10689,6,181,137,2,61,2061,1,416.00,416.00,416.00,0,EDUCAÇÃO PROFISSIONAL DE SEGURANÇA PÚBLICA,POLÍCIA OSTENSIVA
2025,1250,POLÍCIA MILITAR DO ESTADO DE MINAS GERAIS - PMMG,3,0,1251,POLÍCIA MILITAR DO ESTADO DE MINAS GERAIS - PMMG,3,3,90,49,10,7,10689,6,181,137,2,61,2061,1,16446.00,16446.00,16446.00,0,EDUCAÇÃO PROFISSIONAL DE SEGURANÇA PÚBLICA,POLÍCIA OSTENSIVA
2025,1250,POLÍCIA MILITAR DO ESTADO DE MINAS GERAIS - PMMG,3,0,1251,POLÍCIA MILITAR DO ESTADO DE MINAS GERAIS - PMMG,4,4,90,52,24,1,10689,6,181,137,2,61,2061,1,50000.00,50000.00,50000.00,0,EDUCAÇÃO PROFISSIONAL DE SEGURANÇA PÚBLICA,POLÍCIA OSTENSIVA
2025,1250,POLÍCIA MILITAR DO ESTADO DE MINAS GERAIS - PMMG,3,0,1251,POLÍCIA MILITAR DO ESTADO DE MINAS GERAIS - PMMG,4,4,90,52,69,1,10689,6,181,137,2,61,2061,1,100000.00,100000.00,100000.00,0,EDUCAÇÃO PROFISSIONAL DE SEGURANÇA PÚBLICA,POLÍCIA OSTENSIVA
2025,1250,POLÍCIA MILITAR DO ESTADO DE MINAS GERAIS - PMMG,3,0,1251,POLÍCIA MILITAR DO ESTADO DE MINAS GERAIS - PMMG,3,3,90,30,68,1,10692,6,181,137,2,63,2063,1,20000.00,20000.00,20000.00,0,COMUNICAÇÕES OPERACIONAIS,POLÍCIA OSTENSIVA
2025,1250,POLÍCIA MILITAR DO ESTADO DE MINAS GERAIS - PMMG,3,0,1251,POLÍCIA MILITAR DO ESTADO DE MINAS GERAIS - PMMG,3,3,90,39,10,1,10692,6,181,137,2,63,2063,1,5000031.00,5000031.00,5000031.00,0,COMUNICAÇÕES OPERACIONAIS,POLÍCIA OSTENSIVA
2025,1250,POLÍCIA MILITAR DO ESTADO DE MINAS GERAIS - PMMG,3,0,1251,POLÍCIA MILITAR DO ESTADO DE MINAS GERAIS - PMMG,4,4,90,52,68,1,10692,6,181,137,2,63,2063,1,550000.00,550000.00,550000.00,0,COMUNICAÇÕES OPERACIONAIS,POLÍCIA OSTENSIVA
2025,1250,POLÍCIA MILITAR DO ESTADO DE MINAS GERAIS - PMMG,3,0,1251,POLÍCIA MILITAR DO ESTADO DE MINAS GERAIS - PMMG,3,1,90,11,10,1,10690,6,181,137,4,365,4365,1,94708721.00,94708721.00,94708721.00,0,POLICIAMENTO OSTENSIVO GERAL,POLÍCIA OSTENSIVA
2025,1250,POLÍCIA MILITAR DO ESTADO DE MINAS GERAIS - PMMG,3,0,1251,POLÍCIA MILITAR DO ESTADO DE MINAS GERAIS - PMMG,3,1,90,12,10,1,10690,6,181,137,4,365,4365,1,3688023043.00,3688023043.00,3688023043.00,0,POLICIAMENTO OSTENSIVO GERAL,POLÍCIA OSTENSIVA
2025,1250,POLÍCIA MILITAR DO ESTADO DE MINAS GERAIS - PMMG,3,0,1251,POLÍCIA MILITAR DO ESTADO DE MINAS GERAIS - PMMG,3,1,90,13,10,1,10690,6,181,137,4,365,4365,1,10738712.00,10738712.00,10738712.00,0,POLICIAMENTO OSTENSIVO GERAL,POLÍCIA OSTENSIVA
2025,1250,POLÍCIA MILITAR DO ESTADO DE MINAS GERAIS - PMMG,3,0,1251,POLÍCIA MILITAR DO ESTADO DE MINAS GERAIS - PMMG,3,1,90,17,10,1,10690,6,181,137,4,365,4365,1,8520810.00,8520810.00,8520810.00,0,POLICIAMENTO OSTENSIVO GERAL,POLÍCIA OSTENSIVA
2025,1250,POLÍCIA MILITAR DO ESTADO DE MINAS GERAIS - PMMG,3,0,1251,POLÍCIA MILITAR DO ESTADO DE MINAS GERAIS - PMMG,3,1,91,13,10,1,10690,6,181,137,4,365,4365,1,270475054.00,694230981.00,694230981.00,0,POLICIAMENTO OSTENSIVO GERAL,POLÍCIA OSTENSIVA
2025,1250,POLÍCIA MILITAR DO ESTADO DE MINAS GERAIS - PMMG,3,0,1251,POLÍCIA MILITAR DO ESTADO DE MINAS GERAIS - PMMG,3,3,90,14,10,1,10690,6,181,137,4,365,4365,1,140722.00,140722.00,140722.00,0,POLICIAMENTO OSTENSIVO GERAL,POLÍCIA OSTENSIVA
2025,1250,POLÍCIA MILITAR DO ESTADO DE MINAS GERAIS - PMMG,3,0,1251,POLÍCIA MILITAR DO ESTADO DE MINAS GERAIS - PMMG,3,3,90,15,10,1,10690,6,181,137,4,365,4365,1,7542620.00,7542620.00,7542620.00,0,POLICIAMENTO OSTENSIVO GERAL,POLÍCIA OSTENSIVA
2025,1250,POLÍCIA MILITAR DO ESTADO DE MINAS GERAIS - PMMG,3,0,1251,POLÍCIA MILITAR DO ESTADO DE MINAS GERAIS - PMMG,3,3,90,15,24,1,10690,6,181,137,4,365,4365,1,82000.00,82000.00,82000.00,0,POLICIAMENTO OSTENSIVO GERAL,POLÍCIA OSTENSIVA
2025,1250,POLÍCIA MILITAR DO ESTADO DE MINAS GERAIS - PMMG,3,0,1251,POLÍCIA MILITAR DO ESTADO DE MINAS GERAIS - PMMG,3,3,90,15,60,1,10690,6,181,137,4,365,4365,1,2460465.00,2460465.00,2460465.00,0,POLICIAMENTO OSTENSIVO GERAL,POLÍCIA OSTENSIVA
2025,1250,POLÍCIA MILITAR DO ESTADO DE MINAS GERAIS - PMMG,3,0,1251,POLÍCIA MILITAR DO ESTADO DE MINAS GERAIS - PMMG,3,3,90,19,10,7,10690,6,181,137,4,365,4365,1,273145022.00,273145022.00,273145022.00,0,POLICIAMENTO OSTENSIVO GERAL,POLÍCIA OSTENSIVA
2025,1250,POLÍCIA MILITAR DO ESTADO DE MINAS GERAIS - PMMG,3,0,1251,POLÍCIA MILITAR DO ESTADO DE MINAS GERAIS - PMMG,3,3,90,30,1,1,10690,6,181,137,4,365,4365,1,1000000.00,1000000.00,1000000.00,0,POLICIAMENTO OSTENSIVO GERAL,POLÍCIA OSTENSIVA
2025,1250,POLÍCIA MILITAR DO ESTADO DE MINAS GERAIS - PMMG,3,0,1251,POLÍCIA MILITAR DO ESTADO DE MINAS GERAIS - PMMG,3,3,90,30,2,1,10690,6,181,137,4,365,4365,1,2000000.00,2000000.00,2000000.00,0,POLICIAMENTO OSTENSIVO GERAL,POLÍCIA OSTENSIVA
2025,1250,POLÍCIA MILITAR DO ESTADO DE MINAS GERAIS - PMMG,3,0,1251,POLÍCIA MILITAR DO ESTADO DE MINAS GERAIS - PMMG,3,3,90,30,9,1,10690,6,181,137,4,365,4365,1,1750000.00,1750000.00,1750000.00,0,POLICIAMENTO OSTENSIVO GERAL,POLÍCIA OSTENSIVA
2025,1250,POLÍCIA MILITAR DO ESTADO DE MINAS GERAIS - PMMG,3,0,1251,POLÍCIA MILITAR DO ESTADO DE MINAS GERAIS - PMMG,3,3,90,30,10,1,10690,6,181,137,4,365,4365,1,62284447.00,62284447.00,62284447.00,0,POLICIAMENTO OSTENSIVO GERAL,POLÍCIA OSTENSIVA
2025,1250,POLÍCIA MILITAR DO ESTADO DE MINAS GERAIS - PMMG,3,0,1251,POLÍCIA MILITAR DO ESTADO DE MINAS GERAIS - PMMG,3,3,90,30,24,1,10690,6,181,137,4,365,4365,1,2690000.00,2690000.00,2690000.00,0,POLICIAMENTO OSTENSIVO GERAL,POLÍCIA OSTENSIVA
2025,1250,POLÍCIA MILITAR DO ESTADO DE MINAS GERAIS - PMMG,3,0,1251,POLÍCIA MILITAR DO ESTADO DE MINAS GERAIS - PMMG,3,3,90,30,60,1,10690,6,181,137,4,365,4365,1,674730.00,674730.00,674730.00,0,POLICIAMENTO OSTENSIVO GERAL,POLÍCIA OSTENSIVA
2025,1250,POLÍCIA MILITAR DO ESTADO DE MINAS GERAIS - PMMG,3,0,1251,POLÍCIA MILITAR DO ESTADO DE MINAS GERAIS - PMMG,3,3,90,30,68,1,10690,6,181,137,4,365,4365,1,100000.00,100000.00,100000.00,0,POLICIAMENTO OSTENSIVO GERAL,POLÍCIA OSTENSIVA
2025,1250,POLÍCIA MILITAR DO ESTADO DE MINAS GERAIS - PMMG,3,0,1251,POLÍCIA MILITAR DO ESTADO DE MINAS GERAIS - PMMG,3,3,90,30,69,1,10690,6,181,137,4,365,4365,1,1400000.00,1400000.00,1400000.00,0,POLICIAMENTO OSTENSIVO GERAL,POLÍCIA OSTENSIVA
2025,1250,POLÍCIA MILITAR DO ESTADO DE MINAS GERAIS - PMMG,3,0,1251,POLÍCIA MILITAR DO ESTADO DE MINAS GERAIS - PMMG,3,3,90,30,70,1,10690,6,181,137,4,365,4365,1,3930000.00,3930000.00,3930000.00,0,POLICIAMENTO OSTENSIVO GERAL,POLÍCIA OSTENSIVA
2025,1250,POLÍCIA MILITAR DO ESTADO DE MINAS GERAIS - PMMG,3,0,1251,POLÍCIA MILITAR DO ESTADO DE MINAS GERAIS - PMMG,3,3,90,33,10,1,10690,6,181,137,4,365,4365,1,757870.00,757870.00,757870.00,0,POLICIAMENTO OSTENSIVO GERAL,POLÍCIA OSTENSIVA
2025,1250,POLÍCIA MILITAR DO ESTADO DE MINAS GERAIS - PMMG,3,0,1251,POLÍCIA MILITAR DO ESTADO DE MINAS GERAIS - PMMG,3,3,90,36,10,1,10690,6,181,137,4,365,4365,1,306396.00,306396.00,306396.00,0,POLICIAMENTO OSTENSIVO GERAL,POLÍCIA OSTENSIVA
2025,1250,POLÍCIA MILITAR DO ESTADO DE MINAS GERAIS - PMMG,3,0,1251,POLÍCIA MILITAR DO ESTADO DE MINAS GERAIS - PMMG,3,3,90,37,10,1,10690,6,181,137,4,365,4365,1,6209306.00,6209306.00,6209306.00,0,POLICIAMENTO OSTENSIVO GERAL,POLÍCIA OSTENSIVA
2025,1250,POLÍCIA MILITAR DO ESTADO DE MINAS GERAIS - PMMG,3,0,1251,POLÍCIA MILITAR DO ESTADO DE MINAS GERAIS - PMMG,3,3,90,39,9,1,10690,6,181,137,4,365,4365,1,750000.00,750000.00,750000.00,0,POLICIAMENTO OSTENSIVO GERAL,POLÍCIA OSTENSIVA
2025,1250,POLÍCIA MILITAR DO ESTADO DE MINAS GERAIS - PMMG,3,0,1251,POLÍCIA MILITAR DO ESTADO DE MINAS GERAIS - PMMG,3,3,90,39,10,1,10690,6,181,137,4,365,4365,1,95167082.00,95167082.00,95167082.00,0,POLICIAMENTO OSTENSIVO GERAL,POLÍCIA OSTENSIVA
2025,1250,POLÍCIA MILITAR DO ESTADO DE MINAS GERAIS - PMMG,3,0,1251,POLÍCIA MILITAR DO ESTADO DE MINAS GERAIS - PMMG,3,3,90,39,24,1,10690,6,181,137,4,365,4365,1,118000.00,118000.00,118000.00,0,POLICIAMENTO OSTENSIVO GERAL,POLÍCIA OSTENSIVA
2025,1250,POLÍCIA MILITAR DO ESTADO DE MINAS GERAIS - PMMG,3,0,1251,POLÍCIA MILITAR DO ESTADO DE MINAS GERAIS - PMMG,3,3,90,39,60,1,10690,6,181,137,4,365,4365,1,9360.00,9360.00,9360.00,0,POLICIAMENTO OSTENSIVO GERAL,POLÍCIA OSTENSIVA
2025,1250,POLÍCIA MILITAR DO ESTADO DE MINAS GERAIS - PMMG,3,0,1251,POLÍCIA MILITAR DO ESTADO DE MINAS GERAIS - PMMG,3,3,90,39,68,1,10690,6,181,137,4,365,4365,1,200000.00,200000.00,200000.00,0,POLICIAMENTO OSTENSIVO GERAL,POLÍCIA OSTENSIVA
2025,1250,POLÍCIA MILITAR DO ESTADO DE MINAS GERAIS - PMMG,3,0,1251,POLÍCIA MILITAR DO ESTADO DE MINAS GERAIS - PMMG,3,3,90,39,69,1,10690,6,181,137,4,365,4365,1,600000.00,600000.00,600000.00,0,POLICIAMENTO OSTENSIVO GERAL,POLÍCIA OSTENSIVA
2025,1250,POLÍCIA MILITAR DO ESTADO DE MINAS GERAIS - PMMG,3,0,1251,POLÍCIA MILITAR DO ESTADO DE MINAS GERAIS - PMMG,3,3,90,39,70,1,10690,6,181,137,4,365,4365,1,2337277.00,2337277.00,2337277.00,0,POLICIAMENTO OSTENSIVO GERAL,POLÍCIA OSTENSIVA
2025,1250,POLÍCIA MILITAR DO ESTADO DE MINAS GERAIS - PMMG,3,0,1251,POLÍCIA MILITAR DO ESTADO DE MINAS GERAIS - PMMG,3,3,90,39,82,1,10690,6,181,137,4,365,4365,1,15000000.00,15000000.00,15000000.00,0,POLICIAMENTO OSTENSIVO GERAL,POLÍCIA OSTENSIVA
2025,1250,POLÍCIA MILITAR DO ESTADO DE MINAS GERAIS - PMMG,3,0,1251,POLÍCIA MILITAR DO ESTADO DE MINAS GERAIS - PMMG,3,3,90,40,10,1,10690,6,181,137,4,365,4365,1,27677225.00,27677225.00,27677225.00,0,POLICIAMENTO OSTENSIVO GERAL,POLÍCIA OSTENSIVA
2025,1250,POLÍCIA MILITAR DO ESTADO DE MINAS GERAIS - PMMG,3,0,1251,POLÍCIA MILITAR DO ESTADO DE MINAS GERAIS - PMMG,3,3,90,40,60,1,10690,6,181,137,4,365,4365,1,3799.00,3799.00,3799.00,0,POLICIAMENTO OSTENSIVO GERAL,POLÍCIA OSTENSIVA
2025,1250,POLÍCIA MILITAR DO ESTADO DE MINAS GERAIS - PMMG,3,0,1251,POLÍCIA MILITAR DO ESTADO DE MINAS GERAIS - PMMG,3,3,90,46,10,7,10690,6,181,137,4,365,4365,1,5379590.00,5379590.00,5379590.00,0,POLICIAMENTO OSTENSIVO GERAL,POLÍCIA OSTENSIVA
2025,1250,POLÍCIA MILITAR DO ESTADO DE MINAS GERAIS - PMMG,3,0,1251,POLÍCIA MILITAR DO ESTADO DE MINAS GERAIS - PMMG,3,3,90,47,10,1,10690,6,181,137,4,365,4365,1,138225.00,138225.00,138225.00,0,POLICIAMENTO OSTENSIVO GERAL,POLÍCIA OSTENSIVA
2025,1250,POLÍCIA MILITAR DO ESTADO DE MINAS GERAIS - PMMG,3,0,1251,POLÍCIA MILITAR DO ESTADO DE MINAS GERAIS - PMMG,3,3,90,49,10,7,10690,6,181,137,4,365,4365,1,415473.00,415473.00,415473.00,0,POLICIAMENTO OSTENSIVO GERAL,POLÍCIA OSTENSIVA
2025,1250,POLÍCIA MILITAR DO ESTADO DE MINAS GERAIS - PMMG,3,0,1251,POLÍCIA MILITAR DO ESTADO DE MINAS GERAIS - PMMG,3,3,90,93,10,1,10690,6,181,137,4,365,4365,1,25551771.00,25551771.00,25551771.00,0,POLICIAMENTO OSTENSIVO GERAL,POLÍCIA OSTENSIVA
2025,1250,POLÍCIA MILITAR DO ESTADO DE MINAS GERAIS - PMMG,3,0,1251,POLÍCIA MILITAR DO ESTADO DE MINAS GERAIS - PMMG,4,4,90,39,80,1,10690,6,181,137,4,365,4365,1,12500000.00,12500000.00,12500000.00,0,POLICIAMENTO OSTENSIVO GERAL,POLÍCIA OSTENSIVA
2025,1250,POLÍCIA MILITAR DO ESTADO DE MINAS GERAIS - PMMG,3,0,1251,POLÍCIA MILITAR DO ESTADO DE MINAS GERAIS - PMMG,4,4,90,40,10,1,10690,6,181,137,4,365,4365,1,7007680.00,7007680.00,7007680.00,0,POLICIAMENTO OSTENSIVO GERAL,POLÍCIA OSTENSIVA
2025,1250,POLÍCIA MILITAR DO ESTADO DE MINAS GERAIS - PMMG,3,0,1251,POLÍCIA MILITAR DO ESTADO DE MINAS GERAIS - PMMG,4,4,90,40,24,1,10690,6,181,137,4,365,4365,1,638215.00,638215.00,638215.00,0,POLICIAMENTO OSTENSIVO GERAL,POLÍCIA OSTENSIVA
2025,1250,POLÍCIA MILITAR DO ESTADO DE MINAS GERAIS - PMMG,3,0,1251,POLÍCIA MILITAR DO ESTADO DE MINAS GERAIS - PMMG,4,4,90,52,1,1,10690,6,181,137,4,365,4365,1,10594097.00,10594097.00,10594097.00,0,POLICIAMENTO OSTENSIVO GERAL,POLÍCIA OSTENSIVA
2025,1250,POLÍCIA MILITAR DO ESTADO DE MINAS GERAIS - PMMG,3,0,1251,POLÍCIA MILITAR DO ESTADO DE MINAS GERAIS - PMMG,4,4,90,52,2,1,10690,6,181,137,4,365,4365,1,28981340.00,28981340.00,28981340.00,0,POLICIAMENTO OSTENSIVO GERAL,POLÍCIA OSTENSIVA
2025,1250,POLÍCIA MILITAR DO ESTADO DE MINAS GERAIS - PMMG,3,0,1251,POLÍCIA MILITAR DO ESTADO DE MINAS GERAIS - PMMG,4,4,90,52,9,1,10690,6,181,137,4,365,4365,1,6002000.00,6002000.00,6002000.00,0,POLICIAMENTO OSTENSIVO GERAL,POLÍCIA OSTENSIVA
2025,1250,POLÍCIA MILITAR DO ESTADO DE MINAS GERAIS - PMMG,3,0,1251,POLÍCIA MILITAR DO ESTADO DE MINAS GERAIS - PMMG,4,4,90,52,10,1,10690,6,181,137,4,365,4365,1,1532500.00,1532500.00,1532500.00,0,POLICIAMENTO OSTENSIVO GERAL,POLÍCIA OSTENSIVA
2025,1250,POLÍCIA MILITAR DO ESTADO DE MINAS GERAIS - PMMG,3,0,1251,POLÍCIA MILITAR DO ESTADO DE MINAS GERAIS - PMMG,4,4,90,52,24,1,10690,6,181,137,4,365,4365,1,19256591.00,19256591.00,19256591.00,0,POLICIAMENTO OSTENSIVO GERAL,POLÍCIA OSTENSIVA
2025,1250,POLÍCIA MILITAR DO ESTADO DE MINAS GERAIS - PMMG,3,0,1251,POLÍCIA MILITAR DO ESTADO DE MINAS GERAIS - PMMG,4,4,90,52,45,1,10690,6,181,137,4,365,4365,1,156004.00,156004.00,156004.00,0,POLICIAMENTO OSTENSIVO GERAL,POLÍCIA OSTENSIVA
2025,1250,POLÍCIA MILITAR DO ESTADO DE MINAS GERAIS - PMMG,3,0,1251,POLÍCIA MILITAR DO ESTADO DE MINAS GERAIS - PMMG,4,4,90,52,68,1,10690,6,181,137,4,365,4365,1,532000.00,532000.00,532000.00,0,POLICIAMENTO OSTENSIVO GERAL,POLÍCIA OSTENSIVA
2025,1250,POLÍCIA MILITAR DO ESTADO DE MINAS GERAIS - PMMG,3,0,1251,POLÍCIA MILITAR DO ESTADO DE MINAS GERAIS - PMMG,4,4,90,52,69,1,10690,6,181,137,4,365,4365,1,2952000.00,2952000.00,2952000.00,0,POLICIAMENTO OSTENSIVO GERAL,POLÍCIA OSTENSIVA
2025,1250,POLÍCIA MILITAR DO ESTADO DE MINAS GERAIS - PMMG,3,0,1251,POLÍCIA MILITAR DO ESTADO DE MINAS GERAIS - PMMG,4,4,90,52,70,1,10690,6,181,137,4,365,4365,1,4591278.00,4591278.00,4591278.00,0,POLICIAMENTO OSTENSIVO GERAL,POLÍCIA OSTENSIVA
2025,1250,POLÍCIA MILITAR DO ESTADO DE MINAS GERAIS - PMMG,3,0,1251,POLÍCIA MILITAR DO ESTADO DE MINAS GERAIS - PMMG,4,4,90,52,80,1,10690,6,181,137,4,365,4365,1,16390738.00,16390738.00,16390738.00,0,POLICIAMENTO OSTENSIVO GERAL,POLÍCIA OSTENSIVA
2025,1250,POLÍCIA MILITAR DO ESTADO DE MINAS GERAIS - PMMG,3,0,1251,POLÍCIA MILITAR DO ESTADO DE MINAS GERAIS - PMMG,4,4,99,99,10,4,10690,6,181,137,4,365,4365,1,30000.00,30000.00,30000.00,0,POLICIAMENTO OSTENSIVO GERAL,POLÍCIA OSTENSIVA
2025,1250,POLÍCIA MILITAR DO ESTADO DE MINAS GERAIS - PMMG,3,0,1251,POLÍCIA MILITAR DO ESTADO DE MINAS GERAIS - PMMG,4,4,99,99,10,8,10690,6,181,137,4,365,4365,1,1100000.00,1100000.00,1100000.00,0,POLICIAMENTO OSTENSIVO GERAL,POLÍCIA OSTENSIVA
2025,1250,POLÍCIA MILITAR DO ESTADO DE MINAS GERAIS - PMMG,3,0,1251,POLÍCIA MILITAR DO ESTADO DE MINAS GERAIS - PMMG,3,3,90,39,10,1,10693,6,181,137,4,366,4366,1,1000.00,1000.00,1000.00,1,ESTRUTURAÇÃO E MODERNIZAÇÃO,POLÍCIA OSTENSIVA
2025,1250,POLÍCIA MILITAR DO ESTADO DE MINAS GERAIS - PMMG,3,0,1251,POLÍCIA MILITAR DO ESTADO DE MINAS GERAIS - PMMG,3,3,99,99,10,8,10693,6,181,137,4,366,4366,1,270000.00,270000.00,3521000.00,1,ESTRUTURAÇÃO E MODERNIZAÇÃO,POLÍCIA OSTENSIVA
2025,1250,POLÍCIA MILITAR DO ESTADO DE MINAS GERAIS - PMMG,3,0,1251,POLÍCIA MILITAR DO ESTADO DE MINAS GERAIS - PMMG,4,4,99,99,10,8,10693,6,181,137,4,366,4366,1,320000.00,320000.00,31492383.00,1,ESTRUTURAÇÃO E MODERNIZAÇÃO,POLÍCIA OSTENSIVA
2025,1250,POLÍCIA MILITAR DO ESTADO DE MINAS GERAIS - PMMG,3,0,1251,POLÍCIA MILITAR DO ESTADO DE MINAS GERAIS - PMMG,3,3,90,36,10,1,10708,6,181,137,4,373,4373,1,3000.00,3000.00,3000.00,0,POLICIAMENTO DE PROXIMIDADE,POLÍCIA OSTENSIVA
2025,1250,POLÍCIA MILITAR DO ESTADO DE MINAS GERAIS - PMMG,3,0,1251,POLÍCIA MILITAR DO ESTADO DE MINAS GERAIS - PMMG,3,1,90,11,10,1,10709,6,181,137,4,374,4374,1,3493680.00,3493680.00,3493680.00,0,POLICIAMENTO ESPECIALIZADO,POLÍCIA OSTENSIVA
2025,1250,POLÍCIA MILITAR DO ESTADO DE MINAS GERAIS - PMMG,3,0,1251,POLÍCIA MILITAR DO ESTADO DE MINAS GERAIS - PMMG,3,1,90,12,10,1,10709,6,181,137,4,374,4374,1,302051605.00,302051605.00,302051605.00,0,POLICIAMENTO ESPECIALIZADO,POLÍCIA OSTENSIVA
2025,1250,POLÍCIA MILITAR DO ESTADO DE MINAS GERAIS - PMMG,3,0,1251,POLÍCIA MILITAR DO ESTADO DE MINAS GERAIS - PMMG,3,1,90,12,27,1,10709,6,181,137,4,374,4374,1,150884981.00,150884981.00,150884981.00,0,POLICIAMENTO ESPECIALIZADO,POLÍCIA OSTENSIVA
2025,1250,POLÍCIA MILITAR DO ESTADO DE MINAS GERAIS - PMMG,3,0,1251,POLÍCIA MILITAR DO ESTADO DE MINAS GERAIS - PMMG,3,1,90,13,10,1,10709,6,181,137,4,374,4374,1,46269.00,46269.00,46269.00,0,POLICIAMENTO ESPECIALIZADO,POLÍCIA OSTENSIVA
2025,1250,POLÍCIA MILITAR DO ESTADO DE MINAS GERAIS - PMMG,3,0,1251,POLÍCIA MILITAR DO ESTADO DE MINAS GERAIS - PMMG,3,1,90,17,10,1,10709,6,181,137,4,374,4374,1,691309.00,691309.00,691309.00,0,POLICIAMENTO ESPECIALIZADO,POLÍCIA OSTENSIVA
2025,1250,POLÍCIA MILITAR DO ESTADO DE MINAS GERAIS - PMMG,3,0,1251,POLÍCIA MILITAR DO ESTADO DE MINAS GERAIS - PMMG,3,1,91,13,10,1,10709,6,181,137,4,374,4374,1,30517214.00,81471456.00,81471456.00,0,POLICIAMENTO ESPECIALIZADO,POLÍCIA OSTENSIVA
2025,1250,POLÍCIA MILITAR DO ESTADO DE MINAS GERAIS - PMMG,3,0,1251,POLÍCIA MILITAR DO ESTADO DE MINAS GERAIS - PMMG,3,3,90,15,10,1,10709,6,181,137,4,374,4374,1,1858477.00,1858477.00,1858477.00,0,POLICIAMENTO ESPECIALIZADO,POLÍCIA OSTENSIVA
2025,1250,POLÍCIA MILITAR DO ESTADO DE MINAS GERAIS - PMMG,3,0,1251,POLÍCIA MILITAR DO ESTADO DE MINAS GERAIS - PMMG,3,3,90,15,24,1,10709,6,181,137,4,374,4374,1,100000.00,100000.00,100000.00,0,POLICIAMENTO ESPECIALIZADO,POLÍCIA OSTENSIVA
2025,1250,POLÍCIA MILITAR DO ESTADO DE MINAS GERAIS - PMMG,3,0,1251,POLÍCIA MILITAR DO ESTADO DE MINAS GERAIS - PMMG,3,3,90,15,73,1,10709,6,181,137,4,374,4374,1,3000000.00,3000000.00,3000000.00,0,POLICIAMENTO ESPECIALIZADO,POLÍCIA OSTENSIVA
2025,1250,POLÍCIA MILITAR DO ESTADO DE MINAS GERAIS - PMMG,3,0,1251,POLÍCIA MILITAR DO ESTADO DE MINAS GERAIS - PMMG,3,3,90,15,83,2,10709,6,181,137,4,374,4374,1,564000.00,564000.00,564000.00,0,POLICIAMENTO ESPECIALIZADO,POLÍCIA OSTENSIVA
2025,1250,POLÍCIA MILITAR DO ESTADO DE MINAS GERAIS - PMMG,3,0,1251,POLÍCIA MILITAR DO ESTADO DE MINAS GERAIS - PMMG,3,3,90,19,10,7,10709,6,181,137,4,374,4374,1,33380431.00,33380431.00,33380431.00,0,POLICIAMENTO ESPECIALIZADO,POLÍCIA OSTENSIVA
2025,1250,POLÍCIA MILITAR DO ESTADO DE MINAS GERAIS - PMMG,3,0,1251,POLÍCIA MILITAR DO ESTADO DE MINAS GERAIS - PMMG,3,3,90,30,10,1,10709,6,181,137,4,374,4374,1,3041831.00,3041831.00,3041831.00,0,POLICIAMENTO ESPECIALIZADO,POLÍCIA OSTENSIVA
2025,1250,POLÍCIA MILITAR DO ESTADO DE MINAS GERAIS - PMMG,3,0,1251,POLÍCIA MILITAR DO ESTADO DE MINAS GERAIS - PMMG,3,3,90,30,60,1,10709,6,181,137,4,374,4374,1,6617.00,6617.00,6617.00,0,POLICIAMENTO ESPECIALIZADO,POLÍCIA OSTENSIVA
2025,1250,POLÍCIA MILITAR DO ESTADO DE MINAS GERAIS - PMMG,3,0,1251,POLÍCIA MILITAR DO ESTADO DE MINAS GERAIS - PMMG,3,3,90,30,68,1,10709,6,181,137,4,374,4374,1,50000.00,50000.00,50000.00,0,POLICIAMENTO ESPECIALIZADO,POLÍCIA OSTENSIVA
2025,1250,POLÍCIA MILITAR DO ESTADO DE MINAS GERAIS - PMMG,3,0,1251,POLÍCIA MILITAR DO ESTADO DE MINAS GERAIS - PMMG,3,3,90,30,70,1,10709,6,181,137,4,374,4374,1,3850000.00,3850000.00,3850000.00,0,POLICIAMENTO ESPECIALIZADO,POLÍCIA OSTENSIVA
2025,1250,POLÍCIA MILITAR DO ESTADO DE MINAS GERAIS - PMMG,3,0,1251,POLÍCIA MILITAR DO ESTADO DE MINAS GERAIS - PMMG,3,3,90,30,73,1,10709,6,181,137,4,374,4374,1,14200000.00,14200000.00,14200000.00,0,POLICIAMENTO ESPECIALIZADO,POLÍCIA OSTENSIVA
2025,1250,POLÍCIA MILITAR DO ESTADO DE MINAS GERAIS - PMMG,3,0,1251,POLÍCIA MILITAR DO ESTADO DE MINAS GERAIS - PMMG,3,3,90,30,83,2,10709,6,181,137,4,374,4374,1,2833111.00,2833111.00,2833111.00,0,POLICIAMENTO ESPECIALIZADO,POLÍCIA OSTENSIVA
2025,1250,POLÍCIA MILITAR DO ESTADO DE MINAS GERAIS - PMMG,3,0,1251,POLÍCIA MILITAR DO ESTADO DE MINAS GERAIS - PMMG,3,3,90,36,10,1,10709,6,181,137,4,374,4374,1,5496.00,5496.00,5496.00,0,POLICIAMENTO ESPECIALIZADO,POLÍCIA OSTENSIVA
2025,1250,POLÍCIA MILITAR DO ESTADO DE MINAS GERAIS - PMMG,3,0,1251,POLÍCIA MILITAR DO ESTADO DE MINAS GERAIS - PMMG,3,3,90,37,10,1,10709,6,181,137,4,374,4374,1,1367098.00,1367098.00,1367098.00,0,POLICIAMENTO ESPECIALIZADO,POLÍCIA OSTENSIVA
2025,1250,POLÍCIA MILITAR DO ESTADO DE MINAS GERAIS - PMMG,3,0,1251,POLÍCIA MILITAR DO ESTADO DE MINAS GERAIS - PMMG,3,3,90,37,73,1,10709,6,181,137,4,374,4374,1,5000000.00,5000000.00,5000000.00,0,POLICIAMENTO ESPECIALIZADO,POLÍCIA OSTENSIVA
2025,1250,POLÍCIA MILITAR DO ESTADO DE MINAS GERAIS - PMMG,3,0,1251,POLÍCIA MILITAR DO ESTADO DE MINAS GERAIS - PMMG,3,3,90,39,10,1,10709,6,181,137,4,374,4374,1,543095.00,543095.00,543095.00,0,POLICIAMENTO ESPECIALIZADO,POLÍCIA OSTENSIVA
2025,1250,POLÍCIA MILITAR DO ESTADO DE MINAS GERAIS - PMMG,3,0,1251,POLÍCIA MILITAR DO ESTADO DE MINAS GERAIS - PMMG,3,3,90,39,70,1,10709,6,181,137,4,374,4374,1,6150000.00,6150000.00,6150000.00,0,POLICIAMENTO ESPECIALIZADO,POLÍCIA OSTENSIVA
2025,1250,POLÍCIA MILITAR DO ESTADO DE MINAS GERAIS - PMMG,3,0,1251,POLÍCIA MILITAR DO ESTADO DE MINAS GERAIS - PMMG,3,3,90,39,73,1,10709,6,181,137,4,374,4374,1,8600000.00,8600000.00,8600000.00,0,POLICIAMENTO ESPECIALIZADO,POLÍCIA OSTENSIVA
2025,1250,POLÍCIA MILITAR DO ESTADO DE MINAS GERAIS - PMMG,3,0,1251,POLÍCIA MILITAR DO ESTADO DE MINAS GERAIS - PMMG,3,3,90,39,83,2,10709,6,181,137,4,374,4374,1,11245796.00,11245796.00,11245796.00,0,POLICIAMENTO ESPECIALIZADO,POLÍCIA OSTENSIVA
2025,1250,POLÍCIA MILITAR DO ESTADO DE MINAS GERAIS - PMMG,3,0,1251,POLÍCIA MILITAR DO ESTADO DE MINAS GERAIS - PMMG,3,3,90,46,10,7,10709,6,181,137,4,374,4374,1,279128.00,279128.00,279128.00,0,POLICIAMENTO ESPECIALIZADO,POLÍCIA OSTENSIVA
2025,1250,POLÍCIA MILITAR DO ESTADO DE MINAS GERAIS - PMMG,3,0,1251,POLÍCIA MILITAR DO ESTADO DE MINAS GERAIS - PMMG,3,3,90,49,10,7,10709,6,181,137,4,374,4374,1,28164.00,28164.00,28164.00,0,POLICIAMENTO ESPECIALIZADO,POLÍCIA OSTENSIVA
2025,1250,POLÍCIA MILITAR DO ESTADO DE MINAS GERAIS - PMMG,3,0,1251,POLÍCIA MILITAR DO ESTADO DE MINAS GERAIS - PMMG,4,4,90,40,73,1,10709,6,181,137,4,374,4374,1,900000.00,900000.00,900000.00,0,POLICIAMENTO ESPECIALIZADO,POLÍCIA OSTENSIVA
2025,1250,POLÍCIA MILITAR DO ESTADO DE MINAS GERAIS - PMMG,3,0,1251,POLÍCIA MILITAR DO ESTADO DE MINAS GERAIS - PMMG,4,4,90,52,24,1,10709,6,181,137,4,374,4374,1,500000.00,500000.00,500000.00,0,POLICIAMENTO ESPECIALIZADO,POLÍCIA OSTENSIVA
2025,1250,POLÍCIA MILITAR DO ESTADO DE MINAS GERAIS - PMMG,3,0,1251,POLÍCIA MILITAR DO ESTADO DE MINAS GERAIS - PMMG,4,4,90,52,68,1,10709,6,181,137,4,374,4374,1,50000.00,50000.00,50000.00,0,POLICIAMENTO ESPECIALIZADO,POLÍCIA OSTENSIVA
2025,1250,POLÍCIA MILITAR DO ESTADO DE MINAS GERAIS - PMMG,3,0,1251,POLÍCIA MILITAR DO ESTADO DE MINAS GERAIS - PMMG,4,4,90,52,70,1,10709,6,181,137,4,374,4374,1,8000000.00,8000000.00,8000000.00,0,POLICIAMENTO ESPECIALIZADO,POLÍCIA OSTENSIVA
2025,1250,POLÍCIA MILITAR DO ESTADO DE MINAS GERAIS - PMMG,3,0,1251,POLÍCIA MILITAR DO ESTADO DE MINAS GERAIS - PMMG,4,4,90,52,73,1,10709,6,181,137,4,374,4374,1,45101000.00,45101000.00,45101000.00,0,POLICIAMENTO ESPECIALIZADO,POLÍCIA OSTENSIVA
2025,1250,POLÍCIA MILITAR DO ESTADO DE MINAS GERAIS - PMMG,3,0,1251,POLÍCIA MILITAR DO ESTADO DE MINAS GERAIS - PMMG,3,3,90,15,10,1,10694,6,182,48,2,65,2065,1,150168.00,150168.00,150168.00,0,CAPACITAÇÃO E TREINAMENTO POLICIAL-MILITAR PARA PROTEÇÃO E DEFESA CIVIL,PROTEÇÃO E DEFESA CIVIL
2025,1250,POLÍCIA MILITAR DO ESTADO DE MINAS GERAIS - PMMG,3,0,1251,POLÍCIA MILITAR DO ESTADO DE MINAS GERAIS - PMMG,3,1,90,1,10,1,2331,6,272,705,7,7,7007,1,8589532756.00,7857226252.00,7857226252.00,0,PROVENTOS DE INATIVOS MILITARES,APOIO ÀS POLÍTICAS PÚBLICAS
2025,1250,POLÍCIA MILITAR DO ESTADO DE MINAS GERAIS - PMMG,3,0,1251,POLÍCIA MILITAR DO ESTADO DE MINAS GERAIS - PMMG,3,1,90,1,30,1,2331,6,272,705,7,7,7007,1,186552041.00,186552041.00,186552041.00,0,PROVENTOS DE INATIVOS MILITARES,APOIO ÀS POLÍTICAS PÚBLICAS
2025,1250,POLÍCIA MILITAR DO ESTADO DE MINAS GERAIS - PMMG,3,0,1251,POLÍCIA MILITAR DO ESTADO DE MINAS GERAIS - PMMG,3,1,90,1,75,1,2331,6,272,705,7,7,7007,1,545754463.00,545754463.00,545754463.00,0,PROVENTOS DE INATIVOS MILITARES,APOIO ÀS POLÍTICAS PÚBLICAS
2025,1250,POLÍCIA MILITAR DO ESTADO DE MINAS GERAIS - PMMG,3,0,1251,POLÍCIA MILITAR DO ESTADO DE MINAS GERAIS - PMMG,3,1,91,13,10,1,2331,6,272,705,7,7,7007,1,437614155.00,1549496192.00,1549496192.00,0,PROVENTOS DE INATIVOS MILITARES,APOIO ÀS POLÍTICAS PÚBLICAS
2025,1250,POLÍCIA MILITAR DO ESTADO DE MINAS GERAIS - PMMG,3,0,1251,POLÍCIA MILITAR DO ESTADO DE MINAS GERAIS - PMMG,3,1,90,11,10,1,10688,10,302,135,2,60,2060,1,4278785.00,4278785.00,4278785.00,0,ASSISTÊNCIA À SAÚDE,PROTEÇÃO SOCIAL DOS MILITARES
2025,1250,POLÍCIA MILITAR DO ESTADO DE MINAS GERAIS - PMMG,3,0,1251,POLÍCIA MILITAR DO ESTADO DE MINAS GERAIS - PMMG,3,1,90,12,10,1,10688,10,302,135,2,60,2060,1,231997679.00,231997679.00,231997679.00,0,ASSISTÊNCIA À SAÚDE,PROTEÇÃO SOCIAL DOS MILITARES
2025,1250,POLÍCIA MILITAR DO ESTADO DE MINAS GERAIS - PMMG,3,0,1251,POLÍCIA MILITAR DO ESTADO DE MINAS GERAIS - PMMG,3,1,90,13,10,1,10688,10,302,135,2,60,2060,1,533034.00,533034.00,533034.00,0,ASSISTÊNCIA À SAÚDE,PROTEÇÃO SOCIAL DOS MILITARES
2025,1250,POLÍCIA MILITAR DO ESTADO DE MINAS GERAIS - PMMG,3,0,1251,POLÍCIA MILITAR DO ESTADO DE MINAS GERAIS - PMMG,3,1,90,17,10,1,10688,10,302,135,2,60,2060,1,49247.00,49247.00,49247.00,0,ASSISTÊNCIA À SAÚDE,PROTEÇÃO SOCIAL DOS MILITARES
2025,1250,POLÍCIA MILITAR DO ESTADO DE MINAS GERAIS - PMMG,3,0,1251,POLÍCIA MILITAR DO ESTADO DE MINAS GERAIS - PMMG,3,1,91,13,10,1,10688,10,302,135,2,60,2060,1,16179379.00,42578781.00,42578781.00,0,ASSISTÊNCIA À SAÚDE,PROTEÇÃO SOCIAL DOS MILITARES
2025,1250,POLÍCIA MILITAR DO ESTADO DE MINAS GERAIS - PMMG,3,0,1251,POLÍCIA MILITAR DO ESTADO DE MINAS GERAIS - PMMG,3,3,90,13,60,2,10688,10,302,135,2,60,2060,1,532151.00,532151.00,532151.00,0,ASSISTÊNCIA À SAÚDE,PROTEÇÃO SOCIAL DOS MILITARES
2025,1250,POLÍCIA MILITAR DO ESTADO DE MINAS GERAIS - PMMG,3,0,1251,POLÍCIA MILITAR DO ESTADO DE MINAS GERAIS - PMMG,3,3,90,15,60,2,10688,10,302,135,2,60,2060,1,180002.00,180002.00,180002.00,0,ASSISTÊNCIA À SAÚDE,PROTEÇÃO SOCIAL DOS MILITARES
2025,1250,POLÍCIA MILITAR DO ESTADO DE MINAS GERAIS - PMMG,3,0,1251,POLÍCIA MILITAR DO ESTADO DE MINAS GERAIS - PMMG,3,3,90,19,10,7,10688,10,302,135,2,60,2060,1,12667251.00,12667251.00,12667251.00,0,ASSISTÊNCIA À SAÚDE,PROTEÇÃO SOCIAL DOS MILITARES
2025,1250,POLÍCIA MILITAR DO ESTADO DE MINAS GERAIS - PMMG,3,0,1251,POLÍCIA MILITAR DO ESTADO DE MINAS GERAIS - PMMG,3,3,90,30,60,2,10688,10,302,135,2,60,2060,1,50297512.00,50297512.00,50297512.00,0,ASSISTÊNCIA À SAÚDE,PROTEÇÃO SOCIAL DOS MILITARES
2025,1250,POLÍCIA MILITAR DO ESTADO DE MINAS GERAIS - PMMG,3,0,1251,POLÍCIA MILITAR DO ESTADO DE MINAS GERAIS - PMMG,3,3,90,33,60,2,10688,10,302,135,2,60,2060,1,15000.00,15000.00,15000.00,0,ASSISTÊNCIA À SAÚDE,PROTEÇÃO SOCIAL DOS MILITARES
2025,1250,POLÍCIA MILITAR DO ESTADO DE MINAS GERAIS - PMMG,3,0,1251,POLÍCIA MILITAR DO ESTADO DE MINAS GERAIS - PMMG,3,3,90,35,60,2,10688,10,302,135,2,60,2060,1,45326.00,45326.00,45326.00,0,ASSISTÊNCIA À SAÚDE,PROTEÇÃO SOCIAL DOS MILITARES
2025,1250,POLÍCIA MILITAR DO ESTADO DE MINAS GERAIS - PMMG,3,0,1251,POLÍCIA MILITAR DO ESTADO DE MINAS GERAIS - PMMG,3,3,90,36,60,2,10688,10,302,135,2,60,2060,1,2846964.00,2846964.00,2846964.00,0,ASSISTÊNCIA À SAÚDE,PROTEÇÃO SOCIAL DOS MILITARES
2025,1250,POLÍCIA MILITAR DO ESTADO DE MINAS GERAIS - PMMG,3,0,1251,POLÍCIA MILITAR DO ESTADO DE MINAS GERAIS - PMMG,3,3,90,37,60,2,10688,10,302,135,2,60,2060,1,32210535.00,32210535.00,32210535.00,0,ASSISTÊNCIA À SAÚDE,PROTEÇÃO SOCIAL DOS MILITARES
2025,1250,POLÍCIA MILITAR DO ESTADO DE MINAS GERAIS - PMMG,3,0,1251,POLÍCIA MILITAR DO ESTADO DE MINAS GERAIS - PMMG,3,3,90,39,60,2,10688,10,302,135,2,60,2060,1,13888333.00,13888333.00,13888333.00,0,ASSISTÊNCIA À SAÚDE,PROTEÇÃO SOCIAL DOS MILITARES
2025,1250,POLÍCIA MILITAR DO ESTADO DE MINAS GERAIS - PMMG,3,0,1251,POLÍCIA MILITAR DO ESTADO DE MINAS GERAIS - PMMG,3,3,90,40,60,2,10688,10,302,135,2,60,2060,1,4374030.00,4374030.00,4374030.00,0,ASSISTÊNCIA À SAÚDE,PROTEÇÃO SOCIAL DOS MILITARES
2025,1250,POLÍCIA MILITAR DO ESTADO DE MINAS GERAIS - PMMG,3,0,1251,POLÍCIA MILITAR DO ESTADO DE MINAS GERAIS - PMMG,3,3,90,46,10,7,10688,10,302,135,2,60,2060,1,472039.00,472039.00,472039.00,0,ASSISTÊNCIA À SAÚDE,PROTEÇÃO SOCIAL DOS MILITARES
2025,1250,POLÍCIA MILITAR DO ESTADO DE MINAS GERAIS - PMMG,3,0,1251,POLÍCIA MILITAR DO ESTADO DE MINAS GERAIS - PMMG,3,3,90,47,60,2,10688,10,302,135,2,60,2060,1,11376.00,11376.00,11376.00,0,ASSISTÊNCIA À SAÚDE,PROTEÇÃO SOCIAL DOS MILITARES
2025,1250,POLÍCIA MILITAR DO ESTADO DE MINAS GERAIS - PMMG,3,0,1251,POLÍCIA MILITAR DO ESTADO DE MINAS GERAIS - PMMG,3,3,90,49,10,7,10688,10,302,135,2,60,2060,1,53764.00,53764.00,53764.00,0,ASSISTÊNCIA À SAÚDE,PROTEÇÃO SOCIAL DOS MILITARES
2025,1250,POLÍCIA MILITAR DO ESTADO DE MINAS GERAIS - PMMG,3,0,1251,POLÍCIA MILITAR DO ESTADO DE MINAS GERAIS - PMMG,3,3,90,49,60,2,10688,10,302,135,2,60,2060,1,32760.00,32760.00,32760.00,0,ASSISTÊNCIA À SAÚDE,PROTEÇÃO SOCIAL DOS MILITARES
2025,1250,POLÍCIA MILITAR DO ESTADO DE MINAS GERAIS - PMMG,3,0,1251,POLÍCIA MILITAR DO ESTADO DE MINAS GERAIS - PMMG,4,4,90,51,60,2,10688,10,302,135,2,60,2060,1,483000.00,483000.00,483000.00,0,ASSISTÊNCIA À SAÚDE,PROTEÇÃO SOCIAL DOS MILITARES
2025,1250,POLÍCIA MILITAR DO ESTADO DE MINAS GERAIS - PMMG,3,0,1251,POLÍCIA MILITAR DO ESTADO DE MINAS GERAIS - PMMG,4,4,90,52,60,2,10688,10,302,135,2,60,2060,1,4033011.00,4033011.00,4033011.00,0,ASSISTÊNCIA À SAÚDE,PROTEÇÃO SOCIAL DOS MILITARES
2025,1250,POLÍCIA MILITAR DO ESTADO DE MINAS GERAIS - PMMG,3,0,1251,POLÍCIA MILITAR DO ESTADO DE MINAS GERAIS - PMMG,3,1,90,11,10,1,10686,12,361,136,2,58,2058,1,20354234.00,20354234.00,20354234.00,0,ENSINO FUNDAMENTAL,EDUCAÇÃO ESCOLAR
2025,1250,POLÍCIA MILITAR DO ESTADO DE MINAS GERAIS - PMMG,3,0,1251,POLÍCIA MILITAR DO ESTADO DE MINAS GERAIS - PMMG,3,1,90,13,10,1,10686,12,361,136,2,58,2058,1,64624.00,64624.00,64624.00,0,ENSINO FUNDAMENTAL,EDUCAÇÃO ESCOLAR
2025,1250,POLÍCIA MILITAR DO ESTADO DE MINAS GERAIS - PMMG,3,0,1251,POLÍCIA MILITAR DO ESTADO DE MINAS GERAIS - PMMG,3,1,91,13,10,1,10686,12,361,136,2,58,2058,1,1853419.00,4129230.00,4129230.00,0,ENSINO FUNDAMENTAL,EDUCAÇÃO ESCOLAR
2025,1250,POLÍCIA MILITAR DO ESTADO DE MINAS GERAIS - PMMG,3,0,1251,POLÍCIA MILITAR DO ESTADO DE MINAS GERAIS - PMMG,3,3,90,30,60,1,10686,12,361,136,2,58,2058,1,645.00,645.00,645.00,0,ENSINO FUNDAMENTAL,EDUCAÇÃO ESCOLAR
2025,1250,POLÍCIA MILITAR DO ESTADO DE MINAS GERAIS - PMMG,3,0,1251,POLÍCIA MILITAR DO ESTADO DE MINAS GERAIS - PMMG,3,3,90,37,10,1,10686,12,361,136,2,58,2058,1,3446896.00,3446896.00,3446896.00,0,ENSINO FUNDAMENTAL,EDUCAÇÃO ESCOLAR
2025,1250,POLÍCIA MILITAR DO ESTADO DE MINAS GERAIS - PMMG,3,0,1251,POLÍCIA MILITAR DO ESTADO DE MINAS GERAIS - PMMG,3,3,90,39,10,1,10686,12,361,136,2,58,2058,1,1532510.00,1532510.00,1532510.00,0,ENSINO FUNDAMENTAL,EDUCAÇÃO ESCOLAR
2025,1250,POLÍCIA MILITAR DO ESTADO DE MINAS GERAIS - PMMG,3,0,1251,POLÍCIA MILITAR DO ESTADO DE MINAS GERAIS - PMMG,3,3,90,46,10,7,10686,12,361,136,2,58,2058,1,425623.00,425623.00,425623.00,0,ENSINO FUNDAMENTAL,EDUCAÇÃO ESCOLAR
2025,1250,POLÍCIA MILITAR DO ESTADO DE MINAS GERAIS - PMMG,3,0,1251,POLÍCIA MILITAR DO ESTADO DE MINAS GERAIS - PMMG,3,3,90,49,10,7,10686,12,361,136,2,58,2058,1,1308.00,1308.00,1308.00,0,ENSINO FUNDAMENTAL,EDUCAÇÃO ESCOLAR
2025,1250,POLÍCIA MILITAR DO ESTADO DE MINAS GERAIS - PMMG,3,0,1251,POLÍCIA MILITAR DO ESTADO DE MINAS GERAIS - PMMG,3,1,90,11,10,1,10687,12,362,136,2,59,2059,1,126159114.00,126159114.00,126159114.00,0,ENSINO MÉDIO,EDUCAÇÃO ESCOLAR
2025,1250,POLÍCIA MILITAR DO ESTADO DE MINAS GERAIS - PMMG,3,0,1251,POLÍCIA MILITAR DO ESTADO DE MINAS GERAIS - PMMG,3,1,90,12,10,1,10687,12,362,136,2,59,2059,1,39826153.00,39826153.00,39826153.00,0,ENSINO MÉDIO,EDUCAÇÃO ESCOLAR
2025,1250,POLÍCIA MILITAR DO ESTADO DE MINAS GERAIS - PMMG,3,0,1251,POLÍCIA MILITAR DO ESTADO DE MINAS GERAIS - PMMG,3,1,90,13,10,1,10687,12,362,136,2,59,2059,1,15061936.00,15061936.00,15061936.00,0,ENSINO MÉDIO,EDUCAÇÃO ESCOLAR
2025,1250,POLÍCIA MILITAR DO ESTADO DE MINAS GERAIS - PMMG,3,0,1251,POLÍCIA MILITAR DO ESTADO DE MINAS GERAIS - PMMG,3,1,91,13,10,1,10687,12,362,136,2,59,2059,1,12955794.00,33134648.00,33134648.00,0,ENSINO MÉDIO,EDUCAÇÃO ESCOLAR
2025,1250,POLÍCIA MILITAR DO ESTADO DE MINAS GERAIS - PMMG,3,0,1251,POLÍCIA MILITAR DO ESTADO DE MINAS GERAIS - PMMG,3,3,90,10,10,1,10687,12,362,136,2,59,2059,1,390809.00,390809.00,390809.00,0,ENSINO MÉDIO,EDUCAÇÃO ESCOLAR
2025,1250,POLÍCIA MILITAR DO ESTADO DE MINAS GERAIS - PMMG,3,0,1251,POLÍCIA MILITAR DO ESTADO DE MINAS GERAIS - PMMG,3,3,90,14,10,1,10687,12,362,136,2,59,2059,1,114379.00,114379.00,114379.00,0,ENSINO MÉDIO,EDUCAÇÃO ESCOLAR
2025,1250,POLÍCIA MILITAR DO ESTADO DE MINAS GERAIS - PMMG,3,0,1251,POLÍCIA MILITAR DO ESTADO DE MINAS GERAIS - PMMG,3,3,90,15,10,1,10687,12,362,136,2,59,2059,1,206534.00,206534.00,206534.00,0,ENSINO MÉDIO,EDUCAÇÃO ESCOLAR
2025,1250,POLÍCIA MILITAR DO ESTADO DE MINAS GERAIS - PMMG,3,0,1251,POLÍCIA MILITAR DO ESTADO DE MINAS GERAIS - PMMG,3,3,90,19,10,7,10687,12,362,136,2,59,2059,1,1365515.00,1365515.00,1365515.00,0,ENSINO MÉDIO,EDUCAÇÃO ESCOLAR
2025,1250,POLÍCIA MILITAR DO ESTADO DE MINAS GERAIS - PMMG,3,0,1251,POLÍCIA MILITAR DO ESTADO DE MINAS GERAIS - PMMG,3,3,90,39,10,1,10687,12,362,136,2,59,2059,1,646420.00,646420.00,646420.00,0,ENSINO MÉDIO,EDUCAÇÃO ESCOLAR
2025,1250,POLÍCIA MILITAR DO ESTADO DE MINAS GERAIS - PMMG,3,0,1251,POLÍCIA MILITAR DO ESTADO DE MINAS GERAIS - PMMG,3,3,90,46,10,7,10687,12,362,136,2,59,2059,1,10659229.00,10659229.00,10659229.00,0,ENSINO MÉDIO,EDUCAÇÃO ESCOLAR
2025,1250,POLÍCIA MILITAR DO ESTADO DE MINAS GERAIS - PMMG,3,0,1251,POLÍCIA MILITAR DO ESTADO DE MINAS GERAIS - PMMG,3,3,90,47,10,1,10687,12,362,136,2,59,2059,1,22714.00,22714.00,22714.00,0,ENSINO MÉDIO,EDUCAÇÃO ESCOLAR
2025,1250,POLÍCIA MILITAR DO ESTADO DE MINAS GERAIS - PMMG,3,0,1251,POLÍCIA MILITAR DO ESTADO DE MINAS GERAIS - PMMG,3,3,90,49,10,7,10687,12,362,136,2,59,2059,1,883755.00,883755.00,883755.00,0,ENSINO MÉDIO,EDUCAÇÃO ESCOLAR
2025,1250,POLÍCIA MILITAR DO ESTADO DE MINAS GERAIS - PMMG,3,0,2121,INSTITUTO DE PREVIDÊNCIA DOS SERVIDORES MILITARES DO ESTADO DE MINAS GERAIS - IPSM,3,3,90,14,60,1,9125,9,122,705,2,18,2018,1,22927.00,22930.00,22930.00,0,APOIO AO SISTEMA DE PROTEÇÃO SOCIAL DOS MILITARES DE MINAS GERAIS,APOIO ÀS POLÍTICAS PÚBLICAS
2025,1250,POLÍCIA MILITAR DO ESTADO DE MINAS GERAIS - PMMG,3,0,2121,INSTITUTO DE PREVIDÊNCIA DOS SERVIDORES MILITARES DO ESTADO DE MINAS GERAIS - IPSM,3,3,90,30,60,1,9125,9,122,705,2,18,2018,1,54798.00,54798.00,54798.00,0,APOIO AO SISTEMA DE PROTEÇÃO SOCIAL DOS MILITARES DE MINAS GERAIS,APOIO ÀS POLÍTICAS PÚBLICAS
2025,1250,POLÍCIA MILITAR DO ESTADO DE MINAS GERAIS - PMMG,3,0,2121,INSTITUTO DE PREVIDÊNCIA DOS SERVIDORES MILITARES DO ESTADO DE MINAS GERAIS - IPSM,3,3,90,31,60,1,9125,9,122,705,2,18,2018,1,1428.00,1428.00,1428.00,0,APOIO AO SISTEMA DE PROTEÇÃO SOCIAL DOS MILITARES DE MINAS GERAIS,APOIO ÀS POLÍTICAS PÚBLICAS
2025,1250,POLÍCIA MILITAR DO ESTADO DE MINAS GERAIS - PMMG,3,0,2121,INSTITUTO DE PREVIDÊNCIA DOS SERVIDORES MILITARES DO ESTADO DE MINAS GERAIS - IPSM,3,3,90,33,60,1,9125,9,122,705,2,18,2018,1,660.00,660.00,660.00,0,APOIO AO SISTEMA DE PROTEÇÃO SOCIAL DOS MILITARES DE MINAS GERAIS,APOIO ÀS POLÍTICAS PÚBLICAS
2025,1250,POLÍCIA MILITAR DO ESTADO DE MINAS GERAIS - PMMG,3,0,2121,INSTITUTO DE PREVIDÊNCIA DOS SERVIDORES MILITARES DO ESTADO DE MINAS GERAIS - IPSM,3,3,90,35,60,1,9125,9,122,705,2,18,2018,1,55346.00,55346.00,55346.00,0,APOIO AO SISTEMA DE PROTEÇÃO SOCIAL DOS MILITARES DE MINAS GERAIS,APOIO ÀS POLÍTICAS PÚBLICAS
2025,1250,POLÍCIA MILITAR DO ESTADO DE MINAS GERAIS - PMMG,3,0,2121,INSTITUTO DE PREVIDÊNCIA DOS SERVIDORES MILITARES DO ESTADO DE MINAS GERAIS - IPSM,3,3,90,36,60,1,9125,9,122,705,2,18,2018,1,18890.00,18890.00,18890.00,0,APOIO AO SISTEMA DE PROTEÇÃO SOCIAL DOS MILITARES DE MINAS GERAIS,APOIO ÀS POLÍTICAS PÚBLICAS
2025,1250,POLÍCIA MILITAR DO ESTADO DE MINAS GERAIS - PMMG,3,0,2121,INSTITUTO DE PREVIDÊNCIA DOS SERVIDORES MILITARES DO ESTADO DE MINAS GERAIS - IPSM,3,3,90,37,60,1,9125,9,122,705,2,18,2018,1,1941289.00,1941289.00,1941289.00,0,APOIO AO SISTEMA DE PROTEÇÃO SOCIAL DOS MILITARES DE MINAS GERAIS,APOIO ÀS POLÍTICAS PÚBLICAS
2025,1250,POLÍCIA MILITAR DO ESTADO DE MINAS GERAIS - PMMG,3,0,2121,INSTITUTO DE PREVIDÊNCIA DOS SERVIDORES MILITARES DO ESTADO DE MINAS GERAIS - IPSM,3,3,90,39,60,1,9125,9,122,705,2,18,2018,1,513172.00,513172.00,513172.00,0,APOIO AO SISTEMA DE PROTEÇÃO SOCIAL DOS MILITARES DE MINAS GERAIS,APOIO ÀS POLÍTICAS PÚBLICAS
2025,1250,POLÍCIA MILITAR DO ESTADO DE MINAS GERAIS - PMMG,3,0,2121,INSTITUTO DE PREVIDÊNCIA DOS SERVIDORES MILITARES DO ESTADO DE MINAS GERAIS - IPSM,3,3,90,40,60,1,9125,9,122,705,2,18,2018,1,3205130.00,3205130.00,3205130.00,0,APOIO AO SISTEMA DE PROTEÇÃO SOCIAL DOS MILITARES DE MINAS GERAIS,APOIO ÀS POLÍTICAS PÚBLICAS
2025,1250,POLÍCIA MILITAR DO ESTADO DE MINAS GERAIS - PMMG,3,0,2121,INSTITUTO DE PREVIDÊNCIA DOS SERVIDORES MILITARES DO ESTADO DE MINAS GERAIS - IPSM,3,3,90,47,60,1,9125,9,122,705,2,18,2018,1,181645.00,181645.00,181645.00,0,APOIO AO SISTEMA DE PROTEÇÃO SOCIAL DOS MILITARES DE MINAS GERAIS,APOIO ÀS POLÍTICAS PÚBLICAS
2025,1250,POLÍCIA MILITAR DO ESTADO DE MINAS GERAIS - PMMG,3,0,2121,INSTITUTO DE PREVIDÊNCIA DOS SERVIDORES MILITARES DO ESTADO DE MINAS GERAIS - IPSM,3,3,90,49,60,1,9125,9,122,705,2,18,2018,1,42977.00,42977.00,42977.00,0,APOIO AO SISTEMA DE PROTEÇÃO SOCIAL DOS MILITARES DE MINAS GERAIS,APOIO ÀS POLÍTICAS PÚBLICAS
2025,1250,POLÍCIA MILITAR DO ESTADO DE MINAS GERAIS - PMMG,3,0,2121,INSTITUTO DE PREVIDÊNCIA DOS SERVIDORES MILITARES DO ESTADO DE MINAS GERAIS - IPSM,3,3,90,93,60,1,9125,9,122,705,2,18,2018,1,702.00,702.00,702.00,0,APOIO AO SISTEMA DE PROTEÇÃO SOCIAL DOS MILITARES DE MINAS GERAIS,APOIO ÀS POLÍTICAS PÚBLICAS
2025,1250,POLÍCIA MILITAR DO ESTADO DE MINAS GERAIS - PMMG,3,0,2121,INSTITUTO DE PREVIDÊNCIA DOS SERVIDORES MILITARES DO ESTADO DE MINAS GERAIS - IPSM,4,4,90,40,50,1,9125,9,122,705,2,18,2018,1,61978.00,61978.00,61978.00,0,APOIO AO SISTEMA DE PROTEÇÃO SOCIAL DOS MILITARES DE MINAS GERAIS,APOIO ÀS POLÍTICAS PÚBLICAS
2025,1250,POLÍCIA MILITAR DO ESTADO DE MINAS GERAIS - PMMG,3,0,2121,INSTITUTO DE PREVIDÊNCIA DOS SERVIDORES MILITARES DO ESTADO DE MINAS GERAIS - IPSM,3,1,90,11,50,1,11102,9,122,705,2,417,2417,1,7911336.00,7911336.00,7911336.00,0,REMUNERAÇÃO DE PESSOAL ATIVO E ENCARGOS SOCIAIS,APOIO ÀS POLÍTICAS PÚBLICAS
2025,1250,POLÍCIA MILITAR DO ESTADO DE MINAS GERAIS - PMMG,3,0,2121,INSTITUTO DE PREVIDÊNCIA DOS SERVIDORES MILITARES DO ESTADO DE MINAS GERAIS - IPSM,3,1,90,11,57,2,11102,9,122,705,2,417,2417,1,110652.00,110652.00,110652.00,0,REMUNERAÇÃO DE PESSOAL ATIVO E ENCARGOS SOCIAIS,APOIO ÀS POLÍTICAS PÚBLICAS
2025,1250,POLÍCIA MILITAR DO ESTADO DE MINAS GERAIS - PMMG,3,0,2121,INSTITUTO DE PREVIDÊNCIA DOS SERVIDORES MILITARES DO ESTADO DE MINAS GERAIS - IPSM,3,1,91,13,50,1,11102,9,122,705,2,417,2417,1,2230289.00,2230289.00,2230289.00,0,REMUNERAÇÃO DE PESSOAL ATIVO E ENCARGOS SOCIAIS,APOIO ÀS POLÍTICAS PÚBLICAS
2025,1250,POLÍCIA MILITAR DO ESTADO DE MINAS GERAIS - PMMG,3,0,2121,INSTITUTO DE PREVIDÊNCIA DOS SERVIDORES MILITARES DO ESTADO DE MINAS GERAIS - IPSM,3,3,90,36,60,1,11102,9,122,705,2,417,2417,1,279703.00,279703.00,279703.00,0,REMUNERAÇÃO DE PESSOAL ATIVO E ENCARGOS SOCIAIS,APOIO ÀS POLÍTICAS PÚBLICAS
2025,1250,POLÍCIA MILITAR DO ESTADO DE MINAS GERAIS - PMMG,3,0,2121,INSTITUTO DE PREVIDÊNCIA DOS SERVIDORES MILITARES DO ESTADO DE MINAS GERAIS - IPSM,3,3,90,46,50,7,11102,9,122,705,2,417,2417,1,2735327.00,2735327.00,2735327.00,0,REMUNERAÇÃO DE PESSOAL ATIVO E ENCARGOS SOCIAIS,APOIO ÀS POLÍTICAS PÚBLICAS
2025,1250,POLÍCIA MILITAR DO ESTADO DE MINAS GERAIS - PMMG,3,0,2121,INSTITUTO DE PREVIDÊNCIA DOS SERVIDORES MILITARES DO ESTADO DE MINAS GERAIS - IPSM,3,3,90,49,50,7,11102,9,122,705,2,417,2417,1,84598.00,84598.00,84598.00,0,REMUNERAÇÃO DE PESSOAL ATIVO E ENCARGOS SOCIAIS,APOIO ÀS POLÍTICAS PÚBLICAS
2025,1250,POLÍCIA MILITAR DO ESTADO DE MINAS GERAIS - PMMG,3,0,2121,INSTITUTO DE PREVIDÊNCIA DOS SERVIDORES MILITARES DO ESTADO DE MINAS GERAIS - IPSM,3,1,90,11,50,1,10223,9,272,8,4,10,4010,1,332335.00,332335.00,332335.00,0,AUXÍLIOS PREVIDENCIÁRIOS E ASSISTENCIAIS CONCEDIDOS AOS SEGURADOS E AOS SEUS DEPENDENTES,PRESTAÇÃO DE SERVIÇOS PREVIDENCIÁRIOS
2025,1250,POLÍCIA MILITAR DO ESTADO DE MINAS GERAIS - PMMG,3,0,2121,INSTITUTO DE PREVIDÊNCIA DOS SERVIDORES MILITARES DO ESTADO DE MINAS GERAIS - IPSM,3,1,91,13,50,1,10223,9,272,8,4,10,4010,1,99015.00,99015.00,99015.00,0,AUXÍLIOS PREVIDENCIÁRIOS E ASSISTENCIAIS CONCEDIDOS AOS SEGURADOS E AOS SEUS DEPENDENTES,PRESTAÇÃO DE SERVIÇOS PREVIDENCIÁRIOS
2025,1250,POLÍCIA MILITAR DO ESTADO DE MINAS GERAIS - PMMG,3,0,2121,INSTITUTO DE PREVIDÊNCIA DOS SERVIDORES MILITARES DO ESTADO DE MINAS GERAIS - IPSM,3,3,90,8,60,1,10223,9,272,8,4,10,4010,1,32285320.00,32285320.00,32285320.00,0,AUXÍLIOS PREVIDENCIÁRIOS E ASSISTENCIAIS CONCEDIDOS AOS SEGURADOS E AOS SEUS DEPENDENTES,PRESTAÇÃO DE SERVIÇOS PREVIDENCIÁRIOS
2025,1250,POLÍCIA MILITAR DO ESTADO DE MINAS GERAIS - PMMG,3,0,2121,INSTITUTO DE PREVIDÊNCIA DOS SERVIDORES MILITARES DO ESTADO DE MINAS GERAIS - IPSM,3,3,90,46,50,7,10223,9,272,8,4,10,4010,1,89562.00,89562.00,89562.00,0,AUXÍLIOS PREVIDENCIÁRIOS E ASSISTENCIAIS CONCEDIDOS AOS SEGURADOS E AOS SEUS DEPENDENTES,PRESTAÇÃO DE SERVIÇOS PREVIDENCIÁRIOS
2025,1250,POLÍCIA MILITAR DO ESTADO DE MINAS GERAIS - PMMG,3,0,2121,INSTITUTO DE PREVIDÊNCIA DOS SERVIDORES MILITARES DO ESTADO DE MINAS GERAIS - IPSM,3,3,90,49,50,7,10223,9,272,8,4,10,4010,1,4714.00,4714.00,4714.00,0,AUXÍLIOS PREVIDENCIÁRIOS E ASSISTENCIAIS CONCEDIDOS AOS SEGURADOS E AOS SEUS DEPENDENTES,PRESTAÇÃO DE SERVIÇOS PREVIDENCIÁRIOS
2025,1250,POLÍCIA MILITAR DO ESTADO DE MINAS GERAIS - PMMG,3,0,2121,INSTITUTO DE PREVIDÊNCIA DOS SERVIDORES MILITARES DO ESTADO DE MINAS GERAIS - IPSM,3,1,90,11,50,1,10224,9,272,8,4,11,4011,1,223096.00,223096.00,223096.00,0,AUXÍLIO RECLUSÃO CONCEDIDO AOS DEPENDENTES DO SEGURADO,PRESTAÇÃO DE SERVIÇOS PREVIDENCIÁRIOS
2025,1250,POLÍCIA MILITAR DO ESTADO DE MINAS GERAIS - PMMG,3,0,2121,INSTITUTO DE PREVIDÊNCIA DOS SERVIDORES MILITARES DO ESTADO DE MINAS GERAIS - IPSM,3,1,91,13,50,1,10224,9,272,8,4,11,4011,1,98343.00,98343.00,98343.00,0,AUXÍLIO RECLUSÃO CONCEDIDO AOS DEPENDENTES DO SEGURADO,PRESTAÇÃO DE SERVIÇOS PREVIDENCIÁRIOS
2025,1250,POLÍCIA MILITAR DO ESTADO DE MINAS GERAIS - PMMG,3,0,2121,INSTITUTO DE PREVIDÊNCIA DOS SERVIDORES MILITARES DO ESTADO DE MINAS GERAIS - IPSM,3,3,90,8,60,1,10224,9,272,8,4,11,4011,1,1127354.00,1127354.00,1127354.00,0,AUXÍLIO RECLUSÃO CONCEDIDO AOS DEPENDENTES DO SEGURADO,PRESTAÇÃO DE SERVIÇOS PREVIDENCIÁRIOS
2025,1250,POLÍCIA MILITAR DO ESTADO DE MINAS GERAIS - PMMG,3,0,2121,INSTITUTO DE PREVIDÊNCIA DOS SERVIDORES MILITARES DO ESTADO DE MINAS GERAIS - IPSM,3,3,90,46,50,7,10224,9,272,8,4,11,4011,1,115946.00,115946.00,115946.00,0,AUXÍLIO RECLUSÃO CONCEDIDO AOS DEPENDENTES DO SEGURADO,PRESTAÇÃO DE SERVIÇOS PREVIDENCIÁRIOS
2025,1250,POLÍCIA MILITAR DO ESTADO DE MINAS GERAIS - PMMG,3,0,2121,INSTITUTO DE PREVIDÊNCIA DOS SERVIDORES MILITARES DO ESTADO DE MINAS GERAIS - IPSM,3,3,90,49,50,7,10224,9,272,8,4,11,4011,1,583.00,583.00,583.00,0,AUXÍLIO RECLUSÃO CONCEDIDO AOS DEPENDENTES DO SEGURADO,PRESTAÇÃO DE SERVIÇOS PREVIDENCIÁRIOS
2025,1250,POLÍCIA MILITAR DO ESTADO DE MINAS GERAIS - PMMG,3,0,2121,INSTITUTO DE PREVIDÊNCIA DOS SERVIDORES MILITARES DO ESTADO DE MINAS GERAIS - IPSM,3,1,90,3,49,1,9071,9,272,705,7,2,7002,1,1307526464.00,1307526464.00,1307526464.00,0,ENCARGOS COM PENSIONISTAS,APOIO ÀS POLÍTICAS PÚBLICAS
2025,1250,POLÍCIA MILITAR DO ESTADO DE MINAS GERAIS - PMMG,3,0,2121,INSTITUTO DE PREVIDÊNCIA DOS SERVIDORES MILITARES DO ESTADO DE MINAS GERAIS - IPSM,3,1,90,3,50,1,9071,9,272,705,7,2,7002,1,943269412.00,943269412.00,943269412.00,0,ENCARGOS COM PENSIONISTAS,APOIO ÀS POLÍTICAS PÚBLICAS
2025,1250,POLÍCIA MILITAR DO ESTADO DE MINAS GERAIS - PMMG,3,0,2121,INSTITUTO DE PREVIDÊNCIA DOS SERVIDORES MILITARES DO ESTADO DE MINAS GERAIS - IPSM,3,3,90,14,60,1,9120,10,122,705,2,17,2017,1,68795.00,68792.00,68792.00,0,APOIO A POLÍTICA DE SAÚDE PARA OS MILITARES,APOIO ÀS POLÍTICAS PÚBLICAS
2025,1250,POLÍCIA MILITAR DO ESTADO DE MINAS GERAIS - PMMG,3,0,2121,INSTITUTO DE PREVIDÊNCIA DOS SERVIDORES MILITARES DO ESTADO DE MINAS GERAIS - IPSM,3,3,90,30,60,1,9120,10,122,705,2,17,2017,1,501661.00,501661.00,501661.00,0,APOIO A POLÍTICA DE SAÚDE PARA OS MILITARES,APOIO ÀS POLÍTICAS PÚBLICAS
2025,1250,POLÍCIA MILITAR DO ESTADO DE MINAS GERAIS - PMMG,3,0,2121,INSTITUTO DE PREVIDÊNCIA DOS SERVIDORES MILITARES DO ESTADO DE MINAS GERAIS - IPSM,3,3,90,31,60,1,9120,10,122,705,2,17,2017,1,4284.00,4284.00,4284.00,0,APOIO A POLÍTICA DE SAÚDE PARA OS MILITARES,APOIO ÀS POLÍTICAS PÚBLICAS
2025,1250,POLÍCIA MILITAR DO ESTADO DE MINAS GERAIS - PMMG,3,0,2121,INSTITUTO DE PREVIDÊNCIA DOS SERVIDORES MILITARES DO ESTADO DE MINAS GERAIS - IPSM,3,3,90,33,60,1,9120,10,122,705,2,17,2017,1,1980.00,1980.00,1980.00,0,APOIO A POLÍTICA DE SAÚDE PARA OS MILITARES,APOIO ÀS POLÍTICAS PÚBLICAS
2025,1250,POLÍCIA MILITAR DO ESTADO DE MINAS GERAIS - PMMG,3,0,2121,INSTITUTO DE PREVIDÊNCIA DOS SERVIDORES MILITARES DO ESTADO DE MINAS GERAIS - IPSM,3,3,90,35,60,1,9120,10,122,705,2,17,2017,1,166039.00,166039.00,166039.00,0,APOIO A POLÍTICA DE SAÚDE PARA OS MILITARES,APOIO ÀS POLÍTICAS PÚBLICAS
2025,1250,POLÍCIA MILITAR DO ESTADO DE MINAS GERAIS - PMMG,3,0,2121,INSTITUTO DE PREVIDÊNCIA DOS SERVIDORES MILITARES DO ESTADO DE MINAS GERAIS - IPSM,3,3,90,36,60,1,9120,10,122,705,2,17,2017,1,14624.00,14624.00,14624.00,0,APOIO A POLÍTICA DE SAÚDE PARA OS MILITARES,APOIO ÀS POLÍTICAS PÚBLICAS
2025,1250,POLÍCIA MILITAR DO ESTADO DE MINAS GERAIS - PMMG,3,0,2121,INSTITUTO DE PREVIDÊNCIA DOS SERVIDORES MILITARES DO ESTADO DE MINAS GERAIS - IPSM,3,3,90,37,60,1,9120,10,122,705,2,17,2017,1,40743640.00,40743640.00,40743640.00,0,APOIO A POLÍTICA DE SAÚDE PARA OS MILITARES,APOIO ÀS POLÍTICAS PÚBLICAS
2025,1250,POLÍCIA MILITAR DO ESTADO DE MINAS GERAIS - PMMG,3,0,2121,INSTITUTO DE PREVIDÊNCIA DOS SERVIDORES MILITARES DO ESTADO DE MINAS GERAIS - IPSM,3,3,90,39,60,1,9120,10,122,705,2,17,2017,1,2101530.00,2101530.00,2101530.00,0,APOIO A POLÍTICA DE SAÚDE PARA OS MILITARES,APOIO ÀS POLÍTICAS PÚBLICAS
2025,1250,POLÍCIA MILITAR DO ESTADO DE MINAS GERAIS - PMMG,3,0,2121,INSTITUTO DE PREVIDÊNCIA DOS SERVIDORES MILITARES DO ESTADO DE MINAS GERAIS - IPSM,3,3,90,40,60,1,9120,10,122,705,2,17,2017,1,10687289.00,10687289.00,10687289.00,0,APOIO A POLÍTICA DE SAÚDE PARA OS MILITARES,APOIO ÀS POLÍTICAS PÚBLICAS
2025,1250,POLÍCIA MILITAR DO ESTADO DE MINAS GERAIS - PMMG,3,0,2121,INSTITUTO DE PREVIDÊNCIA DOS SERVIDORES MILITARES DO ESTADO DE MINAS GERAIS - IPSM,3,3,90,47,60,1,9120,10,122,705,2,17,2017,1,95177.00,95177.00,95177.00,0,APOIO A POLÍTICA DE SAÚDE PARA OS MILITARES,APOIO ÀS POLÍTICAS PÚBLICAS
2025,1250,POLÍCIA MILITAR DO ESTADO DE MINAS GERAIS - PMMG,3,0,2121,INSTITUTO DE PREVIDÊNCIA DOS SERVIDORES MILITARES DO ESTADO DE MINAS GERAIS - IPSM,3,3,90,49,60,1,9120,10,122,705,2,17,2017,1,128930.00,128930.00,128930.00,0,APOIO A POLÍTICA DE SAÚDE PARA OS MILITARES,APOIO ÀS POLÍTICAS PÚBLICAS
2025,1250,POLÍCIA MILITAR DO ESTADO DE MINAS GERAIS - PMMG,3,0,2121,INSTITUTO DE PREVIDÊNCIA DOS SERVIDORES MILITARES DO ESTADO DE MINAS GERAIS - IPSM,3,3,90,93,60,1,9120,10,122,705,2,17,2017,1,2105.00,2105.00,2105.00,0,APOIO A POLÍTICA DE SAÚDE PARA OS MILITARES,APOIO ÀS POLÍTICAS PÚBLICAS
2025,1250,POLÍCIA MILITAR DO ESTADO DE MINAS GERAIS - PMMG,3,0,2121,INSTITUTO DE PREVIDÊNCIA DOS SERVIDORES MILITARES DO ESTADO DE MINAS GERAIS - IPSM,4,4,90,40,49,1,9120,10,122,705,2,17,2017,1,185933.00,185933.00,185933.00,0,APOIO A POLÍTICA DE SAÚDE PARA OS MILITARES,APOIO ÀS POLÍTICAS PÚBLICAS
2025,1250,POLÍCIA MILITAR DO ESTADO DE MINAS GERAIS - PMMG,3,0,2121,INSTITUTO DE PREVIDÊNCIA DOS SERVIDORES MILITARES DO ESTADO DE MINAS GERAIS - IPSM,4,4,90,52,47,1,9120,10,122,705,2,17,2017,1,8000.00,8000.00,8000.00,0,APOIO A POLÍTICA DE SAÚDE PARA OS MILITARES,APOIO ÀS POLÍTICAS PÚBLICAS
2025,1250,POLÍCIA MILITAR DO ESTADO DE MINAS GERAIS - PMMG,3,0,2121,INSTITUTO DE PREVIDÊNCIA DOS SERVIDORES MILITARES DO ESTADO DE MINAS GERAIS - IPSM,3,3,90,30,49,1,10221,10,302,6,4,8,4008,1,4386702.00,4386702.00,4386702.00,0,ASSISTÊNCIA À SAÚDE DOS SEGURADOS E DE SEUS DEPENDENTES,ASSISTÊNCIA À SAÚDE DOS SEGURADOS E DOS SEUS DEPENDENTES
2025,1250,POLÍCIA MILITAR DO ESTADO DE MINAS GERAIS - PMMG,3,0,2121,INSTITUTO DE PREVIDÊNCIA DOS SERVIDORES MILITARES DO ESTADO DE MINAS GERAIS - IPSM,3,3,90,33,49,1,10221,10,302,6,4,8,4008,1,3125305.00,3125305.00,3125305.00,0,ASSISTÊNCIA À SAÚDE DOS SEGURADOS E DE SEUS DEPENDENTES,ASSISTÊNCIA À SAÚDE DOS SEGURADOS E DOS SEUS DEPENDENTES
2025,1250,POLÍCIA MILITAR DO ESTADO DE MINAS GERAIS - PMMG,3,0,2121,INSTITUTO DE PREVIDÊNCIA DOS SERVIDORES MILITARES DO ESTADO DE MINAS GERAIS - IPSM,3,3,90,36,49,1,10221,10,302,6,4,8,4008,1,20670320.00,20670320.00,20670320.00,0,ASSISTÊNCIA À SAÚDE DOS SEGURADOS E DE SEUS DEPENDENTES,ASSISTÊNCIA À SAÚDE DOS SEGURADOS E DOS SEUS DEPENDENTES
2025,1250,POLÍCIA MILITAR DO ESTADO DE MINAS GERAIS - PMMG,3,0,2121,INSTITUTO DE PREVIDÊNCIA DOS SERVIDORES MILITARES DO ESTADO DE MINAS GERAIS - IPSM,3,3,90,37,49,1,10221,10,302,6,4,8,4008,1,14994080.00,14994080.00,14994080.00,0,ASSISTÊNCIA À SAÚDE DOS SEGURADOS E DE SEUS DEPENDENTES,ASSISTÊNCIA À SAÚDE DOS SEGURADOS E DOS SEUS DEPENDENTES
2025,1250,POLÍCIA MILITAR DO ESTADO DE MINAS GERAIS - PMMG,3,0,2121,INSTITUTO DE PREVIDÊNCIA DOS SERVIDORES MILITARES DO ESTADO DE MINAS GERAIS - IPSM,3,3,90,39,49,1,10221,10,302,6,4,8,4008,1,775787624.00,775787624.00,775787624.00,0,ASSISTÊNCIA À SAÚDE DOS SEGURADOS E DE SEUS DEPENDENTES,ASSISTÊNCIA À SAÚDE DOS SEGURADOS E DOS SEUS DEPENDENTES
2025,1250,POLÍCIA MILITAR DO ESTADO DE MINAS GERAIS - PMMG,3,0,2121,INSTITUTO DE PREVIDÊNCIA DOS SERVIDORES MILITARES DO ESTADO DE MINAS GERAIS - IPSM,3,3,90,40,49,1,10221,10,302,6,4,8,4008,1,23565.00,23565.00,23565.00,0,ASSISTÊNCIA À SAÚDE DOS SEGURADOS E DE SEUS DEPENDENTES,ASSISTÊNCIA À SAÚDE DOS SEGURADOS E DOS SEUS DEPENDENTES
2025,1250,POLÍCIA MILITAR DO ESTADO DE MINAS GERAIS - PMMG,3,0,2121,INSTITUTO DE PREVIDÊNCIA DOS SERVIDORES MILITARES DO ESTADO DE MINAS GERAIS - IPSM,3,3,90,93,49,1,10221,10,302,6,4,8,4008,1,5527910.00,5527910.00,5527910.00,0,ASSISTÊNCIA À SAÚDE DOS SEGURADOS E DE SEUS DEPENDENTES,ASSISTÊNCIA À SAÚDE DOS SEGURADOS E DOS SEUS DEPENDENTES
2025,1250,POLÍCIA MILITAR DO ESTADO DE MINAS GERAIS - PMMG,3,0,2121,INSTITUTO DE PREVIDÊNCIA DOS SERVIDORES MILITARES DO ESTADO DE MINAS GERAIS - IPSM,4,4,90,40,49,1,10221,10,302,6,4,8,4008,1,7674.00,7674.00,7674.00,0,ASSISTÊNCIA À SAÚDE DOS SEGURADOS E DE SEUS DEPENDENTES,ASSISTÊNCIA À SAÚDE DOS SEGURADOS E DOS SEUS DEPENDENTES
2025,1250,POLÍCIA MILITAR DO ESTADO DE MINAS GERAIS - PMMG,3,0,2121,INSTITUTO DE PREVIDÊNCIA DOS SERVIDORES MILITARES DO ESTADO DE MINAS GERAIS - IPSM,3,3,90,36,49,1,10222,10,302,6,4,9,4009,1,3617244.00,3617244.00,3617244.00,0,ASSITÊNCIA ODONTOLÓGICA AOS SEGURADOS MILITARES E A SEUS DEPENDENTES,ASSISTÊNCIA À SAÚDE DOS SEGURADOS E DOS SEUS DEPENDENTES
2025,1250,POLÍCIA MILITAR DO ESTADO DE MINAS GERAIS - PMMG,3,0,2121,INSTITUTO DE PREVIDÊNCIA DOS SERVIDORES MILITARES DO ESTADO DE MINAS GERAIS - IPSM,3,3,90,37,49,1,10222,10,302,6,4,9,4009,1,2998816.00,2998816.00,2998816.00,0,ASSITÊNCIA ODONTOLÓGICA AOS SEGURADOS MILITARES E A SEUS DEPENDENTES,ASSISTÊNCIA À SAÚDE DOS SEGURADOS E DOS SEUS DEPENDENTES
2025,1250,POLÍCIA MILITAR DO ESTADO DE MINAS GERAIS - PMMG,3,0,2121,INSTITUTO DE PREVIDÊNCIA DOS SERVIDORES MILITARES DO ESTADO DE MINAS GERAIS - IPSM,3,3,90,39,49,1,10222,10,302,6,4,9,4009,1,41205275.00,41205275.00,41205275.00,0,ASSITÊNCIA ODONTOLÓGICA AOS SEGURADOS MILITARES E A SEUS DEPENDENTES,ASSISTÊNCIA À SAÚDE DOS SEGURADOS E DOS SEUS DEPENDENTES
2025,1250,POLÍCIA MILITAR DO ESTADO DE MINAS GERAIS - PMMG,3,0,2121,INSTITUTO DE PREVIDÊNCIA DOS SERVIDORES MILITARES DO ESTADO DE MINAS GERAIS - IPSM,3,3,90,39,50,1,10222,10,302,6,4,9,4009,1,3046600.00,3046600.00,3046600.00,0,ASSITÊNCIA ODONTOLÓGICA AOS SEGURADOS MILITARES E A SEUS DEPENDENTES,ASSISTÊNCIA À SAÚDE DOS SEGURADOS E DOS SEUS DEPENDENTES
2025,1250,POLÍCIA MILITAR DO ESTADO DE MINAS GERAIS - PMMG,3,0,2121,INSTITUTO DE PREVIDÊNCIA DOS SERVIDORES MILITARES DO ESTADO DE MINAS GERAIS - IPSM,3,3,90,39,60,1,10222,10,302,6,4,9,4009,1,2511613.00,2511613.00,2511613.00,0,ASSITÊNCIA ODONTOLÓGICA AOS SEGURADOS MILITARES E A SEUS DEPENDENTES,ASSISTÊNCIA À SAÚDE DOS SEGURADOS E DOS SEUS DEPENDENTES
2025,1250,POLÍCIA MILITAR DO ESTADO DE MINAS GERAIS - PMMG,3,0,2121,INSTITUTO DE PREVIDÊNCIA DOS SERVIDORES MILITARES DO ESTADO DE MINAS GERAIS - IPSM,3,3,90,40,49,1,10222,10,302,6,4,9,4009,1,7855.00,7855.00,7855.00,0,ASSITÊNCIA ODONTOLÓGICA AOS SEGURADOS MILITARES E A SEUS DEPENDENTES,ASSISTÊNCIA À SAÚDE DOS SEGURADOS E DOS SEUS DEPENDENTES
2025,1250,POLÍCIA MILITAR DO ESTADO DE MINAS GERAIS - PMMG,3,0,2121,INSTITUTO DE PREVIDÊNCIA DOS SERVIDORES MILITARES DO ESTADO DE MINAS GERAIS - IPSM,3,3,90,93,49,1,10222,10,302,6,4,9,4009,1,38867.00,38867.00,38867.00,0,ASSITÊNCIA ODONTOLÓGICA AOS SEGURADOS MILITARES E A SEUS DEPENDENTES,ASSISTÊNCIA À SAÚDE DOS SEGURADOS E DOS SEUS DEPENDENTES
2025,1250,POLÍCIA MILITAR DO ESTADO DE MINAS GERAIS - PMMG,3,0,2121,INSTITUTO DE PREVIDÊNCIA DOS SERVIDORES MILITARES DO ESTADO DE MINAS GERAIS - IPSM,3,1,90,91,49,9,45,28,846,705,7,4,7004,1,16626371.00,16626371.00,16626371.00,0,PRECATÓRIOS E SENTENÇAS JUDICIÁRIAS,APOIO ÀS POLÍTICAS PÚBLICAS
2025,1250,POLÍCIA MILITAR DO ESTADO DE MINAS GERAIS - PMMG,3,0,2121,INSTITUTO DE PREVIDÊNCIA DOS SERVIDORES MILITARES DO ESTADO DE MINAS GERAIS - IPSM,3,3,90,91,49,9,45,28,846,705,7,4,7004,1,355705.00,355705.00,355705.00,0,PRECATÓRIOS E SENTENÇAS JUDICIÁRIAS,APOIO ÀS POLÍTICAS PÚBLICAS
2025,1250,POLÍCIA MILITAR DO ESTADO DE MINAS GERAIS - PMMG,3,0,4541,FUNDO DE APOIO HABITACIONAL AOS MILITARES DO ESTADO DE MINAS GERAIS - FAHMEMG,3,3,90,39,60,1,10663,16,482,9,4,349,4349,1,244975.00,244975.00,244975.00,0,FINANCIAMENTO HABITACIONAL AOS SERVIDORES MILITARES,PROGRAMA DE APOIO HABITACIONAL AOS MILITARES DO ESTADO DE MINAS GERAIS
2025,1250,POLÍCIA MILITAR DO ESTADO DE MINAS GERAIS - PMMG,3,0,4541,FUNDO DE APOIO HABITACIONAL AOS MILITARES DO ESTADO DE MINAS GERAIS - FAHMEMG,3,3,90,40,60,1,10663,16,482,9,4,349,4349,1,209888.00,209888.00,209888.00,0,FINANCIAMENTO HABITACIONAL AOS SERVIDORES MILITARES,PROGRAMA DE APOIO HABITACIONAL AOS MILITARES DO ESTADO DE MINAS GERAIS
2025,1260,SECRETARIA DE ESTADO DE EDUCAÇÃO - SEE,3,0,1261,SECRETARIA DE ESTADO DE EDUCAÇÃO - SEE,3,3,50,43,21,1,10920,12,306,163,2,101,2101,1,449600000.00,449600000.00,449600000.00,0,PROGRAMA ESTADUAL DE ALIMENTAÇÃO ESCOLAR - PEAE,ALIMENTAÇÃO ESCOLAR
2025,1260,SECRETARIA DE ESTADO DE EDUCAÇÃO - SEE,3,0,1261,SECRETARIA DE ESTADO DE EDUCAÇÃO - SEE,3,3,90,39,21,1,10920,12,306,163,2,101,2101,1,50400000.00,50400000.00,50400000.00,0,PROGRAMA ESTADUAL DE ALIMENTAÇÃO ESCOLAR - PEAE,ALIMENTAÇÃO ESCOLAR
2025,1260,SECRETARIA DE ESTADO DE EDUCAÇÃO - SEE,3,0,1261,SECRETARIA DE ESTADO DE EDUCAÇÃO - SEE,3,3,50,43,36,1,10921,12,306,163,2,102,2102,1,245664581.00,245664581.00,245664581.00,0,PROGRAMA NACIONAL DE ALIMENTAÇÃO ESCOLAR - PNAE,ALIMENTAÇÃO ESCOLAR
2025,1260,SECRETARIA DE ESTADO DE EDUCAÇÃO - SEE,3,0,1261,SECRETARIA DE ESTADO DE EDUCAÇÃO - SEE,3,1,90,11,10,1,10894,12,361,162,2,80,2080,1,2854931.00,2854931.00,2854931.00,0,EDUCAÇÃO INTEGRAL - ENSINO FUNDAMENTAL,PROGRAMA DE DESENVOLVIMENTO E GESTÃO DE PESSOAS DA REDE ESTADUAL DE ENSINO
2025,1260,SECRETARIA DE ESTADO DE EDUCAÇÃO - SEE,3,0,1261,SECRETARIA DE ESTADO DE EDUCAÇÃO - SEE,3,1,90,11,23,1,10894,12,361,162,2,80,2080,1,69157586.00,69157586.00,69157586.00,0,EDUCAÇÃO INTEGRAL - ENSINO FUNDAMENTAL,PROGRAMA DE DESENVOLVIMENTO E GESTÃO DE PESSOAS DA REDE ESTADUAL DE ENSINO
2025,1260,SECRETARIA DE ESTADO DE EDUCAÇÃO - SEE,3,0,1261,SECRETARIA DE ESTADO DE EDUCAÇÃO - SEE,3,1,91,13,23,1,10894,12,361,162,2,80,2080,1,7858474.00,7858474.00,7858474.00,0,EDUCAÇÃO INTEGRAL - ENSINO FUNDAMENTAL,PROGRAMA DE DESENVOLVIMENTO E GESTÃO DE PESSOAS DA REDE ESTADUAL DE ENSINO
2025,1260,SECRETARIA DE ESTADO DE EDUCAÇÃO - SEE,3,0,1261,SECRETARIA DE ESTADO DE EDUCAÇÃO - SEE,3,3,90,46,23,7,10894,12,361,162,2,80,2080,1,198753.00,198753.00,198753.00,0,EDUCAÇÃO INTEGRAL - ENSINO FUNDAMENTAL,PROGRAMA DE DESENVOLVIMENTO E GESTÃO DE PESSOAS DA REDE ESTADUAL DE ENSINO
2025,1260,SECRETARIA DE ESTADO DE EDUCAÇÃO - SEE,3,0,1261,SECRETARIA DE ESTADO DE EDUCAÇÃO - SEE,3,3,90,49,10,7,10894,12,361,162,2,80,2080,1,1000.00,1000.00,1000.00,0,EDUCAÇÃO INTEGRAL - ENSINO FUNDAMENTAL,PROGRAMA DE DESENVOLVIMENTO E GESTÃO DE PESSOAS DA REDE ESTADUAL DE ENSINO
2025,1260,SECRETARIA DE ESTADO DE EDUCAÇÃO - SEE,3,0,1261,SECRETARIA DE ESTADO DE EDUCAÇÃO - SEE,3,3,90,49,23,7,10894,12,361,162,2,80,2080,1,795012.00,795012.00,795012.00,0,EDUCAÇÃO INTEGRAL - ENSINO FUNDAMENTAL,PROGRAMA DE DESENVOLVIMENTO E GESTÃO DE PESSOAS DA REDE ESTADUAL DE ENSINO
2025,1260,SECRETARIA DE ESTADO DE EDUCAÇÃO - SEE,3,0,1261,SECRETARIA DE ESTADO DE EDUCAÇÃO - SEE,3,1,90,11,10,1,10895,12,361,162,2,81,2081,1,37668552.00,37668552.00,37668552.00,0,ENSINO FUNDAMENTAL - APOIO ADMINISTRATIVO,PROGRAMA DE DESENVOLVIMENTO E GESTÃO DE PESSOAS DA REDE ESTADUAL DE ENSINO
2025,1260,SECRETARIA DE ESTADO DE EDUCAÇÃO - SEE,3,0,1261,SECRETARIA DE ESTADO DE EDUCAÇÃO - SEE,3,1,90,11,23,1,10895,12,361,162,2,81,2081,1,1354839173.00,1354839173.00,1354839173.00,0,ENSINO FUNDAMENTAL - APOIO ADMINISTRATIVO,PROGRAMA DE DESENVOLVIMENTO E GESTÃO DE PESSOAS DA REDE ESTADUAL DE ENSINO
2025,1260,SECRETARIA DE ESTADO DE EDUCAÇÃO - SEE,3,0,1261,SECRETARIA DE ESTADO DE EDUCAÇÃO - SEE,3,1,91,13,23,1,10895,12,361,162,2,81,2081,1,197515838.00,197515838.00,197515838.00,0,ENSINO FUNDAMENTAL - APOIO ADMINISTRATIVO,PROGRAMA DE DESENVOLVIMENTO E GESTÃO DE PESSOAS DA REDE ESTADUAL DE ENSINO
2025,1260,SECRETARIA DE ESTADO DE EDUCAÇÃO - SEE,3,0,1261,SECRETARIA DE ESTADO DE EDUCAÇÃO - SEE,3,3,90,46,23,7,10895,12,361,162,2,81,2081,1,6731621.00,6731621.00,6731621.00,0,ENSINO FUNDAMENTAL - APOIO ADMINISTRATIVO,PROGRAMA DE DESENVOLVIMENTO E GESTÃO DE PESSOAS DA REDE ESTADUAL DE ENSINO
2025,1260,SECRETARIA DE ESTADO DE EDUCAÇÃO - SEE,3,0,1261,SECRETARIA DE ESTADO DE EDUCAÇÃO - SEE,3,3,90,49,10,7,10895,12,361,162,2,81,2081,1,1000.00,1000.00,1000.00,0,ENSINO FUNDAMENTAL - APOIO ADMINISTRATIVO,PROGRAMA DE DESENVOLVIMENTO E GESTÃO DE PESSOAS DA REDE ESTADUAL DE ENSINO
2025,1260,SECRETARIA DE ESTADO DE EDUCAÇÃO - SEE,3,0,1261,SECRETARIA DE ESTADO DE EDUCAÇÃO - SEE,3,3,90,49,23,7,10895,12,361,162,2,81,2081,1,26926485.00,26926485.00,26926485.00,0,ENSINO FUNDAMENTAL - APOIO ADMINISTRATIVO,PROGRAMA DE DESENVOLVIMENTO E GESTÃO DE PESSOAS DA REDE ESTADUAL DE ENSINO
2025,1260,SECRETARIA DE ESTADO DE EDUCAÇÃO - SEE,3,0,1261,SECRETARIA DE ESTADO DE EDUCAÇÃO - SEE,3,1,90,11,10,1,10899,12,361,162,2,85,2085,1,1183220244.00,1183250244.00,1183250244.00,0,ENSINO FUNDAMENTAL - PROFISSIONAIS DO MAGISTÉRIO,PROGRAMA DE DESENVOLVIMENTO E GESTÃO DE PESSOAS DA REDE ESTADUAL DE ENSINO
2025,1260,SECRETARIA DE ESTADO DE EDUCAÇÃO - SEE,3,0,1261,SECRETARIA DE ESTADO DE EDUCAÇÃO - SEE,3,1,90,11,23,1,10899,12,361,162,2,85,2085,1,2984539622.00,2984844180.00,2984844180.00,0,ENSINO FUNDAMENTAL - PROFISSIONAIS DO MAGISTÉRIO,PROGRAMA DE DESENVOLVIMENTO E GESTÃO DE PESSOAS DA REDE ESTADUAL DE ENSINO
2025,1260,SECRETARIA DE ESTADO DE EDUCAÇÃO - SEE,3,0,1261,SECRETARIA DE ESTADO DE EDUCAÇÃO - SEE,3,1,91,13,10,1,10899,12,361,162,2,85,2085,1,275335936.00,275335936.00,275335936.00,0,ENSINO FUNDAMENTAL - PROFISSIONAIS DO MAGISTÉRIO,PROGRAMA DE DESENVOLVIMENTO E GESTÃO DE PESSOAS DA REDE ESTADUAL DE ENSINO
2025,1260,SECRETARIA DE ESTADO DE EDUCAÇÃO - SEE,3,0,1261,SECRETARIA DE ESTADO DE EDUCAÇÃO - SEE,3,1,91,13,23,1,10899,12,361,162,2,85,2085,1,848346324.00,848041766.00,848041766.00,0,ENSINO FUNDAMENTAL - PROFISSIONAIS DO MAGISTÉRIO,PROGRAMA DE DESENVOLVIMENTO E GESTÃO DE PESSOAS DA REDE ESTADUAL DE ENSINO
2025,1260,SECRETARIA DE ESTADO DE EDUCAÇÃO - SEE,3,0,1261,SECRETARIA DE ESTADO DE EDUCAÇÃO - SEE,3,3,90,46,23,7,10899,12,361,162,2,85,2085,1,14408792.00,14408792.00,14408792.00,0,ENSINO FUNDAMENTAL - PROFISSIONAIS DO MAGISTÉRIO,PROGRAMA DE DESENVOLVIMENTO E GESTÃO DE PESSOAS DA REDE ESTADUAL DE ENSINO
2025,1260,SECRETARIA DE ESTADO DE EDUCAÇÃO - SEE,3,0,1261,SECRETARIA DE ESTADO DE EDUCAÇÃO - SEE,3,3,90,49,10,7,10899,12,361,162,2,85,2085,1,1000.00,1000.00,1000.00,0,ENSINO FUNDAMENTAL - PROFISSIONAIS DO MAGISTÉRIO,PROGRAMA DE DESENVOLVIMENTO E GESTÃO DE PESSOAS DA REDE ESTADUAL DE ENSINO
2025,1260,SECRETARIA DE ESTADO DE EDUCAÇÃO - SEE,3,0,1261,SECRETARIA DE ESTADO DE EDUCAÇÃO - SEE,3,3,90,49,23,7,10899,12,361,162,2,85,2085,1,57635168.00,57635168.00,57635168.00,0,ENSINO FUNDAMENTAL - PROFISSIONAIS DO MAGISTÉRIO,PROGRAMA DE DESENVOLVIMENTO E GESTÃO DE PESSOAS DA REDE ESTADUAL DE ENSINO
2025,1260,SECRETARIA DE ESTADO DE EDUCAÇÃO - SEE,3,0,1261,SECRETARIA DE ESTADO DE EDUCAÇÃO - SEE,3,3,90,14,10,1,10950,12,361,167,2,122,2122,1,200000.00,200000.00,200000.00,0,DESENVOLVIMENTO DO ENSINO FUNDAMENTAL,PROGRAMA ESTADUAL DE DESENVOLVIMENTO DA EDUCAÇÃO BÁSICA
2025,1260,SECRETARIA DE ESTADO DE EDUCAÇÃO - SEE,3,0,1261,SECRETARIA DE ESTADO DE EDUCAÇÃO - SEE,3,3,90,14,15,1,10950,12,361,167,2,122,2122,1,10000000.00,10000000.00,10000000.00,0,DESENVOLVIMENTO DO ENSINO FUNDAMENTAL,PROGRAMA ESTADUAL DE DESENVOLVIMENTO DA EDUCAÇÃO BÁSICA
2025,1260,SECRETARIA DE ESTADO DE EDUCAÇÃO - SEE,3,0,1261,SECRETARIA DE ESTADO DE EDUCAÇÃO - SEE,3,3,90,30,10,1,10950,12,361,167,2,122,2122,1,49750000.00,49750000.00,49750000.00,0,DESENVOLVIMENTO DO ENSINO FUNDAMENTAL,PROGRAMA ESTADUAL DE DESENVOLVIMENTO DA EDUCAÇÃO BÁSICA
2025,1260,SECRETARIA DE ESTADO DE EDUCAÇÃO - SEE,3,0,1261,SECRETARIA DE ESTADO DE EDUCAÇÃO - SEE,3,3,90,33,10,1,10950,12,361,167,2,122,2122,1,50000.00,50000.00,50000.00,0,DESENVOLVIMENTO DO ENSINO FUNDAMENTAL,PROGRAMA ESTADUAL DE DESENVOLVIMENTO DA EDUCAÇÃO BÁSICA
2025,1260,SECRETARIA DE ESTADO DE EDUCAÇÃO - SEE,3,0,1261,SECRETARIA DE ESTADO DE EDUCAÇÃO - SEE,4,4,99,99,10,8,10950,12,361,167,2,122,2122,1,1000000.00,1000000.00,1000000.00,0,DESENVOLVIMENTO DO ENSINO FUNDAMENTAL,PROGRAMA ESTADUAL DE DESENVOLVIMENTO DA EDUCAÇÃO BÁSICA
2025,1260,SECRETARIA DE ESTADO DE EDUCAÇÃO - SEE,3,0,1261,SECRETARIA DE ESTADO DE EDUCAÇÃO - SEE,3,3,90,14,10,1,11004,12,361,172,4,543,4543,1,162900.00,162900.00,162900.00,1,PROGRAMA MÃOS DADAS,PROGRAMA ESTADUAL DE COOPERACAO ESTADO-MUNICIPIO NA AREA EDUCACIONAL
2025,1260,SECRETARIA DE ESTADO DE EDUCAÇÃO - SEE,3,0,1261,SECRETARIA DE ESTADO DE EDUCAÇÃO - SEE,3,3,90,33,10,1,11004,12,361,172,4,543,4543,1,45000.00,45000.00,45000.00,1,PROGRAMA MÃOS DADAS,PROGRAMA ESTADUAL DE COOPERACAO ESTADO-MUNICIPIO NA AREA EDUCACIONAL
2025,1260,SECRETARIA DE ESTADO DE EDUCAÇÃO - SEE,3,0,1261,SECRETARIA DE ESTADO DE EDUCAÇÃO - SEE,4,4,40,42,10,1,11004,12,361,172,4,543,4543,1,150000000.00,150000000.00,150000000.00,1,PROGRAMA MÃOS DADAS,PROGRAMA ESTADUAL DE COOPERACAO ESTADO-MUNICIPIO NA AREA EDUCACIONAL
2025,1260,SECRETARIA DE ESTADO DE EDUCAÇÃO - SEE,3,0,1261,SECRETARIA DE ESTADO DE EDUCAÇÃO - SEE,4,4,40,42,15,1,11004,12,361,172,4,543,4543,1,150000000.00,150000000.00,150000000.00,1,PROGRAMA MÃOS DADAS,PROGRAMA ESTADUAL DE COOPERACAO ESTADO-MUNICIPIO NA AREA EDUCACIONAL
2025,1260,SECRETARIA DE ESTADO DE EDUCAÇÃO - SEE,3,0,1261,SECRETARIA DE ESTADO DE EDUCAÇÃO - SEE,4,4,40,42,10,1,11008,12,361,172,4,545,4545,1,100000000.00,100000000.00,100000000.00,0,PROGRAMA DE FORTALECIMENTO DAS ESCOLAS MUNICIPAIS,PROGRAMA ESTADUAL DE COOPERACAO ESTADO-MUNICIPIO NA AREA EDUCACIONAL
2025,1260,SECRETARIA DE ESTADO DE EDUCAÇÃO - SEE,3,0,1261,SECRETARIA DE ESTADO DE EDUCAÇÃO - SEE,4,4,40,42,15,1,11008,12,361,172,4,545,4545,1,50000000.00,50000000.00,50000000.00,0,PROGRAMA DE FORTALECIMENTO DAS ESCOLAS MUNICIPAIS,PROGRAMA ESTADUAL DE COOPERACAO ESTADO-MUNICIPIO NA AREA EDUCACIONAL
2025,1260,SECRETARIA DE ESTADO DE EDUCAÇÃO - SEE,3,0,1261,SECRETARIA DE ESTADO DE EDUCAÇÃO - SEE,4,4,40,42,21,1,11008,12,361,172,4,545,4545,1,50000000.00,50000000.00,50000000.00,0,PROGRAMA DE FORTALECIMENTO DAS ESCOLAS MUNICIPAIS,PROGRAMA ESTADUAL DE COOPERACAO ESTADO-MUNICIPIO NA AREA EDUCACIONAL
2025,1260,SECRETARIA DE ESTADO DE EDUCAÇÃO - SEE,3,0,1261,SECRETARIA DE ESTADO DE EDUCAÇÃO - SEE,4,4,99,99,10,8,11008,12,361,172,4,545,4545,1,1000000.00,1000000.00,1000000.00,0,PROGRAMA DE FORTALECIMENTO DAS ESCOLAS MUNICIPAIS,PROGRAMA ESTADUAL DE COOPERACAO ESTADO-MUNICIPIO NA AREA EDUCACIONAL
2025,1260,SECRETARIA DE ESTADO DE EDUCAÇÃO - SEE,3,0,1261,SECRETARIA DE ESTADO DE EDUCAÇÃO - SEE,3,1,90,11,10,1,10900,12,362,162,2,86,2086,1,508282.00,508282.00,508282.00,0,ENSINO MÉDIO - APOIO ADMINISTRATIVO,PROGRAMA DE DESENVOLVIMENTO E GESTÃO DE PESSOAS DA REDE ESTADUAL DE ENSINO
2025,1260,SECRETARIA DE ESTADO DE EDUCAÇÃO - SEE,3,0,1261,SECRETARIA DE ESTADO DE EDUCAÇÃO - SEE,3,1,90,11,23,1,10900,12,362,162,2,86,2086,1,883701738.00,883701738.00,883701738.00,0,ENSINO MÉDIO - APOIO ADMINISTRATIVO,PROGRAMA DE DESENVOLVIMENTO E GESTÃO DE PESSOAS DA REDE ESTADUAL DE ENSINO
2025,1260,SECRETARIA DE ESTADO DE EDUCAÇÃO - SEE,3,0,1261,SECRETARIA DE ESTADO DE EDUCAÇÃO - SEE,3,1,91,13,23,1,10900,12,362,162,2,86,2086,1,77188994.00,77188994.00,77188994.00,0,ENSINO MÉDIO - APOIO ADMINISTRATIVO,PROGRAMA DE DESENVOLVIMENTO E GESTÃO DE PESSOAS DA REDE ESTADUAL DE ENSINO
2025,1260,SECRETARIA DE ESTADO DE EDUCAÇÃO - SEE,3,0,1261,SECRETARIA DE ESTADO DE EDUCAÇÃO - SEE,3,3,90,46,23,7,10900,12,362,162,2,86,2086,1,5726207.00,5726207.00,5726207.00,0,ENSINO MÉDIO - APOIO ADMINISTRATIVO,PROGRAMA DE DESENVOLVIMENTO E GESTÃO DE PESSOAS DA REDE ESTADUAL DE ENSINO
2025,1260,SECRETARIA DE ESTADO DE EDUCAÇÃO - SEE,3,0,1261,SECRETARIA DE ESTADO DE EDUCAÇÃO - SEE,3,3,90,49,10,7,10900,12,362,162,2,86,2086,1,1000.00,1000.00,1000.00,0,ENSINO MÉDIO - APOIO ADMINISTRATIVO,PROGRAMA DE DESENVOLVIMENTO E GESTÃO DE PESSOAS DA REDE ESTADUAL DE ENSINO
2025,1260,SECRETARIA DE ESTADO DE EDUCAÇÃO - SEE,3,0,1261,SECRETARIA DE ESTADO DE EDUCAÇÃO - SEE,3,3,90,49,23,7,10900,12,362,162,2,86,2086,1,22904830.00,22904830.00,22904830.00,0,ENSINO MÉDIO - APOIO ADMINISTRATIVO,PROGRAMA DE DESENVOLVIMENTO E GESTÃO DE PESSOAS DA REDE ESTADUAL DE ENSINO
2025,1260,SECRETARIA DE ESTADO DE EDUCAÇÃO - SEE,3,0,1261,SECRETARIA DE ESTADO DE EDUCAÇÃO - SEE,3,1,90,11,10,1,10903,12,362,162,2,90,2090,1,6608183.00,6608183.00,6608183.00,0,ENSINO MÉDIO - PROFISSIONAIS DO MAGISTÉRIO,PROGRAMA DE DESENVOLVIMENTO E GESTÃO DE PESSOAS DA REDE ESTADUAL DE ENSINO
2025,1260,SECRETARIA DE ESTADO DE EDUCAÇÃO - SEE,3,0,1261,SECRETARIA DE ESTADO DE EDUCAÇÃO - SEE,3,1,90,11,23,1,10903,12,362,162,2,90,2090,1,2777916132.00,2777916132.00,2777916132.00,0,ENSINO MÉDIO - PROFISSIONAIS DO MAGISTÉRIO,PROGRAMA DE DESENVOLVIMENTO E GESTÃO DE PESSOAS DA REDE ESTADUAL DE ENSINO
2025,1260,SECRETARIA DE ESTADO DE EDUCAÇÃO - SEE,3,0,1261,SECRETARIA DE ESTADO DE EDUCAÇÃO - SEE,3,1,91,13,23,1,10903,12,362,162,2,90,2090,1,679856297.00,679856297.00,679856297.00,0,ENSINO MÉDIO - PROFISSIONAIS DO MAGISTÉRIO,PROGRAMA DE DESENVOLVIMENTO E GESTÃO DE PESSOAS DA REDE ESTADUAL DE ENSINO
2025,1260,SECRETARIA DE ESTADO DE EDUCAÇÃO - SEE,3,0,1261,SECRETARIA DE ESTADO DE EDUCAÇÃO - SEE,3,3,90,46,23,7,10903,12,362,162,2,90,2090,1,8700117.00,8700117.00,8700117.00,0,ENSINO MÉDIO - PROFISSIONAIS DO MAGISTÉRIO,PROGRAMA DE DESENVOLVIMENTO E GESTÃO DE PESSOAS DA REDE ESTADUAL DE ENSINO
2025,1260,SECRETARIA DE ESTADO DE EDUCAÇÃO - SEE,3,0,1261,SECRETARIA DE ESTADO DE EDUCAÇÃO - SEE,3,3,90,49,10,7,10903,12,362,162,2,90,2090,1,1000.00,1000.00,1000.00,0,ENSINO MÉDIO - PROFISSIONAIS DO MAGISTÉRIO,PROGRAMA DE DESENVOLVIMENTO E GESTÃO DE PESSOAS DA REDE ESTADUAL DE ENSINO
2025,1260,SECRETARIA DE ESTADO DE EDUCAÇÃO - SEE,3,0,1261,SECRETARIA DE ESTADO DE EDUCAÇÃO - SEE,3,3,90,49,23,7,10903,12,362,162,2,90,2090,1,34800470.00,34800470.00,34800470.00,0,ENSINO MÉDIO - PROFISSIONAIS DO MAGISTÉRIO,PROGRAMA DE DESENVOLVIMENTO E GESTÃO DE PESSOAS DA REDE ESTADUAL DE ENSINO
2025,1260,SECRETARIA DE ESTADO DE EDUCAÇÃO - SEE,3,0,1261,SECRETARIA DE ESTADO DE EDUCAÇÃO - SEE,3,1,90,11,10,1,10909,12,362,162,2,93,2093,1,154973.00,154973.00,154973.00,0,EDUCAÇÃO INTEGRAL - ENSINO MÉDIO,PROGRAMA DE DESENVOLVIMENTO E GESTÃO DE PESSOAS DA REDE ESTADUAL DE ENSINO
2025,1260,SECRETARIA DE ESTADO DE EDUCAÇÃO - SEE,3,0,1261,SECRETARIA DE ESTADO DE EDUCAÇÃO - SEE,3,1,90,11,23,1,10909,12,362,162,2,93,2093,1,96609604.00,96609604.00,96609604.00,0,EDUCAÇÃO INTEGRAL - ENSINO MÉDIO,PROGRAMA DE DESENVOLVIMENTO E GESTÃO DE PESSOAS DA REDE ESTADUAL DE ENSINO
2025,1260,SECRETARIA DE ESTADO DE EDUCAÇÃO - SEE,3,0,1261,SECRETARIA DE ESTADO DE EDUCAÇÃO - SEE,3,1,91,13,23,1,10909,12,362,162,2,93,2093,1,16773129.00,16773129.00,16773129.00,0,EDUCAÇÃO INTEGRAL - ENSINO MÉDIO,PROGRAMA DE DESENVOLVIMENTO E GESTÃO DE PESSOAS DA REDE ESTADUAL DE ENSINO
2025,1260,SECRETARIA DE ESTADO DE EDUCAÇÃO - SEE,3,0,1261,SECRETARIA DE ESTADO DE EDUCAÇÃO - SEE,3,3,90,46,23,7,10909,12,362,162,2,93,2093,1,265596.00,265596.00,265596.00,0,EDUCAÇÃO INTEGRAL - ENSINO MÉDIO,PROGRAMA DE DESENVOLVIMENTO E GESTÃO DE PESSOAS DA REDE ESTADUAL DE ENSINO
2025,1260,SECRETARIA DE ESTADO DE EDUCAÇÃO - SEE,3,0,1261,SECRETARIA DE ESTADO DE EDUCAÇÃO - SEE,3,3,90,49,10,7,10909,12,362,162,2,93,2093,1,1000.00,1000.00,1000.00,0,EDUCAÇÃO INTEGRAL - ENSINO MÉDIO,PROGRAMA DE DESENVOLVIMENTO E GESTÃO DE PESSOAS DA REDE ESTADUAL DE ENSINO
2025,1260,SECRETARIA DE ESTADO DE EDUCAÇÃO - SEE,3,0,1261,SECRETARIA DE ESTADO DE EDUCAÇÃO - SEE,3,3,90,49,23,7,10909,12,362,162,2,93,2093,1,1062382.00,1062382.00,1062382.00,0,EDUCAÇÃO INTEGRAL - ENSINO MÉDIO,PROGRAMA DE DESENVOLVIMENTO E GESTÃO DE PESSOAS DA REDE ESTADUAL DE ENSINO
2025,1260,SECRETARIA DE ESTADO DE EDUCAÇÃO - SEE,3,0,1261,SECRETARIA DE ESTADO DE EDUCAÇÃO - SEE,3,3,90,14,10,1,10945,12,362,167,4,511,4511,1,150000.00,150000.00,150000.00,0,DESENVOLVIMENTO DO ENSINO MEDIO,PROGRAMA ESTADUAL DE DESENVOLVIMENTO DA EDUCAÇÃO BÁSICA
2025,1260,SECRETARIA DE ESTADO DE EDUCAÇÃO - SEE,3,0,1261,SECRETARIA DE ESTADO DE EDUCAÇÃO - SEE,3,3,90,14,15,1,10945,12,362,167,4,511,4511,1,10000000.00,10000000.00,10000000.00,0,DESENVOLVIMENTO DO ENSINO MEDIO,PROGRAMA ESTADUAL DE DESENVOLVIMENTO DA EDUCAÇÃO BÁSICA
2025,1260,SECRETARIA DE ESTADO DE EDUCAÇÃO - SEE,3,0,1261,SECRETARIA DE ESTADO DE EDUCAÇÃO - SEE,3,3,90,30,10,1,10945,12,362,167,4,511,4511,1,49310000.00,49310000.00,49310000.00,0,DESENVOLVIMENTO DO ENSINO MEDIO,PROGRAMA ESTADUAL DE DESENVOLVIMENTO DA EDUCAÇÃO BÁSICA
2025,1260,SECRETARIA DE ESTADO DE EDUCAÇÃO - SEE,3,0,1261,SECRETARIA DE ESTADO DE EDUCAÇÃO - SEE,3,3,90,33,10,1,10945,12,362,167,4,511,4511,1,40000.00,40000.00,40000.00,0,DESENVOLVIMENTO DO ENSINO MEDIO,PROGRAMA ESTADUAL DE DESENVOLVIMENTO DA EDUCAÇÃO BÁSICA
2025,1260,SECRETARIA DE ESTADO DE EDUCAÇÃO - SEE,3,0,1261,SECRETARIA DE ESTADO DE EDUCAÇÃO - SEE,3,3,99,99,10,8,10945,12,362,167,4,511,4511,1,1000000.00,1000000.00,3660000.00,0,DESENVOLVIMENTO DO ENSINO MEDIO,PROGRAMA ESTADUAL DE DESENVOLVIMENTO DA EDUCAÇÃO BÁSICA
2025,1260,SECRETARIA DE ESTADO DE EDUCAÇÃO - SEE,3,0,1261,SECRETARIA DE ESTADO DE EDUCAÇÃO - SEE,3,1,90,11,10,1,10910,12,363,162,2,94,2094,1,123657.00,123657.00,123657.00,0,EDUCAÇÃO PROFISSIONAL,PROGRAMA DE DESENVOLVIMENTO E GESTÃO DE PESSOAS DA REDE ESTADUAL DE ENSINO
2025,1260,SECRETARIA DE ESTADO DE EDUCAÇÃO - SEE,3,0,1261,SECRETARIA DE ESTADO DE EDUCAÇÃO - SEE,3,1,90,11,23,1,10910,12,363,162,2,94,2094,1,151877618.00,151877618.00,151877618.00,0,EDUCAÇÃO PROFISSIONAL,PROGRAMA DE DESENVOLVIMENTO E GESTÃO DE PESSOAS DA REDE ESTADUAL DE ENSINO
2025,1260,SECRETARIA DE ESTADO DE EDUCAÇÃO - SEE,3,0,1261,SECRETARIA DE ESTADO DE EDUCAÇÃO - SEE,3,1,91,13,23,1,10910,12,363,162,2,94,2094,1,3428550.00,3428550.00,3428550.00,0,EDUCAÇÃO PROFISSIONAL,PROGRAMA DE DESENVOLVIMENTO E GESTÃO DE PESSOAS DA REDE ESTADUAL DE ENSINO
2025,1260,SECRETARIA DE ESTADO DE EDUCAÇÃO - SEE,3,0,1261,SECRETARIA DE ESTADO DE EDUCAÇÃO - SEE,3,3,90,46,23,7,10910,12,363,162,2,94,2094,1,681309.00,681309.00,681309.00,0,EDUCAÇÃO PROFISSIONAL,PROGRAMA DE DESENVOLVIMENTO E GESTÃO DE PESSOAS DA REDE ESTADUAL DE ENSINO
2025,1260,SECRETARIA DE ESTADO DE EDUCAÇÃO - SEE,3,0,1261,SECRETARIA DE ESTADO DE EDUCAÇÃO - SEE,3,3,90,49,10,7,10910,12,363,162,2,94,2094,1,1000.00,1000.00,1000.00,0,EDUCAÇÃO PROFISSIONAL,PROGRAMA DE DESENVOLVIMENTO E GESTÃO DE PESSOAS DA REDE ESTADUAL DE ENSINO
2025,1260,SECRETARIA DE ESTADO DE EDUCAÇÃO - SEE,3,0,1261,SECRETARIA DE ESTADO DE EDUCAÇÃO - SEE,3,3,90,49,23,7,10910,12,363,162,2,94,2094,1,2725238.00,2725238.00,2725238.00,0,EDUCAÇÃO PROFISSIONAL,PROGRAMA DE DESENVOLVIMENTO E GESTÃO DE PESSOAS DA REDE ESTADUAL DE ENSINO
2025,1260,SECRETARIA DE ESTADO DE EDUCAÇÃO - SEE,3,0,1261,SECRETARIA DE ESTADO DE EDUCAÇÃO - SEE,3,3,90,35,10,1,10941,12,363,167,2,118,2118,1,20000000.00,20000000.00,20000000.00,1,TRILHAS DE FUTURO - ESTUDANTES,PROGRAMA ESTADUAL DE DESENVOLVIMENTO DA EDUCAÇÃO BÁSICA
2025,1260,SECRETARIA DE ESTADO DE EDUCAÇÃO - SEE,3,0,1261,SECRETARIA DE ESTADO DE EDUCAÇÃO - SEE,3,3,90,39,10,1,10941,12,363,167,2,118,2118,1,344230774.00,344230774.00,344230774.00,1,TRILHAS DE FUTURO - ESTUDANTES,PROGRAMA ESTADUAL DE DESENVOLVIMENTO DA EDUCAÇÃO BÁSICA
2025,1260,SECRETARIA DE ESTADO DE EDUCAÇÃO - SEE,3,0,1261,SECRETARIA DE ESTADO DE EDUCAÇÃO - SEE,3,3,90,39,15,1,10941,12,363,167,2,118,2118,1,100000000.00,100000000.00,100000000.00,1,TRILHAS DE FUTURO - ESTUDANTES,PROGRAMA ESTADUAL DE DESENVOLVIMENTO DA EDUCAÇÃO BÁSICA
2025,1260,SECRETARIA DE ESTADO DE EDUCAÇÃO - SEE,3,0,1261,SECRETARIA DE ESTADO DE EDUCAÇÃO - SEE,3,3,90,39,71,1,10941,12,363,167,2,118,2118,1,135769226.00,135769226.00,135769226.00,1,TRILHAS DE FUTURO - ESTUDANTES,PROGRAMA ESTADUAL DE DESENVOLVIMENTO DA EDUCAÇÃO BÁSICA
2025,1260,SECRETARIA DE ESTADO DE EDUCAÇÃO - SEE,3,0,1261,SECRETARIA DE ESTADO DE EDUCAÇÃO - SEE,3,3,50,43,10,1,10947,12,363,167,4,512,4512,1,2000000.00,2000000.00,2000000.00,0,DESENVOLVIMENTO DA EDUCAÇÃO PROFISSIONAL,PROGRAMA ESTADUAL DE DESENVOLVIMENTO DA EDUCAÇÃO BÁSICA
2025,1260,SECRETARIA DE ESTADO DE EDUCAÇÃO - SEE,3,0,1261,SECRETARIA DE ESTADO DE EDUCAÇÃO - SEE,3,3,90,13,36,1,10947,12,363,167,4,512,4512,1,3000000.00,3000000.00,3000000.00,0,DESENVOLVIMENTO DA EDUCAÇÃO PROFISSIONAL,PROGRAMA ESTADUAL DE DESENVOLVIMENTO DA EDUCAÇÃO BÁSICA
2025,1260,SECRETARIA DE ESTADO DE EDUCAÇÃO - SEE,3,0,1261,SECRETARIA DE ESTADO DE EDUCAÇÃO - SEE,3,3,90,48,36,1,10947,12,363,167,4,512,4512,1,25240000.00,25240000.00,25240000.00,0,DESENVOLVIMENTO DA EDUCAÇÃO PROFISSIONAL,PROGRAMA ESTADUAL DE DESENVOLVIMENTO DA EDUCAÇÃO BÁSICA
2025,1260,SECRETARIA DE ESTADO DE EDUCAÇÃO - SEE,3,0,1261,SECRETARIA DE ESTADO DE EDUCAÇÃO - SEE,4,4,50,42,10,1,10947,12,363,167,4,512,4512,1,2000000.00,2000000.00,2000000.00,0,DESENVOLVIMENTO DA EDUCAÇÃO PROFISSIONAL,PROGRAMA ESTADUAL DE DESENVOLVIMENTO DA EDUCAÇÃO BÁSICA
2025,1260,SECRETARIA DE ESTADO DE EDUCAÇÃO - SEE,3,0,1261,SECRETARIA DE ESTADO DE EDUCAÇÃO - SEE,3,3,20,41,10,1,11214,12,364,168,4,525,4525,1,25000000.00,25000000.00,25000000.00,0,ATENDIMENTO AS INSTITUICOES PUBLICAS DE ENSINO SUPERIOR,GESTÃO DA REDE FÍSICA ESTADUAL DE ENSINO
2025,1260,SECRETARIA DE ESTADO DE EDUCAÇÃO - SEE,3,0,1261,SECRETARIA DE ESTADO DE EDUCAÇÃO - SEE,3,1,90,11,10,1,10904,12,365,162,2,92,2092,1,7472535.00,7472535.00,7472535.00,0,EDUCAÇÃO INFANTIL,PROGRAMA DE DESENVOLVIMENTO E GESTÃO DE PESSOAS DA REDE ESTADUAL DE ENSINO
2025,1260,SECRETARIA DE ESTADO DE EDUCAÇÃO - SEE,3,0,1261,SECRETARIA DE ESTADO DE EDUCAÇÃO - SEE,3,1,91,13,10,1,10904,12,365,162,2,92,2092,1,1338230.00,1338230.00,1338230.00,0,EDUCAÇÃO INFANTIL,PROGRAMA DE DESENVOLVIMENTO E GESTÃO DE PESSOAS DA REDE ESTADUAL DE ENSINO
2025,1260,SECRETARIA DE ESTADO DE EDUCAÇÃO - SEE,3,0,1261,SECRETARIA DE ESTADO DE EDUCAÇÃO - SEE,3,3,90,46,10,7,10904,12,365,162,2,92,2092,1,24871.00,24871.00,24871.00,0,EDUCAÇÃO INFANTIL,PROGRAMA DE DESENVOLVIMENTO E GESTÃO DE PESSOAS DA REDE ESTADUAL DE ENSINO
2025,1260,SECRETARIA DE ESTADO DE EDUCAÇÃO - SEE,3,0,1261,SECRETARIA DE ESTADO DE EDUCAÇÃO - SEE,3,3,90,49,10,7,10904,12,365,162,2,92,2092,1,99484.00,99484.00,99484.00,0,EDUCAÇÃO INFANTIL,PROGRAMA DE DESENVOLVIMENTO E GESTÃO DE PESSOAS DA REDE ESTADUAL DE ENSINO
2025,1260,SECRETARIA DE ESTADO DE EDUCAÇÃO - SEE,3,0,1261,SECRETARIA DE ESTADO DE EDUCAÇÃO - SEE,3,1,90,11,10,1,10896,12,366,162,2,82,2082,1,179134.00,179134.00,179134.00,0,ENSINO FUNDAMENTAL - EDUCAÇÃO DE JOVENS E ADULTOS - EJA,PROGRAMA DE DESENVOLVIMENTO E GESTÃO DE PESSOAS DA REDE ESTADUAL DE ENSINO
2025,1260,SECRETARIA DE ESTADO DE EDUCAÇÃO - SEE,3,0,1261,SECRETARIA DE ESTADO DE EDUCAÇÃO - SEE,3,1,90,11,23,1,10896,12,366,162,2,82,2082,1,116703612.00,116703612.00,116703612.00,0,ENSINO FUNDAMENTAL - EDUCAÇÃO DE JOVENS E ADULTOS - EJA,PROGRAMA DE DESENVOLVIMENTO E GESTÃO DE PESSOAS DA REDE ESTADUAL DE ENSINO
2025,1260,SECRETARIA DE ESTADO DE EDUCAÇÃO - SEE,3,0,1261,SECRETARIA DE ESTADO DE EDUCAÇÃO - SEE,3,1,91,13,23,1,10896,12,366,162,2,82,2082,1,14812790.00,14812790.00,14812790.00,0,ENSINO FUNDAMENTAL - EDUCAÇÃO DE JOVENS E ADULTOS - EJA,PROGRAMA DE DESENVOLVIMENTO E GESTÃO DE PESSOAS DA REDE ESTADUAL DE ENSINO
2025,1260,SECRETARIA DE ESTADO DE EDUCAÇÃO - SEE,3,0,1261,SECRETARIA DE ESTADO DE EDUCAÇÃO - SEE,3,3,90,46,23,7,10896,12,366,162,2,82,2082,1,387104.00,387104.00,387104.00,0,ENSINO FUNDAMENTAL - EDUCAÇÃO DE JOVENS E ADULTOS - EJA,PROGRAMA DE DESENVOLVIMENTO E GESTÃO DE PESSOAS DA REDE ESTADUAL DE ENSINO
2025,1260,SECRETARIA DE ESTADO DE EDUCAÇÃO - SEE,3,0,1261,SECRETARIA DE ESTADO DE EDUCAÇÃO - SEE,3,3,90,49,10,7,10896,12,366,162,2,82,2082,1,1000.00,1000.00,1000.00,0,ENSINO FUNDAMENTAL - EDUCAÇÃO DE JOVENS E ADULTOS - EJA,PROGRAMA DE DESENVOLVIMENTO E GESTÃO DE PESSOAS DA REDE ESTADUAL DE ENSINO
2025,1260,SECRETARIA DE ESTADO DE EDUCAÇÃO - SEE,3,0,1261,SECRETARIA DE ESTADO DE EDUCAÇÃO - SEE,3,3,90,49,23,7,10896,12,366,162,2,82,2082,1,1548417.00,1548417.00,1548417.00,0,ENSINO FUNDAMENTAL - EDUCAÇÃO DE JOVENS E ADULTOS - EJA,PROGRAMA DE DESENVOLVIMENTO E GESTÃO DE PESSOAS DA REDE ESTADUAL DE ENSINO
2025,1260,SECRETARIA DE ESTADO DE EDUCAÇÃO - SEE,3,0,1261,SECRETARIA DE ESTADO DE EDUCAÇÃO - SEE,3,1,90,11,10,1,10901,12,366,162,2,88,2088,1,4191484.00,4191484.00,4191484.00,0,ENSINO MÉDIO - EDUCAÇÃO DE JOVENS E ADULTOS - EJA,PROGRAMA DE DESENVOLVIMENTO E GESTÃO DE PESSOAS DA REDE ESTADUAL DE ENSINO
2025,1260,SECRETARIA DE ESTADO DE EDUCAÇÃO - SEE,3,0,1261,SECRETARIA DE ESTADO DE EDUCAÇÃO - SEE,3,1,90,11,23,1,10901,12,366,162,2,88,2088,1,227641820.00,227641820.00,227641820.00,0,ENSINO MÉDIO - EDUCAÇÃO DE JOVENS E ADULTOS - EJA,PROGRAMA DE DESENVOLVIMENTO E GESTÃO DE PESSOAS DA REDE ESTADUAL DE ENSINO
2025,1260,SECRETARIA DE ESTADO DE EDUCAÇÃO - SEE,3,0,1261,SECRETARIA DE ESTADO DE EDUCAÇÃO - SEE,3,1,91,13,23,1,10901,12,366,162,2,88,2088,1,52110175.00,52110175.00,52110175.00,0,ENSINO MÉDIO - EDUCAÇÃO DE JOVENS E ADULTOS - EJA,PROGRAMA DE DESENVOLVIMENTO E GESTÃO DE PESSOAS DA REDE ESTADUAL DE ENSINO
2025,1260,SECRETARIA DE ESTADO DE EDUCAÇÃO - SEE,3,0,1261,SECRETARIA DE ESTADO DE EDUCAÇÃO - SEE,3,3,90,46,23,7,10901,12,366,162,2,88,2088,1,776971.00,776971.00,776971.00,0,ENSINO MÉDIO - EDUCAÇÃO DE JOVENS E ADULTOS - EJA,PROGRAMA DE DESENVOLVIMENTO E GESTÃO DE PESSOAS DA REDE ESTADUAL DE ENSINO
2025,1260,SECRETARIA DE ESTADO DE EDUCAÇÃO - SEE,3,0,1261,SECRETARIA DE ESTADO DE EDUCAÇÃO - SEE,3,3,90,49,10,7,10901,12,366,162,2,88,2088,1,1000.00,1000.00,1000.00,0,ENSINO MÉDIO - EDUCAÇÃO DE JOVENS E ADULTOS - EJA,PROGRAMA DE DESENVOLVIMENTO E GESTÃO DE PESSOAS DA REDE ESTADUAL DE ENSINO
2025,1260,SECRETARIA DE ESTADO DE EDUCAÇÃO - SEE,3,0,1261,SECRETARIA DE ESTADO DE EDUCAÇÃO - SEE,3,3,90,49,23,7,10901,12,366,162,2,88,2088,1,3107884.00,3107884.00,3107884.00,0,ENSINO MÉDIO - EDUCAÇÃO DE JOVENS E ADULTOS - EJA,PROGRAMA DE DESENVOLVIMENTO E GESTÃO DE PESSOAS DA REDE ESTADUAL DE ENSINO
2025,1260,SECRETARIA DE ESTADO DE EDUCAÇÃO - SEE,3,0,1261,SECRETARIA DE ESTADO DE EDUCAÇÃO - SEE,3,3,50,43,10,1,10946,12,366,167,2,119,2119,1,1000000.00,1000000.00,1000000.00,0,DESENVOLVIMENTO DA EDUCAÇÃO DE JOVENS E ADULTOS - EJA,PROGRAMA ESTADUAL DE DESENVOLVIMENTO DA EDUCAÇÃO BÁSICA
2025,1260,SECRETARIA DE ESTADO DE EDUCAÇÃO - SEE,3,0,1261,SECRETARIA DE ESTADO DE EDUCAÇÃO - SEE,3,3,50,43,10,1,11218,12,367,5,2,67,2067,1,9200000.00,9200000.00,9200000.00,1,DESENVOLVIMENTO DA EDUCAÇÃO ESPECIAL,"PROGRAMA MINEIRO DE ACESSIBILIDADE, INCLUSÃO E SAÚDE (PROMAIS)"
2025,1260,SECRETARIA DE ESTADO DE EDUCAÇÃO - SEE,3,0,1261,SECRETARIA DE ESTADO DE EDUCAÇÃO - SEE,3,3,90,14,10,1,11218,12,367,5,2,67,2067,1,150000.00,150000.00,150000.00,1,DESENVOLVIMENTO DA EDUCAÇÃO ESPECIAL,"PROGRAMA MINEIRO DE ACESSIBILIDADE, INCLUSÃO E SAÚDE (PROMAIS)"
2025,1260,SECRETARIA DE ESTADO DE EDUCAÇÃO - SEE,3,0,1261,SECRETARIA DE ESTADO DE EDUCAÇÃO - SEE,3,3,90,33,10,1,11218,12,367,5,2,67,2067,1,50000.00,50000.00,50000.00,1,DESENVOLVIMENTO DA EDUCAÇÃO ESPECIAL,"PROGRAMA MINEIRO DE ACESSIBILIDADE, INCLUSÃO E SAÚDE (PROMAIS)"
2025,1260,SECRETARIA DE ESTADO DE EDUCAÇÃO - SEE,3,0,1261,SECRETARIA DE ESTADO DE EDUCAÇÃO - SEE,3,3,90,39,10,1,11218,12,367,5,2,67,2067,1,600000.00,600000.00,600000.00,1,DESENVOLVIMENTO DA EDUCAÇÃO ESPECIAL,"PROGRAMA MINEIRO DE ACESSIBILIDADE, INCLUSÃO E SAÚDE (PROMAIS)"
2025,1260,SECRETARIA DE ESTADO DE EDUCAÇÃO - SEE,3,0,1261,SECRETARIA DE ESTADO DE EDUCAÇÃO - SEE,4,4,50,42,15,1,11218,12,367,5,2,67,2067,1,5000000.00,5000000.00,5000000.00,1,DESENVOLVIMENTO DA EDUCAÇÃO ESPECIAL,"PROGRAMA MINEIRO DE ACESSIBILIDADE, INCLUSÃO E SAÚDE (PROMAIS)"
2025,1260,SECRETARIA DE ESTADO DE EDUCAÇÃO - SEE,3,0,1261,SECRETARIA DE ESTADO DE EDUCAÇÃO - SEE,3,1,90,11,10,1,10897,12,367,162,2,83,2083,1,25638237.00,25638237.00,25638237.00,0,ENSINO FUNDAMENTAL - EDUCAÇÃO ESPECIAL,PROGRAMA DE DESENVOLVIMENTO E GESTÃO DE PESSOAS DA REDE ESTADUAL DE ENSINO
2025,1260,SECRETARIA DE ESTADO DE EDUCAÇÃO - SEE,3,0,1261,SECRETARIA DE ESTADO DE EDUCAÇÃO - SEE,3,1,90,11,23,1,10897,12,367,162,2,83,2083,1,1041019848.00,1041019848.00,1041019848.00,0,ENSINO FUNDAMENTAL - EDUCAÇÃO ESPECIAL,PROGRAMA DE DESENVOLVIMENTO E GESTÃO DE PESSOAS DA REDE ESTADUAL DE ENSINO
2025,1260,SECRETARIA DE ESTADO DE EDUCAÇÃO - SEE,3,0,1261,SECRETARIA DE ESTADO DE EDUCAÇÃO - SEE,3,1,91,13,23,1,10897,12,367,162,2,83,2083,1,38990023.00,38990023.00,38990023.00,0,ENSINO FUNDAMENTAL - EDUCAÇÃO ESPECIAL,PROGRAMA DE DESENVOLVIMENTO E GESTÃO DE PESSOAS DA REDE ESTADUAL DE ENSINO
2025,1260,SECRETARIA DE ESTADO DE EDUCAÇÃO - SEE,3,0,1261,SECRETARIA DE ESTADO DE EDUCAÇÃO - SEE,3,3,90,46,23,7,10897,12,367,162,2,83,2083,1,2755649.00,2755649.00,2755649.00,0,ENSINO FUNDAMENTAL - EDUCAÇÃO ESPECIAL,PROGRAMA DE DESENVOLVIMENTO E GESTÃO DE PESSOAS DA REDE ESTADUAL DE ENSINO
2025,1260,SECRETARIA DE ESTADO DE EDUCAÇÃO - SEE,3,0,1261,SECRETARIA DE ESTADO DE EDUCAÇÃO - SEE,3,3,90,49,10,7,10897,12,367,162,2,83,2083,1,1000.00,1000.00,1000.00,0,ENSINO FUNDAMENTAL - EDUCAÇÃO ESPECIAL,PROGRAMA DE DESENVOLVIMENTO E GESTÃO DE PESSOAS DA REDE ESTADUAL DE ENSINO
2025,1260,SECRETARIA DE ESTADO DE EDUCAÇÃO - SEE,3,0,1261,SECRETARIA DE ESTADO DE EDUCAÇÃO - SEE,3,3,90,49,23,7,10897,12,367,162,2,83,2083,1,11022594.00,11022594.00,11022594.00,0,ENSINO FUNDAMENTAL - EDUCAÇÃO ESPECIAL,PROGRAMA DE DESENVOLVIMENTO E GESTÃO DE PESSOAS DA REDE ESTADUAL DE ENSINO
2025,1260,SECRETARIA DE ESTADO DE EDUCAÇÃO - SEE,3,0,1261,SECRETARIA DE ESTADO DE EDUCAÇÃO - SEE,3,1,90,11,10,1,10902,12,367,162,2,89,2089,1,1064101.00,1064101.00,1064101.00,0,ENSINO MÉDIO - EDUCAÇÃO ESPECIAL,PROGRAMA DE DESENVOLVIMENTO E GESTÃO DE PESSOAS DA REDE ESTADUAL DE ENSINO
2025,1260,SECRETARIA DE ESTADO DE EDUCAÇÃO - SEE,3,0,1261,SECRETARIA DE ESTADO DE EDUCAÇÃO - SEE,3,1,90,11,23,1,10902,12,367,162,2,89,2089,1,510014629.00,510014629.00,510014629.00,0,ENSINO MÉDIO - EDUCAÇÃO ESPECIAL,PROGRAMA DE DESENVOLVIMENTO E GESTÃO DE PESSOAS DA REDE ESTADUAL DE ENSINO
2025,1260,SECRETARIA DE ESTADO DE EDUCAÇÃO - SEE,3,0,1261,SECRETARIA DE ESTADO DE EDUCAÇÃO - SEE,3,1,91,13,23,1,10902,12,367,162,2,89,2089,1,14841468.00,14841468.00,14841468.00,0,ENSINO MÉDIO - EDUCAÇÃO ESPECIAL,PROGRAMA DE DESENVOLVIMENTO E GESTÃO DE PESSOAS DA REDE ESTADUAL DE ENSINO
2025,1260,SECRETARIA DE ESTADO DE EDUCAÇÃO - SEE,3,0,1261,SECRETARIA DE ESTADO DE EDUCAÇÃO - SEE,3,3,90,46,23,7,10902,12,367,162,2,89,2089,1,1299219.00,1299219.00,1299219.00,0,ENSINO MÉDIO - EDUCAÇÃO ESPECIAL,PROGRAMA DE DESENVOLVIMENTO E GESTÃO DE PESSOAS DA REDE ESTADUAL DE ENSINO
2025,1260,SECRETARIA DE ESTADO DE EDUCAÇÃO - SEE,3,0,1261,SECRETARIA DE ESTADO DE EDUCAÇÃO - SEE,3,3,90,49,10,7,10902,12,367,162,2,89,2089,1,1000.00,1000.00,1000.00,0,ENSINO MÉDIO - EDUCAÇÃO ESPECIAL,PROGRAMA DE DESENVOLVIMENTO E GESTÃO DE PESSOAS DA REDE ESTADUAL DE ENSINO
2025,1260,SECRETARIA DE ESTADO DE EDUCAÇÃO - SEE,3,0,1261,SECRETARIA DE ESTADO DE EDUCAÇÃO - SEE,3,3,90,49,23,7,10902,12,367,162,2,89,2089,1,5196874.00,5196874.00,5196874.00,0,ENSINO MÉDIO - EDUCAÇÃO ESPECIAL,PROGRAMA DE DESENVOLVIMENTO E GESTÃO DE PESSOAS DA REDE ESTADUAL DE ENSINO
2025,1260,SECRETARIA DE ESTADO DE EDUCAÇÃO - SEE,3,0,1261,SECRETARIA DE ESTADO DE EDUCAÇÃO - SEE,3,3,90,14,10,1,11006,12,368,43,2,133,2133,1,1000.00,1000.00,1000.00,0,UTILIZAÇÃO DE MÉTODOS ALTERNATIVOS DE SOLUÇÃO DE CONFLITOS DA SEE,DESJUDICIALIZA MINAS
2025,1260,SECRETARIA DE ESTADO DE EDUCAÇÃO - SEE,3,0,1261,SECRETARIA DE ESTADO DE EDUCAÇÃO - SEE,3,3,50,43,10,1,11205,12,368,162,2,38,2038,1,4024000.00,4024000.00,4024000.00,0,SUPORTE FUNCIONAL PARA ÁREA EDUCACIONAL,PROGRAMA DE DESENVOLVIMENTO E GESTÃO DE PESSOAS DA REDE ESTADUAL DE ENSINO
2025,1260,SECRETARIA DE ESTADO DE EDUCAÇÃO - SEE,3,0,1261,SECRETARIA DE ESTADO DE EDUCAÇÃO - SEE,3,3,90,40,10,1,11205,12,368,162,2,38,2038,1,20352000.00,20352000.00,20352000.00,0,SUPORTE FUNCIONAL PARA ÁREA EDUCACIONAL,PROGRAMA DE DESENVOLVIMENTO E GESTÃO DE PESSOAS DA REDE ESTADUAL DE ENSINO
2025,1260,SECRETARIA DE ESTADO DE EDUCAÇÃO - SEE,3,0,1261,SECRETARIA DE ESTADO DE EDUCAÇÃO - SEE,4,4,50,42,10,1,11205,12,368,162,2,38,2038,1,2000000.00,2000000.00,2000000.00,0,SUPORTE FUNCIONAL PARA ÁREA EDUCACIONAL,PROGRAMA DE DESENVOLVIMENTO E GESTÃO DE PESSOAS DA REDE ESTADUAL DE ENSINO
2025,1260,SECRETARIA DE ESTADO DE EDUCAÇÃO - SEE,3,0,1261,SECRETARIA DE ESTADO DE EDUCAÇÃO - SEE,3,3,90,39,10,1,11207,12,368,162,2,40,2040,1,20000000.00,20000000.00,20000000.00,0,RECRUTAMENTO E SELEÇÃO DE PESSOAL,PROGRAMA DE DESENVOLVIMENTO E GESTÃO DE PESSOAS DA REDE ESTADUAL DE ENSINO
2025,1260,SECRETARIA DE ESTADO DE EDUCAÇÃO - SEE,3,0,1261,SECRETARIA DE ESTADO DE EDUCAÇÃO - SEE,3,3,50,43,10,1,10911,12,368,162,2,95,2095,1,470000.00,470000.00,470000.00,0,DESENVOLVIMENTO E CAPACITAÇÃO DE PESSOAL,PROGRAMA DE DESENVOLVIMENTO E GESTÃO DE PESSOAS DA REDE ESTADUAL DE ENSINO
2025,1260,SECRETARIA DE ESTADO DE EDUCAÇÃO - SEE,3,0,1261,SECRETARIA DE ESTADO DE EDUCAÇÃO - SEE,3,3,90,36,10,1,10911,12,368,162,2,95,2095,1,2000000.00,2000000.00,2000000.00,0,DESENVOLVIMENTO E CAPACITAÇÃO DE PESSOAL,PROGRAMA DE DESENVOLVIMENTO E GESTÃO DE PESSOAS DA REDE ESTADUAL DE ENSINO
2025,1260,SECRETARIA DE ESTADO DE EDUCAÇÃO - SEE,3,0,1261,SECRETARIA DE ESTADO DE EDUCAÇÃO - SEE,3,3,90,39,10,1,10911,12,368,162,2,95,2095,1,5060000.00,5060000.00,5060000.00,0,DESENVOLVIMENTO E CAPACITAÇÃO DE PESSOAL,PROGRAMA DE DESENVOLVIMENTO E GESTÃO DE PESSOAS DA REDE ESTADUAL DE ENSINO
2025,1260,SECRETARIA DE ESTADO DE EDUCAÇÃO - SEE,3,0,1261,SECRETARIA DE ESTADO DE EDUCAÇÃO - SEE,3,1,90,11,10,1,10912,12,368,162,2,96,2096,1,2450333.00,2450333.00,2450333.00,0,PROFISSIONAIS DO ÓRGÃO CENTRAL,PROGRAMA DE DESENVOLVIMENTO E GESTÃO DE PESSOAS DA REDE ESTADUAL DE ENSINO
2025,1260,SECRETARIA DE ESTADO DE EDUCAÇÃO - SEE,3,0,1261,SECRETARIA DE ESTADO DE EDUCAÇÃO - SEE,3,1,90,11,23,1,10912,12,368,162,2,96,2096,1,38246788.00,38246788.00,38246788.00,0,PROFISSIONAIS DO ÓRGÃO CENTRAL,PROGRAMA DE DESENVOLVIMENTO E GESTÃO DE PESSOAS DA REDE ESTADUAL DE ENSINO
2025,1260,SECRETARIA DE ESTADO DE EDUCAÇÃO - SEE,3,0,1261,SECRETARIA DE ESTADO DE EDUCAÇÃO - SEE,3,1,91,13,23,1,10912,12,368,162,2,96,2096,1,13158828.00,13158828.00,13158828.00,0,PROFISSIONAIS DO ÓRGÃO CENTRAL,PROGRAMA DE DESENVOLVIMENTO E GESTÃO DE PESSOAS DA REDE ESTADUAL DE ENSINO
2025,1260,SECRETARIA DE ESTADO DE EDUCAÇÃO - SEE,3,0,1261,SECRETARIA DE ESTADO DE EDUCAÇÃO - SEE,3,3,90,36,10,1,10912,12,368,162,2,96,2096,1,6800000.00,6800000.00,6800000.00,0,PROFISSIONAIS DO ÓRGÃO CENTRAL,PROGRAMA DE DESENVOLVIMENTO E GESTÃO DE PESSOAS DA REDE ESTADUAL DE ENSINO
2025,1260,SECRETARIA DE ESTADO DE EDUCAÇÃO - SEE,3,0,1261,SECRETARIA DE ESTADO DE EDUCAÇÃO - SEE,3,3,90,46,10,7,10912,12,368,162,2,96,2096,1,118761.00,118761.00,118761.00,0,PROFISSIONAIS DO ÓRGÃO CENTRAL,PROGRAMA DE DESENVOLVIMENTO E GESTÃO DE PESSOAS DA REDE ESTADUAL DE ENSINO
2025,1260,SECRETARIA DE ESTADO DE EDUCAÇÃO - SEE,3,0,1261,SECRETARIA DE ESTADO DE EDUCAÇÃO - SEE,3,3,90,46,23,7,10912,12,368,162,2,96,2096,1,1358575.00,1358575.00,1358575.00,0,PROFISSIONAIS DO ÓRGÃO CENTRAL,PROGRAMA DE DESENVOLVIMENTO E GESTÃO DE PESSOAS DA REDE ESTADUAL DE ENSINO
2025,1260,SECRETARIA DE ESTADO DE EDUCAÇÃO - SEE,3,0,1261,SECRETARIA DE ESTADO DE EDUCAÇÃO - SEE,3,3,90,49,10,7,10912,12,368,162,2,96,2096,1,475043.00,475043.00,475043.00,0,PROFISSIONAIS DO ÓRGÃO CENTRAL,PROGRAMA DE DESENVOLVIMENTO E GESTÃO DE PESSOAS DA REDE ESTADUAL DE ENSINO
2025,1260,SECRETARIA DE ESTADO DE EDUCAÇÃO - SEE,3,0,1261,SECRETARIA DE ESTADO DE EDUCAÇÃO - SEE,3,3,90,49,23,7,10912,12,368,162,2,96,2096,1,5434302.00,5434302.00,5434302.00,0,PROFISSIONAIS DO ÓRGÃO CENTRAL,PROGRAMA DE DESENVOLVIMENTO E GESTÃO DE PESSOAS DA REDE ESTADUAL DE ENSINO
2025,1260,SECRETARIA DE ESTADO DE EDUCAÇÃO - SEE,3,0,1261,SECRETARIA DE ESTADO DE EDUCAÇÃO - SEE,3,1,90,11,10,1,10914,12,368,162,2,97,2097,1,14315039.00,14315039.00,14315039.00,0,PROFISSIONAIS DAS SUPERINTENDÊNCIAS REGIONAIS DE ENSINO - SRE,PROGRAMA DE DESENVOLVIMENTO E GESTÃO DE PESSOAS DA REDE ESTADUAL DE ENSINO
2025,1260,SECRETARIA DE ESTADO DE EDUCAÇÃO - SEE,3,0,1261,SECRETARIA DE ESTADO DE EDUCAÇÃO - SEE,3,1,90,11,23,1,10914,12,368,162,2,97,2097,1,369674198.00,369674198.00,369674198.00,0,PROFISSIONAIS DAS SUPERINTENDÊNCIAS REGIONAIS DE ENSINO - SRE,PROGRAMA DE DESENVOLVIMENTO E GESTÃO DE PESSOAS DA REDE ESTADUAL DE ENSINO
2025,1260,SECRETARIA DE ESTADO DE EDUCAÇÃO - SEE,3,0,1261,SECRETARIA DE ESTADO DE EDUCAÇÃO - SEE,3,1,91,13,23,1,10914,12,368,162,2,97,2097,1,135119340.00,135119340.00,135119340.00,0,PROFISSIONAIS DAS SUPERINTENDÊNCIAS REGIONAIS DE ENSINO - SRE,PROGRAMA DE DESENVOLVIMENTO E GESTÃO DE PESSOAS DA REDE ESTADUAL DE ENSINO
2025,1260,SECRETARIA DE ESTADO DE EDUCAÇÃO - SEE,3,0,1261,SECRETARIA DE ESTADO DE EDUCAÇÃO - SEE,3,3,90,46,23,7,10914,12,368,162,2,97,2097,1,11658099.00,11658099.00,11658099.00,0,PROFISSIONAIS DAS SUPERINTENDÊNCIAS REGIONAIS DE ENSINO - SRE,PROGRAMA DE DESENVOLVIMENTO E GESTÃO DE PESSOAS DA REDE ESTADUAL DE ENSINO
2025,1260,SECRETARIA DE ESTADO DE EDUCAÇÃO - SEE,3,0,1261,SECRETARIA DE ESTADO DE EDUCAÇÃO - SEE,3,3,90,49,10,7,10914,12,368,162,2,97,2097,1,1000.00,1000.00,1000.00,0,PROFISSIONAIS DAS SUPERINTENDÊNCIAS REGIONAIS DE ENSINO - SRE,PROGRAMA DE DESENVOLVIMENTO E GESTÃO DE PESSOAS DA REDE ESTADUAL DE ENSINO
2025,1260,SECRETARIA DE ESTADO DE EDUCAÇÃO - SEE,3,0,1261,SECRETARIA DE ESTADO DE EDUCAÇÃO - SEE,3,3,90,49,23,7,10914,12,368,162,2,97,2097,1,46632394.00,46632394.00,46632394.00,0,PROFISSIONAIS DAS SUPERINTENDÊNCIAS REGIONAIS DE ENSINO - SRE,PROGRAMA DE DESENVOLVIMENTO E GESTÃO DE PESSOAS DA REDE ESTADUAL DE ENSINO
2025,1260,SECRETARIA DE ESTADO DE EDUCAÇÃO - SEE,3,0,1261,SECRETARIA DE ESTADO DE EDUCAÇÃO - SEE,3,1,90,11,10,1,10915,12,368,162,2,98,2098,1,3069196.00,3069196.00,3069196.00,0,PROFISSIONAIS DO CONSELHO ESTADUAL DE EDUCAÇÃO,PROGRAMA DE DESENVOLVIMENTO E GESTÃO DE PESSOAS DA REDE ESTADUAL DE ENSINO
2025,1260,SECRETARIA DE ESTADO DE EDUCAÇÃO - SEE,3,0,1261,SECRETARIA DE ESTADO DE EDUCAÇÃO - SEE,3,1,91,13,10,1,10915,12,368,162,2,98,2098,1,645027.00,645027.00,645027.00,0,PROFISSIONAIS DO CONSELHO ESTADUAL DE EDUCAÇÃO,PROGRAMA DE DESENVOLVIMENTO E GESTÃO DE PESSOAS DA REDE ESTADUAL DE ENSINO
2025,1260,SECRETARIA DE ESTADO DE EDUCAÇÃO - SEE,3,0,1261,SECRETARIA DE ESTADO DE EDUCAÇÃO - SEE,3,3,90,46,10,7,10915,12,368,162,2,98,2098,1,69183.00,69183.00,69183.00,0,PROFISSIONAIS DO CONSELHO ESTADUAL DE EDUCAÇÃO,PROGRAMA DE DESENVOLVIMENTO E GESTÃO DE PESSOAS DA REDE ESTADUAL DE ENSINO
2025,1260,SECRETARIA DE ESTADO DE EDUCAÇÃO - SEE,3,0,1261,SECRETARIA DE ESTADO DE EDUCAÇÃO - SEE,3,3,90,49,10,7,10915,12,368,162,2,98,2098,1,276734.00,276734.00,276734.00,0,PROFISSIONAIS DO CONSELHO ESTADUAL DE EDUCAÇÃO,PROGRAMA DE DESENVOLVIMENTO E GESTÃO DE PESSOAS DA REDE ESTADUAL DE ENSINO
2025,1260,SECRETARIA DE ESTADO DE EDUCAÇÃO - SEE,3,0,1261,SECRETARIA DE ESTADO DE EDUCAÇÃO - SEE,3,3,90,14,10,1,10916,12,368,162,2,99,2099,1,23669600.00,23669600.00,23669600.00,1,TRILHAS DE FUTURO - EDUCADORES,PROGRAMA DE DESENVOLVIMENTO E GESTÃO DE PESSOAS DA REDE ESTADUAL DE ENSINO
2025,1260,SECRETARIA DE ESTADO DE EDUCAÇÃO - SEE,3,0,1261,SECRETARIA DE ESTADO DE EDUCAÇÃO - SEE,3,3,90,33,10,1,10916,12,368,162,2,99,2099,1,26280400.00,26280400.00,26280400.00,1,TRILHAS DE FUTURO - EDUCADORES,PROGRAMA DE DESENVOLVIMENTO E GESTÃO DE PESSOAS DA REDE ESTADUAL DE ENSINO
2025,1260,SECRETARIA DE ESTADO DE EDUCAÇÃO - SEE,3,0,1261,SECRETARIA DE ESTADO DE EDUCAÇÃO - SEE,3,3,90,39,10,1,10916,12,368,162,2,99,2099,1,50000.00,50000.00,50000.00,1,TRILHAS DE FUTURO - EDUCADORES,PROGRAMA DE DESENVOLVIMENTO E GESTÃO DE PESSOAS DA REDE ESTADUAL DE ENSINO
2025,1260,SECRETARIA DE ESTADO DE EDUCAÇÃO - SEE,3,0,1261,SECRETARIA DE ESTADO DE EDUCAÇÃO - SEE,3,3,90,14,10,1,10955,12,368,165,1,94,1094,1,153126.00,153126.00,153126.00,0,GESTAO PELA APRENDIZAGEM,"ORGANIZAÇÃO, AVALIAÇÃO E GESTÃO ESCOLAR"
2025,1260,SECRETARIA DE ESTADO DE EDUCAÇÃO - SEE,3,0,1261,SECRETARIA DE ESTADO DE EDUCAÇÃO - SEE,3,3,90,33,10,1,10955,12,368,165,1,94,1094,1,42300.00,42300.00,42300.00,0,GESTAO PELA APRENDIZAGEM,"ORGANIZAÇÃO, AVALIAÇÃO E GESTÃO ESCOLAR"
2025,1260,SECRETARIA DE ESTADO DE EDUCAÇÃO - SEE,3,0,1261,SECRETARIA DE ESTADO DE EDUCAÇÃO - SEE,3,3,90,39,21,1,10924,12,368,165,2,105,2105,1,24000000.00,24000000.00,24000000.00,1,PROJETO SOMAR,"ORGANIZAÇÃO, AVALIAÇÃO E GESTÃO ESCOLAR"
2025,1260,SECRETARIA DE ESTADO DE EDUCAÇÃO - SEE,3,0,1261,SECRETARIA DE ESTADO DE EDUCAÇÃO - SEE,3,3,50,43,10,1,10925,12,368,165,2,107,2107,1,29400000.00,29400000.00,29400000.00,0,AVALIAÇÕES EDUCACIONAIS,"ORGANIZAÇÃO, AVALIAÇÃO E GESTÃO ESCOLAR"
2025,1260,SECRETARIA DE ESTADO DE EDUCAÇÃO - SEE,3,0,1261,SECRETARIA DE ESTADO DE EDUCAÇÃO - SEE,3,3,90,30,10,1,10925,12,368,165,2,107,2107,1,34300000.00,34300000.00,34300000.00,0,AVALIAÇÕES EDUCACIONAIS,"ORGANIZAÇÃO, AVALIAÇÃO E GESTÃO ESCOLAR"
2025,1260,SECRETARIA DE ESTADO DE EDUCAÇÃO - SEE,3,0,1261,SECRETARIA DE ESTADO DE EDUCAÇÃO - SEE,3,3,90,14,10,1,10977,12,368,165,2,127,2127,1,204168.00,204168.00,204168.00,0,ORGANIZAÇÃO E FUNCIONAMENTO ESCOLAR,"ORGANIZAÇÃO, AVALIAÇÃO E GESTÃO ESCOLAR"
2025,1260,SECRETARIA DE ESTADO DE EDUCAÇÃO - SEE,3,0,1261,SECRETARIA DE ESTADO DE EDUCAÇÃO - SEE,3,3,90,14,24,1,10977,12,368,165,2,127,2127,1,270340.00,270340.00,270340.00,0,ORGANIZAÇÃO E FUNCIONAMENTO ESCOLAR,"ORGANIZAÇÃO, AVALIAÇÃO E GESTÃO ESCOLAR"
2025,1260,SECRETARIA DE ESTADO DE EDUCAÇÃO - SEE,3,0,1261,SECRETARIA DE ESTADO DE EDUCAÇÃO - SEE,3,3,90,33,10,1,10977,12,368,165,2,127,2127,1,56400.00,56400.00,56400.00,0,ORGANIZAÇÃO E FUNCIONAMENTO ESCOLAR,"ORGANIZAÇÃO, AVALIAÇÃO E GESTÃO ESCOLAR"
2025,1260,SECRETARIA DE ESTADO DE EDUCAÇÃO - SEE,3,0,1261,SECRETARIA DE ESTADO DE EDUCAÇÃO - SEE,3,3,90,33,10,3,10977,12,368,165,2,127,2127,1,64644.00,64644.00,64644.00,0,ORGANIZAÇÃO E FUNCIONAMENTO ESCOLAR,"ORGANIZAÇÃO, AVALIAÇÃO E GESTÃO ESCOLAR"
2025,1260,SECRETARIA DE ESTADO DE EDUCAÇÃO - SEE,3,0,1261,SECRETARIA DE ESTADO DE EDUCAÇÃO - SEE,3,3,50,43,10,1,11220,12,368,167,1,33,1033,1,300000.00,300000.00,300000.00,0,MODALIDADES E TEMÁTICAS ESPECIAIS,PROGRAMA ESTADUAL DE DESENVOLVIMENTO DA EDUCAÇÃO BÁSICA
2025,1260,SECRETARIA DE ESTADO DE EDUCAÇÃO - SEE,3,0,1261,SECRETARIA DE ESTADO DE EDUCAÇÃO - SEE,3,3,90,14,10,1,11220,12,368,167,1,33,1033,1,150000.00,150000.00,150000.00,0,MODALIDADES E TEMÁTICAS ESPECIAIS,PROGRAMA ESTADUAL DE DESENVOLVIMENTO DA EDUCAÇÃO BÁSICA
2025,1260,SECRETARIA DE ESTADO DE EDUCAÇÃO - SEE,3,0,1261,SECRETARIA DE ESTADO DE EDUCAÇÃO - SEE,3,3,90,33,10,1,11220,12,368,167,1,33,1033,1,50000.00,50000.00,50000.00,0,MODALIDADES E TEMÁTICAS ESPECIAIS,PROGRAMA ESTADUAL DE DESENVOLVIMENTO DA EDUCAÇÃO BÁSICA
2025,1260,SECRETARIA DE ESTADO DE EDUCAÇÃO - SEE,3,0,1261,SECRETARIA DE ESTADO DE EDUCAÇÃO - SEE,3,3,50,43,10,1,10951,12,368,167,1,92,1092,1,6942820.00,6942820.00,6942820.00,0,DESENVOLVIMENTO DO ESPORTE ESCOLAR,PROGRAMA ESTADUAL DE DESENVOLVIMENTO DA EDUCAÇÃO BÁSICA
2025,1260,SECRETARIA DE ESTADO DE EDUCAÇÃO - SEE,3,0,1261,SECRETARIA DE ESTADO DE EDUCAÇÃO - SEE,3,3,90,14,10,1,10951,12,368,167,1,92,1092,1,1448000.00,1448000.00,1448000.00,0,DESENVOLVIMENTO DO ESPORTE ESCOLAR,PROGRAMA ESTADUAL DE DESENVOLVIMENTO DA EDUCAÇÃO BÁSICA
2025,1260,SECRETARIA DE ESTADO DE EDUCAÇÃO - SEE,3,0,1261,SECRETARIA DE ESTADO DE EDUCAÇÃO - SEE,3,3,90,33,10,1,10951,12,368,167,1,92,1092,1,122200.00,122200.00,122200.00,0,DESENVOLVIMENTO DO ESPORTE ESCOLAR,PROGRAMA ESTADUAL DE DESENVOLVIMENTO DA EDUCAÇÃO BÁSICA
2025,1260,SECRETARIA DE ESTADO DE EDUCAÇÃO - SEE,3,0,1261,SECRETARIA DE ESTADO DE EDUCAÇÃO - SEE,3,3,90,36,10,1,10951,12,368,167,1,92,1092,1,28200.00,28200.00,28200.00,0,DESENVOLVIMENTO DO ESPORTE ESCOLAR,PROGRAMA ESTADUAL DE DESENVOLVIMENTO DA EDUCAÇÃO BÁSICA
2025,1260,SECRETARIA DE ESTADO DE EDUCAÇÃO - SEE,3,0,1261,SECRETARIA DE ESTADO DE EDUCAÇÃO - SEE,3,3,90,14,10,1,10954,12,368,167,1,93,1093,1,102084.00,102084.00,102084.00,0,PLANO DE RECOMPOSIÇAO DAS APRENDIZAGENS - PRA,PROGRAMA ESTADUAL DE DESENVOLVIMENTO DA EDUCAÇÃO BÁSICA
2025,1260,SECRETARIA DE ESTADO DE EDUCAÇÃO - SEE,3,0,1261,SECRETARIA DE ESTADO DE EDUCAÇÃO - SEE,3,3,90,33,10,1,10954,12,368,167,1,93,1093,1,28200.00,28200.00,28200.00,0,PLANO DE RECOMPOSIÇAO DAS APRENDIZAGENS - PRA,PROGRAMA ESTADUAL DE DESENVOLVIMENTO DA EDUCAÇÃO BÁSICA
2025,1260,SECRETARIA DE ESTADO DE EDUCAÇÃO - SEE,3,0,1261,SECRETARIA DE ESTADO DE EDUCAÇÃO - SEE,3,3,90,30,10,1,10939,12,368,167,2,116,2116,1,500000.00,500000.00,500000.00,0,PROJETO SAÚDE NA ESCOLA,PROGRAMA ESTADUAL DE DESENVOLVIMENTO DA EDUCAÇÃO BÁSICA
2025,1260,SECRETARIA DE ESTADO DE EDUCAÇÃO - SEE,3,0,1261,SECRETARIA DE ESTADO DE EDUCAÇÃO - SEE,3,3,90,14,10,1,10953,12,368,167,2,123,2123,1,38010.00,38010.00,38010.00,0,ESCOLA DE FORMAÇÃO PROFISSIONAL,PROGRAMA ESTADUAL DE DESENVOLVIMENTO DA EDUCAÇÃO BÁSICA
2025,1260,SECRETARIA DE ESTADO DE EDUCAÇÃO - SEE,3,0,1261,SECRETARIA DE ESTADO DE EDUCAÇÃO - SEE,3,3,90,33,10,1,10953,12,368,167,2,123,2123,1,10500.00,10500.00,10500.00,0,ESCOLA DE FORMAÇÃO PROFISSIONAL,PROGRAMA ESTADUAL DE DESENVOLVIMENTO DA EDUCAÇÃO BÁSICA
2025,1260,SECRETARIA DE ESTADO DE EDUCAÇÃO - SEE,3,0,1261,SECRETARIA DE ESTADO DE EDUCAÇÃO - SEE,3,3,90,39,10,1,10953,12,368,167,2,123,2123,1,20000000.00,20000000.00,20000000.00,0,ESCOLA DE FORMAÇÃO PROFISSIONAL,PROGRAMA ESTADUAL DE DESENVOLVIMENTO DA EDUCAÇÃO BÁSICA
2025,1260,SECRETARIA DE ESTADO DE EDUCAÇÃO - SEE,3,0,1261,SECRETARIA DE ESTADO DE EDUCAÇÃO - SEE,3,3,90,39,36,1,10953,12,368,167,2,123,2123,1,50000000.00,50000000.00,50000000.00,0,ESCOLA DE FORMAÇÃO PROFISSIONAL,PROGRAMA ESTADUAL DE DESENVOLVIMENTO DA EDUCAÇÃO BÁSICA
2025,1260,SECRETARIA DE ESTADO DE EDUCAÇÃO - SEE,3,0,1261,SECRETARIA DE ESTADO DE EDUCAÇÃO - SEE,3,3,50,43,10,1,11208,12,368,167,4,505,4505,1,1720000.00,1720000.00,1720000.00,0,DESENVOLVIMENTO DA EDUCAÇÃO QUILOMBOLA,PROGRAMA ESTADUAL DE DESENVOLVIMENTO DA EDUCAÇÃO BÁSICA
2025,1260,SECRETARIA DE ESTADO DE EDUCAÇÃO - SEE,3,0,1261,SECRETARIA DE ESTADO DE EDUCAÇÃO - SEE,3,3,90,14,10,1,11208,12,368,167,4,505,4505,1,54300.00,54300.00,54300.00,0,DESENVOLVIMENTO DA EDUCAÇÃO QUILOMBOLA,PROGRAMA ESTADUAL DE DESENVOLVIMENTO DA EDUCAÇÃO BÁSICA
2025,1260,SECRETARIA DE ESTADO DE EDUCAÇÃO - SEE,3,0,1261,SECRETARIA DE ESTADO DE EDUCAÇÃO - SEE,3,3,90,33,10,1,11208,12,368,167,4,505,4505,1,15000.00,15000.00,15000.00,0,DESENVOLVIMENTO DA EDUCAÇÃO QUILOMBOLA,PROGRAMA ESTADUAL DE DESENVOLVIMENTO DA EDUCAÇÃO BÁSICA
2025,1260,SECRETARIA DE ESTADO DE EDUCAÇÃO - SEE,3,0,1261,SECRETARIA DE ESTADO DE EDUCAÇÃO - SEE,3,3,50,43,10,1,11209,12,368,167,4,506,4506,1,1450000.00,1450000.00,1450000.00,0,DESENVOLVIMENTO DA EDUCAÇÃO INDIGENA,PROGRAMA ESTADUAL DE DESENVOLVIMENTO DA EDUCAÇÃO BÁSICA
2025,1260,SECRETARIA DE ESTADO DE EDUCAÇÃO - SEE,3,0,1261,SECRETARIA DE ESTADO DE EDUCAÇÃO - SEE,3,3,90,14,10,1,11209,12,368,167,4,506,4506,1,36200.00,36200.00,36200.00,0,DESENVOLVIMENTO DA EDUCAÇÃO INDIGENA,PROGRAMA ESTADUAL DE DESENVOLVIMENTO DA EDUCAÇÃO BÁSICA
2025,1260,SECRETARIA DE ESTADO DE EDUCAÇÃO - SEE,3,0,1261,SECRETARIA DE ESTADO DE EDUCAÇÃO - SEE,3,3,90,33,10,1,11209,12,368,167,4,506,4506,1,15000.00,15000.00,15000.00,0,DESENVOLVIMENTO DA EDUCAÇÃO INDIGENA,PROGRAMA ESTADUAL DE DESENVOLVIMENTO DA EDUCAÇÃO BÁSICA
2025,1260,SECRETARIA DE ESTADO DE EDUCAÇÃO - SEE,3,0,1261,SECRETARIA DE ESTADO DE EDUCAÇÃO - SEE,3,3,50,43,10,1,11210,12,368,167,4,507,4507,1,3000000.00,3000000.00,3000000.00,0,DESENVOLVIMENTO DA EDUCAÇÃO DO CAMPO,PROGRAMA ESTADUAL DE DESENVOLVIMENTO DA EDUCAÇÃO BÁSICA
2025,1260,SECRETARIA DE ESTADO DE EDUCAÇÃO - SEE,3,0,1261,SECRETARIA DE ESTADO DE EDUCAÇÃO - SEE,3,3,50,43,15,1,11210,12,368,167,4,507,4507,1,2000000.00,2000000.00,2000000.00,0,DESENVOLVIMENTO DA EDUCAÇÃO DO CAMPO,PROGRAMA ESTADUAL DE DESENVOLVIMENTO DA EDUCAÇÃO BÁSICA
2025,1260,SECRETARIA DE ESTADO DE EDUCAÇÃO - SEE,3,0,1261,SECRETARIA DE ESTADO DE EDUCAÇÃO - SEE,3,3,90,14,10,1,10942,12,368,167,4,508,4508,1,30000.00,30000.00,30000.00,0,DESENVOLVIMENTO DA EDUCAÇÃO INTEGRAL,PROGRAMA ESTADUAL DE DESENVOLVIMENTO DA EDUCAÇÃO BÁSICA
2025,1260,SECRETARIA DE ESTADO DE EDUCAÇÃO - SEE,3,0,1261,SECRETARIA DE ESTADO DE EDUCAÇÃO - SEE,3,3,90,30,10,1,10942,12,368,167,4,508,4508,1,6350000.00,6350000.00,6350000.00,0,DESENVOLVIMENTO DA EDUCAÇÃO INTEGRAL,PROGRAMA ESTADUAL DE DESENVOLVIMENTO DA EDUCAÇÃO BÁSICA
2025,1260,SECRETARIA DE ESTADO DE EDUCAÇÃO - SEE,3,0,1261,SECRETARIA DE ESTADO DE EDUCAÇÃO - SEE,3,3,90,33,10,1,10942,12,368,167,4,508,4508,1,120000.00,120000.00,120000.00,0,DESENVOLVIMENTO DA EDUCAÇÃO INTEGRAL,PROGRAMA ESTADUAL DE DESENVOLVIMENTO DA EDUCAÇÃO BÁSICA
2025,1260,SECRETARIA DE ESTADO DE EDUCAÇÃO - SEE,3,0,1261,SECRETARIA DE ESTADO DE EDUCAÇÃO - SEE,3,3,90,39,36,1,10942,12,368,167,4,508,4508,1,55381646.00,55381646.00,55381646.00,0,DESENVOLVIMENTO DA EDUCAÇÃO INTEGRAL,PROGRAMA ESTADUAL DE DESENVOLVIMENTO DA EDUCAÇÃO BÁSICA
2025,1260,SECRETARIA DE ESTADO DE EDUCAÇÃO - SEE,3,0,1261,SECRETARIA DE ESTADO DE EDUCAÇÃO - SEE,3,3,90,30,10,1,11211,12,368,167,4,509,4509,1,500000.00,500000.00,500000.00,0,DESENVOLVIMENTO DA EDUCAÇÃO PRISIONAL E SOCIOEDUCATIVA,PROGRAMA ESTADUAL DE DESENVOLVIMENTO DA EDUCAÇÃO BÁSICA
2025,1260,SECRETARIA DE ESTADO DE EDUCAÇÃO - SEE,3,0,1261,SECRETARIA DE ESTADO DE EDUCAÇÃO - SEE,4,4,50,42,3,1,10972,12,368,168,2,126,2126,1,5641071.00,5641071.00,5641071.00,0,RENOVAÇÃO DE MOBILIÁRIO E/OU EQUIPAMENTO,GESTÃO DA REDE FÍSICA ESTADUAL DE ENSINO
2025,1260,SECRETARIA DE ESTADO DE EDUCAÇÃO - SEE,3,0,1261,SECRETARIA DE ESTADO DE EDUCAÇÃO - SEE,4,4,50,42,10,1,10972,12,368,168,2,126,2126,1,227014993.00,227014993.00,227014993.00,0,RENOVAÇÃO DE MOBILIÁRIO E/OU EQUIPAMENTO,GESTÃO DA REDE FÍSICA ESTADUAL DE ENSINO
2025,1260,SECRETARIA DE ESTADO DE EDUCAÇÃO - SEE,3,0,1261,SECRETARIA DE ESTADO DE EDUCAÇÃO - SEE,4,4,50,42,10,3,10972,12,368,168,2,126,2126,1,684313.00,684313.00,684313.00,0,RENOVAÇÃO DE MOBILIÁRIO E/OU EQUIPAMENTO,GESTÃO DA REDE FÍSICA ESTADUAL DE ENSINO
2025,1260,SECRETARIA DE ESTADO DE EDUCAÇÃO - SEE,3,0,1261,SECRETARIA DE ESTADO DE EDUCAÇÃO - SEE,4,4,50,42,36,1,10972,12,368,168,2,126,2126,1,53000.00,53000.00,53000.00,0,RENOVAÇÃO DE MOBILIÁRIO E/OU EQUIPAMENTO,GESTÃO DA REDE FÍSICA ESTADUAL DE ENSINO
2025,1260,SECRETARIA DE ESTADO DE EDUCAÇÃO - SEE,3,0,1261,SECRETARIA DE ESTADO DE EDUCAÇÃO - SEE,4,4,90,52,24,1,10972,12,368,168,2,126,2126,1,18000000.00,18000000.00,18000000.00,0,RENOVAÇÃO DE MOBILIÁRIO E/OU EQUIPAMENTO,GESTÃO DA REDE FÍSICA ESTADUAL DE ENSINO
2025,1260,SECRETARIA DE ESTADO DE EDUCAÇÃO - SEE,3,0,1261,SECRETARIA DE ESTADO DE EDUCAÇÃO - SEE,4,4,99,99,10,8,10972,12,368,168,2,126,2126,1,1500000.00,1500000.00,94818465.00,0,RENOVAÇÃO DE MOBILIÁRIO E/OU EQUIPAMENTO,GESTÃO DA REDE FÍSICA ESTADUAL DE ENSINO
2025,1260,SECRETARIA DE ESTADO DE EDUCAÇÃO - SEE,3,0,1261,SECRETARIA DE ESTADO DE EDUCAÇÃO - SEE,3,3,50,43,21,1,11213,12,368,168,4,510,4510,1,29500000.00,29500000.00,29500000.00,0,ATENDIMENTO ÀS ESCOLAS FAMÍLIA AGRÍCOLA,GESTÃO DA REDE FÍSICA ESTADUAL DE ENSINO
2025,1260,SECRETARIA DE ESTADO DE EDUCAÇÃO - SEE,3,0,1261,SECRETARIA DE ESTADO DE EDUCAÇÃO - SEE,4,4,99,99,10,4,11213,12,368,168,4,510,4510,1,740000.00,740000.00,740000.00,0,ATENDIMENTO ÀS ESCOLAS FAMÍLIA AGRÍCOLA,GESTÃO DA REDE FÍSICA ESTADUAL DE ENSINO
2025,1260,SECRETARIA DE ESTADO DE EDUCAÇÃO - SEE,3,0,1261,SECRETARIA DE ESTADO DE EDUCAÇÃO - SEE,4,4,50,42,10,1,10961,12,368,168,4,519,4519,1,100000000.00,100000000.00,100000000.00,1,MÃOS À OBRA,GESTÃO DA REDE FÍSICA ESTADUAL DE ENSINO
2025,1260,SECRETARIA DE ESTADO DE EDUCAÇÃO - SEE,3,0,1261,SECRETARIA DE ESTADO DE EDUCAÇÃO - SEE,4,4,50,42,10,3,10961,12,368,168,4,519,4519,1,300000.00,300000.00,300000.00,1,MÃOS À OBRA,GESTÃO DA REDE FÍSICA ESTADUAL DE ENSINO
2025,1260,SECRETARIA DE ESTADO DE EDUCAÇÃO - SEE,3,0,1261,SECRETARIA DE ESTADO DE EDUCAÇÃO - SEE,4,4,50,42,21,1,10961,12,368,168,4,519,4519,1,34574608.00,34574608.00,34574608.00,1,MÃOS À OBRA,GESTÃO DA REDE FÍSICA ESTADUAL DE ENSINO
2025,1260,SECRETARIA DE ESTADO DE EDUCAÇÃO - SEE,3,0,1261,SECRETARIA DE ESTADO DE EDUCAÇÃO - SEE,4,4,50,42,24,1,10961,12,368,168,4,519,4519,1,10448767.00,10448767.00,10448767.00,1,MÃOS À OBRA,GESTÃO DA REDE FÍSICA ESTADUAL DE ENSINO
2025,1260,SECRETARIA DE ESTADO DE EDUCAÇÃO - SEE,3,0,1261,SECRETARIA DE ESTADO DE EDUCAÇÃO - SEE,4,4,50,42,36,1,10961,12,368,168,4,519,4519,1,81765946.00,81765946.00,81765946.00,1,MÃOS À OBRA,GESTÃO DA REDE FÍSICA ESTADUAL DE ENSINO
2025,1260,SECRETARIA DE ESTADO DE EDUCAÇÃO - SEE,3,0,1261,SECRETARIA DE ESTADO DE EDUCAÇÃO - SEE,4,4,90,51,21,1,10961,12,368,168,4,519,4519,1,65425392.00,65425392.00,65425392.00,1,MÃOS À OBRA,GESTÃO DA REDE FÍSICA ESTADUAL DE ENSINO
2025,1260,SECRETARIA DE ESTADO DE EDUCAÇÃO - SEE,3,0,1261,SECRETARIA DE ESTADO DE EDUCAÇÃO - SEE,4,4,99,99,10,8,10961,12,368,168,4,519,4519,1,1258368.00,1258368.00,1258368.00,1,MÃOS À OBRA,GESTÃO DA REDE FÍSICA ESTADUAL DE ENSINO
2025,1260,SECRETARIA DE ESTADO DE EDUCAÇÃO - SEE,3,0,1261,SECRETARIA DE ESTADO DE EDUCAÇÃO - SEE,3,3,50,43,10,1,10966,12,368,168,4,524,4524,1,200000000.00,200000000.00,200000000.00,0,MANUTENÇÃO PREDIAL,GESTÃO DA REDE FÍSICA ESTADUAL DE ENSINO
2025,1260,SECRETARIA DE ESTADO DE EDUCAÇÃO - SEE,3,0,1261,SECRETARIA DE ESTADO DE EDUCAÇÃO - SEE,3,3,99,99,10,8,10966,12,368,168,4,524,4524,1,3000000.00,3000000.00,5000000.00,0,MANUTENÇÃO PREDIAL,GESTÃO DA REDE FÍSICA ESTADUAL DE ENSINO
2025,1260,SECRETARIA DE ESTADO DE EDUCAÇÃO - SEE,3,0,1261,SECRETARIA DE ESTADO DE EDUCAÇÃO - SEE,4,4,99,99,10,8,10966,12,368,168,4,524,4524,1,100000.00,100000.00,700000.00,0,MANUTENÇÃO PREDIAL,GESTÃO DA REDE FÍSICA ESTADUAL DE ENSINO
2025,1260,SECRETARIA DE ESTADO DE EDUCAÇÃO - SEE,3,0,1261,SECRETARIA DE ESTADO DE EDUCAÇÃO - SEE,3,3,50,43,10,1,10971,12,368,168,4,527,4527,1,285048000.00,285048000.00,285048000.00,0,CUSTEIO DAS UNIDADES ESCOLARES,GESTÃO DA REDE FÍSICA ESTADUAL DE ENSINO
2025,1260,SECRETARIA DE ESTADO DE EDUCAÇÃO - SEE,3,0,1261,SECRETARIA DE ESTADO DE EDUCAÇÃO - SEE,3,3,50,43,15,1,10971,12,368,168,4,527,4527,1,100000000.00,100000000.00,100000000.00,0,CUSTEIO DAS UNIDADES ESCOLARES,GESTÃO DA REDE FÍSICA ESTADUAL DE ENSINO
2025,1260,SECRETARIA DE ESTADO DE EDUCAÇÃO - SEE,3,0,1261,SECRETARIA DE ESTADO DE EDUCAÇÃO - SEE,3,3,90,30,10,1,10971,12,368,168,4,527,4527,1,132000000.00,132000000.00,132000000.00,0,CUSTEIO DAS UNIDADES ESCOLARES,GESTÃO DA REDE FÍSICA ESTADUAL DE ENSINO
2025,1260,SECRETARIA DE ESTADO DE EDUCAÇÃO - SEE,3,0,1261,SECRETARIA DE ESTADO DE EDUCAÇÃO - SEE,3,3,90,36,10,1,10971,12,368,168,4,527,4527,1,95040000.00,95040000.00,95040000.00,0,CUSTEIO DAS UNIDADES ESCOLARES,GESTÃO DA REDE FÍSICA ESTADUAL DE ENSINO
2025,1260,SECRETARIA DE ESTADO DE EDUCAÇÃO - SEE,3,0,1261,SECRETARIA DE ESTADO DE EDUCAÇÃO - SEE,3,3,90,39,10,1,10971,12,368,168,4,527,4527,1,87912000.00,87912000.00,87912000.00,0,CUSTEIO DAS UNIDADES ESCOLARES,GESTÃO DA REDE FÍSICA ESTADUAL DE ENSINO
2025,1260,SECRETARIA DE ESTADO DE EDUCAÇÃO - SEE,3,0,1261,SECRETARIA DE ESTADO DE EDUCAÇÃO - SEE,3,3,90,14,10,1,11212,12,368,169,2,64,2064,1,9400000.00,9400000.00,9400000.00,0,GESTÃO DAS SUPERINTENDÊNCIAS REGIONAIS DE ENSINO,GESTÃO DO SISTEMA ESTADUAL DE EDUCAÇÃO
2025,1260,SECRETARIA DE ESTADO DE EDUCAÇÃO - SEE,3,0,1261,SECRETARIA DE ESTADO DE EDUCAÇÃO - SEE,3,3,90,14,15,1,11212,12,368,169,2,64,2064,1,25000000.00,25000000.00,25000000.00,0,GESTÃO DAS SUPERINTENDÊNCIAS REGIONAIS DE ENSINO,GESTÃO DO SISTEMA ESTADUAL DE EDUCAÇÃO
2025,1260,SECRETARIA DE ESTADO DE EDUCAÇÃO - SEE,3,0,1261,SECRETARIA DE ESTADO DE EDUCAÇÃO - SEE,3,3,90,33,10,1,11212,12,368,169,2,64,2064,1,2350000.00,2350000.00,2350000.00,0,GESTÃO DAS SUPERINTENDÊNCIAS REGIONAIS DE ENSINO,GESTÃO DO SISTEMA ESTADUAL DE EDUCAÇÃO
2025,1260,SECRETARIA DE ESTADO DE EDUCAÇÃO - SEE,3,0,1261,SECRETARIA DE ESTADO DE EDUCAÇÃO - SEE,3,3,90,37,10,1,11212,12,368,169,2,64,2064,1,63250000.00,63250000.00,63250000.00,0,GESTÃO DAS SUPERINTENDÊNCIAS REGIONAIS DE ENSINO,GESTÃO DO SISTEMA ESTADUAL DE EDUCAÇÃO
2025,1260,SECRETARIA DE ESTADO DE EDUCAÇÃO - SEE,3,0,1261,SECRETARIA DE ESTADO DE EDUCAÇÃO - SEE,3,3,90,14,10,1,10978,12,368,169,2,128,2128,1,1365000.00,1365000.00,1365000.00,0,GESTÃO DO ÓRGÃO CENTRAL,GESTÃO DO SISTEMA ESTADUAL DE EDUCAÇÃO
2025,1260,SECRETARIA DE ESTADO DE EDUCAÇÃO - SEE,3,0,1261,SECRETARIA DE ESTADO DE EDUCAÇÃO - SEE,3,3,90,14,13,1,10978,12,368,169,2,128,2128,1,2100000.00,2100000.00,2100000.00,0,GESTÃO DO ÓRGÃO CENTRAL,GESTÃO DO SISTEMA ESTADUAL DE EDUCAÇÃO
2025,1260,SECRETARIA DE ESTADO DE EDUCAÇÃO - SEE,3,0,1261,SECRETARIA DE ESTADO DE EDUCAÇÃO - SEE,3,3,90,30,10,1,10978,12,368,169,2,128,2128,1,3500000.00,3500000.00,3500000.00,0,GESTÃO DO ÓRGÃO CENTRAL,GESTÃO DO SISTEMA ESTADUAL DE EDUCAÇÃO
2025,1260,SECRETARIA DE ESTADO DE EDUCAÇÃO - SEE,3,0,1261,SECRETARIA DE ESTADO DE EDUCAÇÃO - SEE,3,3,90,33,10,1,10978,12,368,169,2,128,2128,1,4137390.00,4137390.00,4137390.00,0,GESTÃO DO ÓRGÃO CENTRAL,GESTÃO DO SISTEMA ESTADUAL DE EDUCAÇÃO
2025,1260,SECRETARIA DE ESTADO DE EDUCAÇÃO - SEE,3,0,1261,SECRETARIA DE ESTADO DE EDUCAÇÃO - SEE,3,3,90,36,10,1,10978,12,368,169,2,128,2128,1,3300000.00,3300000.00,3300000.00,0,GESTÃO DO ÓRGÃO CENTRAL,GESTÃO DO SISTEMA ESTADUAL DE EDUCAÇÃO
2025,1260,SECRETARIA DE ESTADO DE EDUCAÇÃO - SEE,3,0,1261,SECRETARIA DE ESTADO DE EDUCAÇÃO - SEE,3,3,90,37,10,1,10978,12,368,169,2,128,2128,1,85000000.00,85000000.00,85000000.00,0,GESTÃO DO ÓRGÃO CENTRAL,GESTÃO DO SISTEMA ESTADUAL DE EDUCAÇÃO
2025,1260,SECRETARIA DE ESTADO DE EDUCAÇÃO - SEE,3,0,1261,SECRETARIA DE ESTADO DE EDUCAÇÃO - SEE,3,3,90,39,10,1,10978,12,368,169,2,128,2128,1,46380000.00,46380000.00,46380000.00,0,GESTÃO DO ÓRGÃO CENTRAL,GESTÃO DO SISTEMA ESTADUAL DE EDUCAÇÃO
2025,1260,SECRETARIA DE ESTADO DE EDUCAÇÃO - SEE,3,0,1261,SECRETARIA DE ESTADO DE EDUCAÇÃO - SEE,3,3,90,40,10,1,10978,12,368,169,2,128,2128,1,49516610.00,49516610.00,49516610.00,0,GESTÃO DO ÓRGÃO CENTRAL,GESTÃO DO SISTEMA ESTADUAL DE EDUCAÇÃO
2025,1260,SECRETARIA DE ESTADO DE EDUCAÇÃO - SEE,3,0,1261,SECRETARIA DE ESTADO DE EDUCAÇÃO - SEE,3,3,90,14,10,1,10979,12,368,169,2,129,2129,1,250000.00,250000.00,250000.00,0,OPERACIONALIZAÇÃO DAS AÇÕES DOS CONSELHOS,GESTÃO DO SISTEMA ESTADUAL DE EDUCAÇÃO
2025,1260,SECRETARIA DE ESTADO DE EDUCAÇÃO - SEE,3,0,1261,SECRETARIA DE ESTADO DE EDUCAÇÃO - SEE,3,3,90,30,10,1,10979,12,368,169,2,129,2129,1,145000.00,145000.00,145000.00,0,OPERACIONALIZAÇÃO DAS AÇÕES DOS CONSELHOS,GESTÃO DO SISTEMA ESTADUAL DE EDUCAÇÃO
2025,1260,SECRETARIA DE ESTADO DE EDUCAÇÃO - SEE,3,0,1261,SECRETARIA DE ESTADO DE EDUCAÇÃO - SEE,3,3,90,33,10,1,10979,12,368,169,2,129,2129,1,95000.00,95000.00,95000.00,0,OPERACIONALIZAÇÃO DAS AÇÕES DOS CONSELHOS,GESTÃO DO SISTEMA ESTADUAL DE EDUCAÇÃO
2025,1260,SECRETARIA DE ESTADO DE EDUCAÇÃO - SEE,3,0,1261,SECRETARIA DE ESTADO DE EDUCAÇÃO - SEE,3,3,90,36,10,1,10979,12,368,169,2,129,2129,1,78988.00,78988.00,78988.00,0,OPERACIONALIZAÇÃO DAS AÇÕES DOS CONSELHOS,GESTÃO DO SISTEMA ESTADUAL DE EDUCAÇÃO
2025,1260,SECRETARIA DE ESTADO DE EDUCAÇÃO - SEE,3,0,1261,SECRETARIA DE ESTADO DE EDUCAÇÃO - SEE,3,3,90,39,10,1,10979,12,368,169,2,129,2129,1,45000.00,45000.00,45000.00,0,OPERACIONALIZAÇÃO DAS AÇÕES DOS CONSELHOS,GESTÃO DO SISTEMA ESTADUAL DE EDUCAÇÃO
2025,1260,SECRETARIA DE ESTADO DE EDUCAÇÃO - SEE,3,0,1261,SECRETARIA DE ESTADO DE EDUCAÇÃO - SEE,3,3,40,41,10,1,11010,12,782,172,4,547,4547,1,592123461.00,592123461.00,592123461.00,0,PROGRAMA ESTADUAL DO TRANSPORTE ESCOLAR - PTE/MG,PROGRAMA ESTADUAL DE COOPERACAO ESTADO-MUNICIPIO NA AREA EDUCACIONAL
2025,1260,SECRETARIA DE ESTADO DE EDUCAÇÃO - SEE,3,0,1261,SECRETARIA DE ESTADO DE EDUCAÇÃO - SEE,3,3,40,41,15,1,11010,12,782,172,4,547,4547,1,21794671.00,21794671.00,21794671.00,0,PROGRAMA ESTADUAL DO TRANSPORTE ESCOLAR - PTE/MG,PROGRAMA ESTADUAL DE COOPERACAO ESTADO-MUNICIPIO NA AREA EDUCACIONAL
2025,1260,SECRETARIA DE ESTADO DE EDUCAÇÃO - SEE,3,0,1261,SECRETARIA DE ESTADO DE EDUCAÇÃO - SEE,3,3,50,43,21,1,11010,12,782,172,4,547,4547,1,158000000.00,158000000.00,158000000.00,0,PROGRAMA ESTADUAL DO TRANSPORTE ESCOLAR - PTE/MG,PROGRAMA ESTADUAL DE COOPERACAO ESTADO-MUNICIPIO NA AREA EDUCACIONAL
2025,1260,SECRETARIA DE ESTADO DE EDUCAÇÃO - SEE,3,0,2151,FUNDAÇÃO HELENA ANTIPOFF - FHA,3,1,90,11,10,1,9779,12,122,705,2,500,2500,1,7995365.00,7995365.00,7995365.00,0,ASSESSORAMENTO E GERENCIAMENTO DE POLÍTICAS PÚBLICAS,APOIO ÀS POLÍTICAS PÚBLICAS
2025,1260,SECRETARIA DE ESTADO DE EDUCAÇÃO - SEE,3,0,2151,FUNDAÇÃO HELENA ANTIPOFF - FHA,3,1,91,13,10,1,9779,12,122,705,2,500,2500,1,1088001.00,1088001.00,1088001.00,0,ASSESSORAMENTO E GERENCIAMENTO DE POLÍTICAS PÚBLICAS,APOIO ÀS POLÍTICAS PÚBLICAS
2025,1260,SECRETARIA DE ESTADO DE EDUCAÇÃO - SEE,3,0,2151,FUNDAÇÃO HELENA ANTIPOFF - FHA,3,3,90,30,10,1,9779,12,122,705,2,500,2500,1,1427600.00,1427600.00,1427600.00,0,ASSESSORAMENTO E GERENCIAMENTO DE POLÍTICAS PÚBLICAS,APOIO ÀS POLÍTICAS PÚBLICAS
2025,1260,SECRETARIA DE ESTADO DE EDUCAÇÃO - SEE,3,0,2151,FUNDAÇÃO HELENA ANTIPOFF - FHA,3,3,90,33,10,1,9779,12,122,705,2,500,2500,1,100000.00,100000.00,100000.00,0,ASSESSORAMENTO E GERENCIAMENTO DE POLÍTICAS PÚBLICAS,APOIO ÀS POLÍTICAS PÚBLICAS
2025,1260,SECRETARIA DE ESTADO DE EDUCAÇÃO - SEE,3,0,2151,FUNDAÇÃO HELENA ANTIPOFF - FHA,3,3,90,36,10,1,9779,12,122,705,2,500,2500,1,48000.00,48000.00,48000.00,0,ASSESSORAMENTO E GERENCIAMENTO DE POLÍTICAS PÚBLICAS,APOIO ÀS POLÍTICAS PÚBLICAS
2025,1260,SECRETARIA DE ESTADO DE EDUCAÇÃO - SEE,3,0,2151,FUNDAÇÃO HELENA ANTIPOFF - FHA,3,3,90,39,10,1,9779,12,122,705,2,500,2500,1,11949190.00,11949190.00,11949190.00,0,ASSESSORAMENTO E GERENCIAMENTO DE POLÍTICAS PÚBLICAS,APOIO ÀS POLÍTICAS PÚBLICAS
2025,1260,SECRETARIA DE ESTADO DE EDUCAÇÃO - SEE,3,0,2151,FUNDAÇÃO HELENA ANTIPOFF - FHA,3,3,90,39,60,1,9779,12,122,705,2,500,2500,1,242000.00,242000.00,242000.00,0,ASSESSORAMENTO E GERENCIAMENTO DE POLÍTICAS PÚBLICAS,APOIO ÀS POLÍTICAS PÚBLICAS
2025,1260,SECRETARIA DE ESTADO DE EDUCAÇÃO - SEE,3,0,2151,FUNDAÇÃO HELENA ANTIPOFF - FHA,3,3,90,40,10,1,9779,12,122,705,2,500,2500,1,916308.00,916308.00,916308.00,0,ASSESSORAMENTO E GERENCIAMENTO DE POLÍTICAS PÚBLICAS,APOIO ÀS POLÍTICAS PÚBLICAS
2025,1260,SECRETARIA DE ESTADO DE EDUCAÇÃO - SEE,3,0,2151,FUNDAÇÃO HELENA ANTIPOFF - FHA,3,3,90,46,10,7,9779,12,122,705,2,500,2500,1,3224938.00,3224938.00,3224938.00,0,ASSESSORAMENTO E GERENCIAMENTO DE POLÍTICAS PÚBLICAS,APOIO ÀS POLÍTICAS PÚBLICAS
2025,1260,SECRETARIA DE ESTADO DE EDUCAÇÃO - SEE,3,0,2151,FUNDAÇÃO HELENA ANTIPOFF - FHA,3,3,90,47,10,1,9779,12,122,705,2,500,2500,1,559000.00,559000.00,559000.00,0,ASSESSORAMENTO E GERENCIAMENTO DE POLÍTICAS PÚBLICAS,APOIO ÀS POLÍTICAS PÚBLICAS
2025,1260,SECRETARIA DE ESTADO DE EDUCAÇÃO - SEE,3,0,2151,FUNDAÇÃO HELENA ANTIPOFF - FHA,3,3,90,49,10,7,9779,12,122,705,2,500,2500,1,440163.00,440163.00,440163.00,0,ASSESSORAMENTO E GERENCIAMENTO DE POLÍTICAS PÚBLICAS,APOIO ÀS POLÍTICAS PÚBLICAS
2025,1260,SECRETARIA DE ESTADO DE EDUCAÇÃO - SEE,3,0,2151,FUNDAÇÃO HELENA ANTIPOFF - FHA,4,4,90,52,10,1,9779,12,122,705,2,500,2500,1,448000.00,448000.00,448000.00,0,ASSESSORAMENTO E GERENCIAMENTO DE POLÍTICAS PÚBLICAS,APOIO ÀS POLÍTICAS PÚBLICAS
2025,1260,SECRETARIA DE ESTADO DE EDUCAÇÃO - SEE,3,0,2151,FUNDAÇÃO HELENA ANTIPOFF - FHA,3,3,90,30,10,1,10338,12,244,51,4,92,4092,1,20000.00,20000.00,20000.00,0,OFICINAS PEDAGÓGICAS : UM OLHAR AO CIDADÃO!,ATENDIMENTO COMUNITÁRIO E PSICOPEDAGOGICO NA FUNDACÃO HELENA ANTIPOFF
2025,1260,SECRETARIA DE ESTADO DE EDUCAÇÃO - SEE,3,0,2151,FUNDAÇÃO HELENA ANTIPOFF - FHA,3,3,99,99,10,4,10338,12,244,51,4,92,4092,1,300000.00,300000.00,300000.00,0,OFICINAS PEDAGÓGICAS : UM OLHAR AO CIDADÃO!,ATENDIMENTO COMUNITÁRIO E PSICOPEDAGOGICO NA FUNDACÃO HELENA ANTIPOFF
2025,1260,SECRETARIA DE ESTADO DE EDUCAÇÃO - SEE,3,0,2151,FUNDAÇÃO HELENA ANTIPOFF - FHA,3,1,90,11,10,1,10340,12,244,51,4,93,4093,1,878000.00,878000.00,878000.00,0,ATENDIMENTO NA CLÍNICA PSICOPEDAGÓGICA ÉDOUARD CLAPARÉDE,ATENDIMENTO COMUNITÁRIO E PSICOPEDAGOGICO NA FUNDACÃO HELENA ANTIPOFF
2025,1260,SECRETARIA DE ESTADO DE EDUCAÇÃO - SEE,3,0,2151,FUNDAÇÃO HELENA ANTIPOFF - FHA,3,1,91,13,10,1,10340,12,244,51,4,93,4093,1,159000.00,159000.00,159000.00,0,ATENDIMENTO NA CLÍNICA PSICOPEDAGÓGICA ÉDOUARD CLAPARÉDE,ATENDIMENTO COMUNITÁRIO E PSICOPEDAGOGICO NA FUNDACÃO HELENA ANTIPOFF
2025,1260,SECRETARIA DE ESTADO DE EDUCAÇÃO - SEE,3,0,2151,FUNDAÇÃO HELENA ANTIPOFF - FHA,3,3,90,30,10,1,10340,12,244,51,4,93,4093,1,300000.00,300000.00,300000.00,0,ATENDIMENTO NA CLÍNICA PSICOPEDAGÓGICA ÉDOUARD CLAPARÉDE,ATENDIMENTO COMUNITÁRIO E PSICOPEDAGOGICO NA FUNDACÃO HELENA ANTIPOFF
2025,1260,SECRETARIA DE ESTADO DE EDUCAÇÃO - SEE,3,0,2151,FUNDAÇÃO HELENA ANTIPOFF - FHA,3,3,90,46,10,7,10340,12,244,51,4,93,4093,1,261938.00,261938.00,261938.00,0,ATENDIMENTO NA CLÍNICA PSICOPEDAGÓGICA ÉDOUARD CLAPARÉDE,ATENDIMENTO COMUNITÁRIO E PSICOPEDAGOGICO NA FUNDACÃO HELENA ANTIPOFF
2025,1260,SECRETARIA DE ESTADO DE EDUCAÇÃO - SEE,3,0,2151,FUNDAÇÃO HELENA ANTIPOFF - FHA,3,3,90,49,10,7,10340,12,244,51,4,93,4093,1,35719.00,35719.00,35719.00,0,ATENDIMENTO NA CLÍNICA PSICOPEDAGÓGICA ÉDOUARD CLAPARÉDE,ATENDIMENTO COMUNITÁRIO E PSICOPEDAGOGICO NA FUNDACÃO HELENA ANTIPOFF
2025,1260,SECRETARIA DE ESTADO DE EDUCAÇÃO - SEE,3,0,2151,FUNDAÇÃO HELENA ANTIPOFF - FHA,3,3,90,30,10,1,10990,12,306,163,2,130,2130,1,2000000.00,2000000.00,2000000.00,0,MELHORIA NA ALIMENTAÇÃO,ALIMENTAÇÃO ESCOLAR
2025,1260,SECRETARIA DE ESTADO DE EDUCAÇÃO - SEE,3,0,2151,FUNDAÇÃO HELENA ANTIPOFF - FHA,3,1,90,11,10,1,10319,12,361,42,4,78,4078,1,9563000.00,9563000.00,9563000.00,0,ENSINO FUNDAMENTAL,DESENVOLVIMENTO DA EDUCAÇÃO BÁSICA
2025,1260,SECRETARIA DE ESTADO DE EDUCAÇÃO - SEE,3,0,2151,FUNDAÇÃO HELENA ANTIPOFF - FHA,3,1,91,13,10,1,10319,12,361,42,4,78,4078,1,1054000.00,1054000.00,1054000.00,0,ENSINO FUNDAMENTAL,DESENVOLVIMENTO DA EDUCAÇÃO BÁSICA
2025,1260,SECRETARIA DE ESTADO DE EDUCAÇÃO - SEE,3,0,2151,FUNDAÇÃO HELENA ANTIPOFF - FHA,3,3,90,30,10,1,10319,12,361,42,4,78,4078,1,554000.00,554000.00,554000.00,0,ENSINO FUNDAMENTAL,DESENVOLVIMENTO DA EDUCAÇÃO BÁSICA
2025,1260,SECRETARIA DE ESTADO DE EDUCAÇÃO - SEE,3,0,2151,FUNDAÇÃO HELENA ANTIPOFF - FHA,3,3,90,39,10,1,10319,12,361,42,4,78,4078,1,1097120.00,1097120.00,1097120.00,0,ENSINO FUNDAMENTAL,DESENVOLVIMENTO DA EDUCAÇÃO BÁSICA
2025,1260,SECRETARIA DE ESTADO DE EDUCAÇÃO - SEE,3,0,2151,FUNDAÇÃO HELENA ANTIPOFF - FHA,3,3,90,46,10,7,10319,12,361,42,4,78,4078,1,1065939.00,1065939.00,1065939.00,0,ENSINO FUNDAMENTAL,DESENVOLVIMENTO DA EDUCAÇÃO BÁSICA
2025,1260,SECRETARIA DE ESTADO DE EDUCAÇÃO - SEE,3,0,2151,FUNDAÇÃO HELENA ANTIPOFF - FHA,3,3,90,49,10,7,10319,12,361,42,4,78,4078,1,145356.00,145356.00,145356.00,0,ENSINO FUNDAMENTAL,DESENVOLVIMENTO DA EDUCAÇÃO BÁSICA
2025,1260,SECRETARIA DE ESTADO DE EDUCAÇÃO - SEE,3,0,2151,FUNDAÇÃO HELENA ANTIPOFF - FHA,3,1,90,11,10,1,10321,12,362,42,4,80,4080,1,6226000.00,6226000.00,6226000.00,0,ENSINO MÉDIO REGULAR,DESENVOLVIMENTO DA EDUCAÇÃO BÁSICA
2025,1260,SECRETARIA DE ESTADO DE EDUCAÇÃO - SEE,3,0,2151,FUNDAÇÃO HELENA ANTIPOFF - FHA,3,1,91,13,10,1,10321,12,362,42,4,80,4080,1,725000.00,725000.00,725000.00,0,ENSINO MÉDIO REGULAR,DESENVOLVIMENTO DA EDUCAÇÃO BÁSICA
2025,1260,SECRETARIA DE ESTADO DE EDUCAÇÃO - SEE,3,0,2151,FUNDAÇÃO HELENA ANTIPOFF - FHA,3,3,90,30,10,1,10321,12,362,42,4,80,4080,1,746000.00,746000.00,746000.00,0,ENSINO MÉDIO REGULAR,DESENVOLVIMENTO DA EDUCAÇÃO BÁSICA
2025,1260,SECRETARIA DE ESTADO DE EDUCAÇÃO - SEE,3,0,2151,FUNDAÇÃO HELENA ANTIPOFF - FHA,3,3,90,40,10,1,10321,12,362,42,4,80,4080,1,174000.00,174000.00,174000.00,0,ENSINO MÉDIO REGULAR,DESENVOLVIMENTO DA EDUCAÇÃO BÁSICA
2025,1260,SECRETARIA DE ESTADO DE EDUCAÇÃO - SEE,3,0,2151,FUNDAÇÃO HELENA ANTIPOFF - FHA,3,3,90,46,10,7,10321,12,362,42,4,80,4080,1,766738.00,766738.00,766738.00,0,ENSINO MÉDIO REGULAR,DESENVOLVIMENTO DA EDUCAÇÃO BÁSICA
2025,1260,SECRETARIA DE ESTADO DE EDUCAÇÃO - SEE,3,0,2151,FUNDAÇÃO HELENA ANTIPOFF - FHA,3,3,90,49,10,7,10321,12,362,42,4,80,4080,1,104556.00,104556.00,104556.00,0,ENSINO MÉDIO REGULAR,DESENVOLVIMENTO DA EDUCAÇÃO BÁSICA
2025,1260,SECRETARIA DE ESTADO DE EDUCAÇÃO - SEE,3,0,2151,FUNDAÇÃO HELENA ANTIPOFF - FHA,3,3,90,30,10,1,10316,12,368,42,4,75,4075,1,10000.00,10000.00,10000.00,0,FORMAÇÃO CONTINUADA DE PROFESSORES PELO NÚCLO DE FORMAÇÃO PRESENCIAL E A DISTÂNCIA,DESENVOLVIMENTO DA EDUCAÇÃO BÁSICA
2025,1260,SECRETARIA DE ESTADO DE EDUCAÇÃO - SEE,3,0,2151,FUNDAÇÃO HELENA ANTIPOFF - FHA,3,3,50,43,10,1,10317,12,368,42,4,76,4076,1,2240000.00,2240000.00,2240000.00,0,PASSAPORTE MINEIRO DO CONHECIMENTO,DESENVOLVIMENTO DA EDUCAÇÃO BÁSICA
2025,1260,SECRETARIA DE ESTADO DE EDUCAÇÃO - SEE,3,0,2151,FUNDAÇÃO HELENA ANTIPOFF - FHA,3,3,90,18,10,1,10317,12,368,42,4,76,4076,1,264000.00,264000.00,264000.00,0,PASSAPORTE MINEIRO DO CONHECIMENTO,DESENVOLVIMENTO DA EDUCAÇÃO BÁSICA
2025,1260,SECRETARIA DE ESTADO DE EDUCAÇÃO - SEE,3,0,2151,FUNDAÇÃO HELENA ANTIPOFF - FHA,3,3,90,39,10,1,10318,12,368,42,4,77,4077,1,4108857.00,4108857.00,4108857.00,0,EDUCAÇÃO BÁSICA: AMPLIAÇÃO DA JORNADA ESCOLAR,DESENVOLVIMENTO DA EDUCAÇÃO BÁSICA
2025,1260,SECRETARIA DE ESTADO DE EDUCAÇÃO - SEE,3,0,2151,FUNDAÇÃO HELENA ANTIPOFF - FHA,3,3,90,40,10,1,10318,12,368,42,4,77,4077,1,116172.00,116172.00,116172.00,0,EDUCAÇÃO BÁSICA: AMPLIAÇÃO DA JORNADA ESCOLAR,DESENVOLVIMENTO DA EDUCAÇÃO BÁSICA
2025,1260,SECRETARIA DE ESTADO DE EDUCAÇÃO - SEE,3,0,2151,FUNDAÇÃO HELENA ANTIPOFF - FHA,3,3,50,43,10,1,11118,12,368,42,4,175,4175,1,620000.00,620000.00,620000.00,0,PLUG MINAS,DESENVOLVIMENTO DA EDUCAÇÃO BÁSICA
2025,1260,SECRETARIA DE ESTADO DE EDUCAÇÃO - SEE,3,0,2151,FUNDAÇÃO HELENA ANTIPOFF - FHA,3,3,90,39,10,1,11118,12,368,42,4,175,4175,1,9785000.00,9785000.00,9785000.00,0,PLUG MINAS,DESENVOLVIMENTO DA EDUCAÇÃO BÁSICA
2025,1260,SECRETARIA DE ESTADO DE EDUCAÇÃO - SEE,3,0,2151,FUNDAÇÃO HELENA ANTIPOFF - FHA,3,3,90,40,10,1,11118,12,368,42,4,175,4175,1,180000.00,180000.00,180000.00,0,PLUG MINAS,DESENVOLVIMENTO DA EDUCAÇÃO BÁSICA
2025,1260,SECRETARIA DE ESTADO DE EDUCAÇÃO - SEE,3,0,2151,FUNDAÇÃO HELENA ANTIPOFF - FHA,3,3,90,47,10,1,11118,12,368,42,4,175,4175,1,15000.00,15000.00,15000.00,0,PLUG MINAS,DESENVOLVIMENTO DA EDUCAÇÃO BÁSICA
2025,1260,SECRETARIA DE ESTADO DE EDUCAÇÃO - SEE,3,0,2151,FUNDAÇÃO HELENA ANTIPOFF - FHA,4,4,90,52,10,1,11118,12,368,42,4,175,4175,1,400000.00,400000.00,400000.00,0,PLUG MINAS,DESENVOLVIMENTO DA EDUCAÇÃO BÁSICA
2025,1260,SECRETARIA DE ESTADO DE EDUCAÇÃO - SEE,3,0,2151,FUNDAÇÃO HELENA ANTIPOFF - FHA,3,3,90,18,10,1,10514,12,368,42,4,232,4232,1,100000.00,100000.00,100000.00,0,ASSISTÊNCIA ESTUDANTIL,DESENVOLVIMENTO DA EDUCAÇÃO BÁSICA
2025,1260,SECRETARIA DE ESTADO DE EDUCAÇÃO - SEE,3,0,2151,FUNDAÇÃO HELENA ANTIPOFF - FHA,3,1,90,11,10,1,10337,12,368,51,2,15,2015,1,938000.00,938000.00,938000.00,0,CERTIFICAÇÕES PELO NÚCLEO DE FORMAÇÃO PRESENCIAL E À DISTÂNCIA,ATENDIMENTO COMUNITÁRIO E PSICOPEDAGOGICO NA FUNDACÃO HELENA ANTIPOFF
2025,1260,SECRETARIA DE ESTADO DE EDUCAÇÃO - SEE,3,0,2151,FUNDAÇÃO HELENA ANTIPOFF - FHA,3,1,91,13,10,1,10337,12,368,51,2,15,2015,1,468170.00,468170.00,468170.00,0,CERTIFICAÇÕES PELO NÚCLEO DE FORMAÇÃO PRESENCIAL E À DISTÂNCIA,ATENDIMENTO COMUNITÁRIO E PSICOPEDAGOGICO NA FUNDACÃO HELENA ANTIPOFF
2025,1260,SECRETARIA DE ESTADO DE EDUCAÇÃO - SEE,3,0,2151,FUNDAÇÃO HELENA ANTIPOFF - FHA,3,3,90,39,10,1,10337,12,368,51,2,15,2015,1,30000.00,30000.00,30000.00,0,CERTIFICAÇÕES PELO NÚCLEO DE FORMAÇÃO PRESENCIAL E À DISTÂNCIA,ATENDIMENTO COMUNITÁRIO E PSICOPEDAGOGICO NA FUNDACÃO HELENA ANTIPOFF
2025,1260,SECRETARIA DE ESTADO DE EDUCAÇÃO - SEE,3,0,2151,FUNDAÇÃO HELENA ANTIPOFF - FHA,3,3,90,46,10,7,10337,12,368,51,2,15,2015,1,244007.00,244007.00,244007.00,0,CERTIFICAÇÕES PELO NÚCLEO DE FORMAÇÃO PRESENCIAL E À DISTÂNCIA,ATENDIMENTO COMUNITÁRIO E PSICOPEDAGOGICO NA FUNDACÃO HELENA ANTIPOFF
2025,1260,SECRETARIA DE ESTADO DE EDUCAÇÃO - SEE,3,0,2151,FUNDAÇÃO HELENA ANTIPOFF - FHA,3,3,90,49,10,7,10337,12,368,51,2,15,2015,1,33274.00,33274.00,33274.00,0,CERTIFICAÇÕES PELO NÚCLEO DE FORMAÇÃO PRESENCIAL E À DISTÂNCIA,ATENDIMENTO COMUNITÁRIO E PSICOPEDAGOGICO NA FUNDACÃO HELENA ANTIPOFF
2025,1260,SECRETARIA DE ESTADO DE EDUCAÇÃO - SEE,3,0,2151,FUNDAÇÃO HELENA ANTIPOFF - FHA,3,1,90,11,10,1,10468,12,368,76,4,198,4198,1,2817000.00,2817000.00,2817000.00,0,ATENDIMENTO NO ENSINO TECNICO PROFISSIONALIZANTE,DESENVOLVIMENTO DA EDUCAÇÃO PROFISSIONAL TÉCNICA
2025,1260,SECRETARIA DE ESTADO DE EDUCAÇÃO - SEE,3,0,2151,FUNDAÇÃO HELENA ANTIPOFF - FHA,3,1,91,13,10,1,10468,12,368,76,4,198,4198,1,278000.00,278000.00,278000.00,0,ATENDIMENTO NO ENSINO TECNICO PROFISSIONALIZANTE,DESENVOLVIMENTO DA EDUCAÇÃO PROFISSIONAL TÉCNICA
2025,1260,SECRETARIA DE ESTADO DE EDUCAÇÃO - SEE,3,0,2151,FUNDAÇÃO HELENA ANTIPOFF - FHA,3,3,90,33,10,1,10468,12,368,76,4,198,4198,1,38400.00,38400.00,38400.00,0,ATENDIMENTO NO ENSINO TECNICO PROFISSIONALIZANTE,DESENVOLVIMENTO DA EDUCAÇÃO PROFISSIONAL TÉCNICA
2025,1260,SECRETARIA DE ESTADO DE EDUCAÇÃO - SEE,3,0,2151,FUNDAÇÃO HELENA ANTIPOFF - FHA,3,3,90,39,10,1,10468,12,368,76,4,198,4198,1,268752.00,268752.00,268752.00,0,ATENDIMENTO NO ENSINO TECNICO PROFISSIONALIZANTE,DESENVOLVIMENTO DA EDUCAÇÃO PROFISSIONAL TÉCNICA
2025,1260,SECRETARIA DE ESTADO DE EDUCAÇÃO - SEE,3,0,2151,FUNDAÇÃO HELENA ANTIPOFF - FHA,3,3,90,46,10,7,10468,12,368,76,4,198,4198,1,591751.00,591751.00,591751.00,0,ATENDIMENTO NO ENSINO TECNICO PROFISSIONALIZANTE,DESENVOLVIMENTO DA EDUCAÇÃO PROFISSIONAL TÉCNICA
2025,1260,SECRETARIA DE ESTADO DE EDUCAÇÃO - SEE,3,0,2151,FUNDAÇÃO HELENA ANTIPOFF - FHA,3,3,90,49,10,7,10468,12,368,76,4,198,4198,1,80694.00,80694.00,80694.00,0,ATENDIMENTO NO ENSINO TECNICO PROFISSIONALIZANTE,DESENVOLVIMENTO DA EDUCAÇÃO PROFISSIONAL TÉCNICA
2025,1260,SECRETARIA DE ESTADO DE EDUCAÇÃO - SEE,3,0,2151,FUNDAÇÃO HELENA ANTIPOFF - FHA,4,4,90,52,10,1,10468,12,368,76,4,198,4198,1,625000.00,625000.00,625000.00,0,ATENDIMENTO NO ENSINO TECNICO PROFISSIONALIZANTE,DESENVOLVIMENTO DA EDUCAÇÃO PROFISSIONAL TÉCNICA
2025,1260,SECRETARIA DE ESTADO DE EDUCAÇÃO - SEE,3,0,2151,FUNDAÇÃO HELENA ANTIPOFF - FHA,3,1,90,11,10,1,10469,12,368,76,4,199,4199,1,3854000.00,3854000.00,3854000.00,0,ENSINO MÉDIO EM TEMPO INTEGRAL - EMTI,DESENVOLVIMENTO DA EDUCAÇÃO PROFISSIONAL TÉCNICA
2025,1260,SECRETARIA DE ESTADO DE EDUCAÇÃO - SEE,3,0,2151,FUNDAÇÃO HELENA ANTIPOFF - FHA,3,1,91,13,10,1,10469,12,368,76,4,199,4199,1,381000.00,381000.00,381000.00,0,ENSINO MÉDIO EM TEMPO INTEGRAL - EMTI,DESENVOLVIMENTO DA EDUCAÇÃO PROFISSIONAL TÉCNICA
2025,1260,SECRETARIA DE ESTADO DE EDUCAÇÃO - SEE,3,0,2151,FUNDAÇÃO HELENA ANTIPOFF - FHA,3,3,90,30,10,1,10469,12,368,76,4,199,4199,1,121000.00,121000.00,121000.00,0,ENSINO MÉDIO EM TEMPO INTEGRAL - EMTI,DESENVOLVIMENTO DA EDUCAÇÃO PROFISSIONAL TÉCNICA
2025,1260,SECRETARIA DE ESTADO DE EDUCAÇÃO - SEE,3,0,2151,FUNDAÇÃO HELENA ANTIPOFF - FHA,3,3,90,46,10,7,10469,12,368,76,4,199,4199,1,387703.00,387703.00,387703.00,0,ENSINO MÉDIO EM TEMPO INTEGRAL - EMTI,DESENVOLVIMENTO DA EDUCAÇÃO PROFISSIONAL TÉCNICA
2025,1260,SECRETARIA DE ESTADO DE EDUCAÇÃO - SEE,3,0,2151,FUNDAÇÃO HELENA ANTIPOFF - FHA,3,3,90,49,10,7,10469,12,368,76,4,199,4199,1,52869.00,52869.00,52869.00,0,ENSINO MÉDIO EM TEMPO INTEGRAL - EMTI,DESENVOLVIMENTO DA EDUCAÇÃO PROFISSIONAL TÉCNICA
2025,1260,SECRETARIA DE ESTADO DE EDUCAÇÃO - SEE,3,0,2151,FUNDAÇÃO HELENA ANTIPOFF - FHA,4,4,90,52,10,1,10469,12,368,76,4,199,4199,1,150000.00,150000.00,150000.00,0,ENSINO MÉDIO EM TEMPO INTEGRAL - EMTI,DESENVOLVIMENTO DA EDUCAÇÃO PROFISSIONAL TÉCNICA
2025,1260,SECRETARIA DE ESTADO DE EDUCAÇÃO - SEE,3,0,2151,FUNDAÇÃO HELENA ANTIPOFF - FHA,3,1,90,11,10,1,10515,12,368,89,4,233,4233,1,626000.00,626000.00,626000.00,0,MUSEU HELENA ANTIPOFF,"MEMÓRIA VIVA: DIFUSÃO CULTURAL, PATRIMÔNIO MATERIAL E IMATERIAL"
2025,1260,SECRETARIA DE ESTADO DE EDUCAÇÃO - SEE,3,0,2151,FUNDAÇÃO HELENA ANTIPOFF - FHA,3,1,91,13,10,1,10515,12,368,89,4,233,4233,1,71000.00,71000.00,71000.00,0,MUSEU HELENA ANTIPOFF,"MEMÓRIA VIVA: DIFUSÃO CULTURAL, PATRIMÔNIO MATERIAL E IMATERIAL"
2025,1260,SECRETARIA DE ESTADO DE EDUCAÇÃO - SEE,3,0,2151,FUNDAÇÃO HELENA ANTIPOFF - FHA,3,3,90,39,10,1,10515,12,368,89,4,233,4233,1,10000.00,10000.00,10000.00,0,MUSEU HELENA ANTIPOFF,"MEMÓRIA VIVA: DIFUSÃO CULTURAL, PATRIMÔNIO MATERIAL E IMATERIAL"
2025,1260,SECRETARIA DE ESTADO DE EDUCAÇÃO - SEE,3,0,2151,FUNDAÇÃO HELENA ANTIPOFF - FHA,3,3,90,46,10,7,10515,12,368,89,4,233,4233,1,133436.00,133436.00,133436.00,0,MUSEU HELENA ANTIPOFF,"MEMÓRIA VIVA: DIFUSÃO CULTURAL, PATRIMÔNIO MATERIAL E IMATERIAL"
2025,1260,SECRETARIA DE ESTADO DE EDUCAÇÃO - SEE,3,0,2151,FUNDAÇÃO HELENA ANTIPOFF - FHA,3,3,90,49,10,7,10515,12,368,89,4,233,4233,1,18196.00,18196.00,18196.00,0,MUSEU HELENA ANTIPOFF,"MEMÓRIA VIVA: DIFUSÃO CULTURAL, PATRIMÔNIO MATERIAL E IMATERIAL"
2025,1260,SECRETARIA DE ESTADO DE EDUCAÇÃO - SEE,3,0,2151,FUNDAÇÃO HELENA ANTIPOFF - FHA,3,1,90,11,10,1,10516,12,368,89,4,234,4234,1,87000.00,87000.00,87000.00,0,FORMAÇÃO NA PERSPECTIVA ANTIPOFFIANA,"MEMÓRIA VIVA: DIFUSÃO CULTURAL, PATRIMÔNIO MATERIAL E IMATERIAL"
2025,1260,SECRETARIA DE ESTADO DE EDUCAÇÃO - SEE,3,0,2151,FUNDAÇÃO HELENA ANTIPOFF - FHA,3,1,91,13,10,1,10516,12,368,89,4,234,4234,1,7930.00,7930.00,7930.00,0,FORMAÇÃO NA PERSPECTIVA ANTIPOFFIANA,"MEMÓRIA VIVA: DIFUSÃO CULTURAL, PATRIMÔNIO MATERIAL E IMATERIAL"
2025,1260,SECRETARIA DE ESTADO DE EDUCAÇÃO - SEE,3,0,2151,FUNDAÇÃO HELENA ANTIPOFF - FHA,3,3,90,39,10,1,10516,12,368,89,4,234,4234,1,10000.00,10000.00,10000.00,0,FORMAÇÃO NA PERSPECTIVA ANTIPOFFIANA,"MEMÓRIA VIVA: DIFUSÃO CULTURAL, PATRIMÔNIO MATERIAL E IMATERIAL"
2025,1260,SECRETARIA DE ESTADO DE EDUCAÇÃO - SEE,3,0,2151,FUNDAÇÃO HELENA ANTIPOFF - FHA,3,3,90,46,10,7,10516,12,368,89,4,234,4234,1,17651.00,17651.00,17651.00,0,FORMAÇÃO NA PERSPECTIVA ANTIPOFFIANA,"MEMÓRIA VIVA: DIFUSÃO CULTURAL, PATRIMÔNIO MATERIAL E IMATERIAL"
2025,1260,SECRETARIA DE ESTADO DE EDUCAÇÃO - SEE,3,0,2151,FUNDAÇÃO HELENA ANTIPOFF - FHA,3,3,90,49,10,7,10516,12,368,89,4,234,4234,1,2407.00,2407.00,2407.00,0,FORMAÇÃO NA PERSPECTIVA ANTIPOFFIANA,"MEMÓRIA VIVA: DIFUSÃO CULTURAL, PATRIMÔNIO MATERIAL E IMATERIAL"
2025,1260,SECRETARIA DE ESTADO DE EDUCAÇÃO - SEE,3,0,2151,FUNDAÇÃO HELENA ANTIPOFF - FHA,3,3,90,39,10,1,10460,12,572,75,1,23,1023,1,2000000.00,2000000.00,2000000.00,0,CENTRO DE PESQUISA AMBIENTAL E INOVAÇÃO TECNOLÓGICA,AMPLIAÇÃO E MODERNIZAÇÃO DA FUNDAÇÃO HELENA ANTIPOFF
2025,1260,SECRETARIA DE ESTADO DE EDUCAÇÃO - SEE,3,0,2151,FUNDAÇÃO HELENA ANTIPOFF - FHA,3,3,90,39,10,1,10461,12,812,75,1,24,1024,1,1800000.00,1800000.00,1800000.00,0,COMPLEXO ESPORTIVO HELENA ANTIPOFF,AMPLIAÇÃO E MODERNIZAÇÃO DA FUNDAÇÃO HELENA ANTIPOFF
2025,1260,SECRETARIA DE ESTADO DE EDUCAÇÃO - SEE,3,0,2151,FUNDAÇÃO HELENA ANTIPOFF - FHA,3,3,90,91,60,9,1453,28,846,705,7,4,7004,1,1000.00,1000.00,1000.00,0,PRECATÓRIOS E SENTENÇAS JUDICIÁRIAS,APOIO ÀS POLÍTICAS PÚBLICAS
2025,1260,SECRETARIA DE ESTADO DE EDUCAÇÃO - SEE,3,0,2161,FUNDAÇÃO EDUCACIONAL CAIO MARTINS - FUCAM,3,3,90,14,10,1,10956,4,122,104,4,515,4515,1,12900.00,12900.00,12900.00,0,MANUTENÇÃO DA OPERAÇÃO DOS CENTROS EDUCACIONAIS,ENFRENTAMENTO À VULNERABILIDADE NOS TERRITÓRIOS DE ATUAÇÃO DA FUCAM
2025,1260,SECRETARIA DE ESTADO DE EDUCAÇÃO - SEE,3,0,2161,FUNDAÇÃO EDUCACIONAL CAIO MARTINS - FUCAM,3,3,90,30,10,1,10956,4,122,104,4,515,4515,1,1414937.00,1414937.00,1414937.00,0,MANUTENÇÃO DA OPERAÇÃO DOS CENTROS EDUCACIONAIS,ENFRENTAMENTO À VULNERABILIDADE NOS TERRITÓRIOS DE ATUAÇÃO DA FUCAM
2025,1260,SECRETARIA DE ESTADO DE EDUCAÇÃO - SEE,3,0,2161,FUNDAÇÃO EDUCACIONAL CAIO MARTINS - FUCAM,3,3,90,36,10,1,10956,4,122,104,4,515,4515,1,1620.00,1620.00,1620.00,0,MANUTENÇÃO DA OPERAÇÃO DOS CENTROS EDUCACIONAIS,ENFRENTAMENTO À VULNERABILIDADE NOS TERRITÓRIOS DE ATUAÇÃO DA FUCAM
2025,1260,SECRETARIA DE ESTADO DE EDUCAÇÃO - SEE,3,0,2161,FUNDAÇÃO EDUCACIONAL CAIO MARTINS - FUCAM,3,3,90,39,10,1,10956,4,122,104,4,515,4515,1,544920.00,544920.00,544920.00,0,MANUTENÇÃO DA OPERAÇÃO DOS CENTROS EDUCACIONAIS,ENFRENTAMENTO À VULNERABILIDADE NOS TERRITÓRIOS DE ATUAÇÃO DA FUCAM
2025,1260,SECRETARIA DE ESTADO DE EDUCAÇÃO - SEE,3,0,2161,FUNDAÇÃO EDUCACIONAL CAIO MARTINS - FUCAM,3,3,90,40,10,1,10956,4,122,104,4,515,4515,1,130681.00,130681.00,130681.00,0,MANUTENÇÃO DA OPERAÇÃO DOS CENTROS EDUCACIONAIS,ENFRENTAMENTO À VULNERABILIDADE NOS TERRITÓRIOS DE ATUAÇÃO DA FUCAM
2025,1260,SECRETARIA DE ESTADO DE EDUCAÇÃO - SEE,3,0,2161,FUNDAÇÃO EDUCACIONAL CAIO MARTINS - FUCAM,4,4,90,52,10,1,10956,4,122,104,4,515,4515,1,75432.00,75432.00,75432.00,0,MANUTENÇÃO DA OPERAÇÃO DOS CENTROS EDUCACIONAIS,ENFRENTAMENTO À VULNERABILIDADE NOS TERRITÓRIOS DE ATUAÇÃO DA FUCAM
2025,1260,SECRETARIA DE ESTADO DE EDUCAÇÃO - SEE,3,0,2161,FUNDAÇÃO EDUCACIONAL CAIO MARTINS - FUCAM,3,1,90,11,10,1,11112,11,122,705,2,417,2417,1,1699751.00,1699751.00,1699751.00,0,REMUNERAÇÃO DE PESSOAL ATIVO E ENCARGOS SOCIAIS,APOIO ÀS POLÍTICAS PÚBLICAS
2025,1260,SECRETARIA DE ESTADO DE EDUCAÇÃO - SEE,3,0,2161,FUNDAÇÃO EDUCACIONAL CAIO MARTINS - FUCAM,3,1,91,13,10,1,11112,11,122,705,2,417,2417,1,584912.00,584912.00,584912.00,0,REMUNERAÇÃO DE PESSOAL ATIVO E ENCARGOS SOCIAIS,APOIO ÀS POLÍTICAS PÚBLICAS
2025,1260,SECRETARIA DE ESTADO DE EDUCAÇÃO - SEE,3,0,2161,FUNDAÇÃO EDUCACIONAL CAIO MARTINS - FUCAM,3,3,90,46,10,7,11112,11,122,705,2,417,2417,1,393036.00,393036.00,393036.00,0,REMUNERAÇÃO DE PESSOAL ATIVO E ENCARGOS SOCIAIS,APOIO ÀS POLÍTICAS PÚBLICAS
2025,1260,SECRETARIA DE ESTADO DE EDUCAÇÃO - SEE,3,0,2161,FUNDAÇÃO EDUCACIONAL CAIO MARTINS - FUCAM,3,3,90,49,10,7,11112,11,122,705,2,417,2417,1,5000.00,5000.00,5000.00,0,REMUNERAÇÃO DE PESSOAL ATIVO E ENCARGOS SOCIAIS,APOIO ÀS POLÍTICAS PÚBLICAS
2025,1260,SECRETARIA DE ESTADO DE EDUCAÇÃO - SEE,3,0,2161,FUNDAÇÃO EDUCACIONAL CAIO MARTINS - FUCAM,3,3,90,14,10,1,9776,11,122,705,2,500,2500,1,34512.00,34512.00,34512.00,0,ASSESSORAMENTO E GERENCIAMENTO DE POLÍTICAS PÚBLICAS,APOIO ÀS POLÍTICAS PÚBLICAS
2025,1260,SECRETARIA DE ESTADO DE EDUCAÇÃO - SEE,3,0,2161,FUNDAÇÃO EDUCACIONAL CAIO MARTINS - FUCAM,3,3,90,30,10,1,9776,11,122,705,2,500,2500,1,14000.00,14000.00,14000.00,0,ASSESSORAMENTO E GERENCIAMENTO DE POLÍTICAS PÚBLICAS,APOIO ÀS POLÍTICAS PÚBLICAS
2025,1260,SECRETARIA DE ESTADO DE EDUCAÇÃO - SEE,3,0,2161,FUNDAÇÃO EDUCACIONAL CAIO MARTINS - FUCAM,3,3,90,30,47,1,9776,11,122,705,2,500,2500,1,2000.00,2000.00,2000.00,0,ASSESSORAMENTO E GERENCIAMENTO DE POLÍTICAS PÚBLICAS,APOIO ÀS POLÍTICAS PÚBLICAS
2025,1260,SECRETARIA DE ESTADO DE EDUCAÇÃO - SEE,3,0,2161,FUNDAÇÃO EDUCACIONAL CAIO MARTINS - FUCAM,3,3,90,33,10,1,9776,11,122,705,2,500,2500,1,15000.00,15000.00,15000.00,0,ASSESSORAMENTO E GERENCIAMENTO DE POLÍTICAS PÚBLICAS,APOIO ÀS POLÍTICAS PÚBLICAS
2025,1260,SECRETARIA DE ESTADO DE EDUCAÇÃO - SEE,3,0,2161,FUNDAÇÃO EDUCACIONAL CAIO MARTINS - FUCAM,3,3,90,36,10,1,9776,11,122,705,2,500,2500,1,2400.00,2400.00,2400.00,0,ASSESSORAMENTO E GERENCIAMENTO DE POLÍTICAS PÚBLICAS,APOIO ÀS POLÍTICAS PÚBLICAS
2025,1260,SECRETARIA DE ESTADO DE EDUCAÇÃO - SEE,3,0,2161,FUNDAÇÃO EDUCACIONAL CAIO MARTINS - FUCAM,3,3,90,37,10,1,9776,11,122,705,2,500,2500,1,324000.00,324000.00,324000.00,0,ASSESSORAMENTO E GERENCIAMENTO DE POLÍTICAS PÚBLICAS,APOIO ÀS POLÍTICAS PÚBLICAS
2025,1260,SECRETARIA DE ESTADO DE EDUCAÇÃO - SEE,3,0,2161,FUNDAÇÃO EDUCACIONAL CAIO MARTINS - FUCAM,3,3,90,39,10,1,9776,11,122,705,2,500,2500,1,412074.00,412074.00,412074.00,0,ASSESSORAMENTO E GERENCIAMENTO DE POLÍTICAS PÚBLICAS,APOIO ÀS POLÍTICAS PÚBLICAS
2025,1260,SECRETARIA DE ESTADO DE EDUCAÇÃO - SEE,3,0,2161,FUNDAÇÃO EDUCACIONAL CAIO MARTINS - FUCAM,3,3,90,40,10,1,9776,11,122,705,2,500,2500,1,46200.00,46200.00,46200.00,0,ASSESSORAMENTO E GERENCIAMENTO DE POLÍTICAS PÚBLICAS,APOIO ÀS POLÍTICAS PÚBLICAS
2025,1260,SECRETARIA DE ESTADO DE EDUCAÇÃO - SEE,3,0,2161,FUNDAÇÃO EDUCACIONAL CAIO MARTINS - FUCAM,3,3,90,47,10,1,9776,11,122,705,2,500,2500,1,37700.00,37700.00,37700.00,0,ASSESSORAMENTO E GERENCIAMENTO DE POLÍTICAS PÚBLICAS,APOIO ÀS POLÍTICAS PÚBLICAS
2025,1260,SECRETARIA DE ESTADO DE EDUCAÇÃO - SEE,3,0,2161,FUNDAÇÃO EDUCACIONAL CAIO MARTINS - FUCAM,3,3,90,59,10,1,9776,11,122,705,2,500,2500,1,5400.00,5400.00,5400.00,0,ASSESSORAMENTO E GERENCIAMENTO DE POLÍTICAS PÚBLICAS,APOIO ÀS POLÍTICAS PÚBLICAS
2025,1260,SECRETARIA DE ESTADO DE EDUCAÇÃO - SEE,3,0,2161,FUNDAÇÃO EDUCACIONAL CAIO MARTINS - FUCAM,3,3,90,39,10,1,11049,11,242,5,1,11,1011,1,10000.00,10000.00,10000.00,0,CAPACITAÇÃO DOS PROFISSIONAIS DA FUCAM PARA ATENDIMENTO ADEQUADO A PESSOAS COM DEFICIÊNCIAS,"PROGRAMA MINEIRO DE ACESSIBILIDADE, INCLUSÃO E SAÚDE (PROMAIS)"
2025,1260,SECRETARIA DE ESTADO DE EDUCAÇÃO - SEE,3,0,2161,FUNDAÇÃO EDUCACIONAL CAIO MARTINS - FUCAM,3,3,90,39,10,1,11051,11,242,5,1,30,1030,1,20000.00,20000.00,20000.00,0,REALIZAÇÃO DE INTERVENÇÕES DE MELHORIA DA ACESSIBILIDADE NOS ESPAÇOS DA FUCAM,"PROGRAMA MINEIRO DE ACESSIBILIDADE, INCLUSÃO E SAÚDE (PROMAIS)"
2025,1260,SECRETARIA DE ESTADO DE EDUCAÇÃO - SEE,3,0,2161,FUNDAÇÃO EDUCACIONAL CAIO MARTINS - FUCAM,3,3,90,14,10,1,10579,11,334,104,4,285,4285,1,54149.00,54149.00,54149.00,0,INCLUSÃO SOCIOPRODUTIVA EM TERRITÓRIOS DE ALTA VULNERABILIDADE SOCIAL,ENFRENTAMENTO À VULNERABILIDADE NOS TERRITÓRIOS DE ATUAÇÃO DA FUCAM
2025,1260,SECRETARIA DE ESTADO DE EDUCAÇÃO - SEE,3,0,2161,FUNDAÇÃO EDUCACIONAL CAIO MARTINS - FUCAM,3,3,90,30,10,1,10579,11,334,104,4,285,4285,1,513312.00,513312.00,513312.00,0,INCLUSÃO SOCIOPRODUTIVA EM TERRITÓRIOS DE ALTA VULNERABILIDADE SOCIAL,ENFRENTAMENTO À VULNERABILIDADE NOS TERRITÓRIOS DE ATUAÇÃO DA FUCAM
2025,1260,SECRETARIA DE ESTADO DE EDUCAÇÃO - SEE,3,0,2161,FUNDAÇÃO EDUCACIONAL CAIO MARTINS - FUCAM,3,3,90,36,10,1,10579,11,334,104,4,285,4285,1,1142460.00,1142460.00,1142460.00,0,INCLUSÃO SOCIOPRODUTIVA EM TERRITÓRIOS DE ALTA VULNERABILIDADE SOCIAL,ENFRENTAMENTO À VULNERABILIDADE NOS TERRITÓRIOS DE ATUAÇÃO DA FUCAM
2025,1260,SECRETARIA DE ESTADO DE EDUCAÇÃO - SEE,3,0,2161,FUNDAÇÃO EDUCACIONAL CAIO MARTINS - FUCAM,3,3,90,39,10,1,10579,11,334,104,4,285,4285,1,82500.00,82500.00,82500.00,0,INCLUSÃO SOCIOPRODUTIVA EM TERRITÓRIOS DE ALTA VULNERABILIDADE SOCIAL,ENFRENTAMENTO À VULNERABILIDADE NOS TERRITÓRIOS DE ATUAÇÃO DA FUCAM
2025,1260,SECRETARIA DE ESTADO DE EDUCAÇÃO - SEE,3,0,2161,FUNDAÇÃO EDUCACIONAL CAIO MARTINS - FUCAM,4,4,90,52,10,1,10579,11,334,104,4,285,4285,1,1650.00,1650.00,1650.00,0,INCLUSÃO SOCIOPRODUTIVA EM TERRITÓRIOS DE ALTA VULNERABILIDADE SOCIAL,ENFRENTAMENTO À VULNERABILIDADE NOS TERRITÓRIOS DE ATUAÇÃO DA FUCAM
2025,1260,SECRETARIA DE ESTADO DE EDUCAÇÃO - SEE,3,0,2161,FUNDAÇÃO EDUCACIONAL CAIO MARTINS - FUCAM,3,3,90,39,10,1,10570,12,361,104,4,277,4277,1,10000.00,10000.00,10000.00,0,ATENDIMENTO NO ENSINO FUNDAMENTAL EM TERRITÓRIOS DE ALTA VULNERABILIDADE SOCIAL,ENFRENTAMENTO À VULNERABILIDADE NOS TERRITÓRIOS DE ATUAÇÃO DA FUCAM
2025,1260,SECRETARIA DE ESTADO DE EDUCAÇÃO - SEE,3,0,2161,FUNDAÇÃO EDUCACIONAL CAIO MARTINS - FUCAM,3,3,90,39,10,1,10576,12,362,104,4,282,4282,1,10000.00,10000.00,10000.00,0,ATENDIMENTO NO ENSINO MÉDIO EM TERRITÓRIOS DE ALTA VULNERABILIDADE SOCIAL,ENFRENTAMENTO À VULNERABILIDADE NOS TERRITÓRIOS DE ATUAÇÃO DA FUCAM
2025,1260,SECRETARIA DE ESTADO DE EDUCAÇÃO - SEE,3,0,2161,FUNDAÇÃO EDUCACIONAL CAIO MARTINS - FUCAM,3,1,90,11,10,1,10577,12,363,104,4,283,4283,1,1335390.00,1335390.00,1335390.00,0,EDUCAÇÃO PARA A CIDADANIA E PARA O MUNDO DO TRABALHO EM TERRITÓRIOS DE ALTA VULNERABILIDADE SOCIAL,ENFRENTAMENTO À VULNERABILIDADE NOS TERRITÓRIOS DE ATUAÇÃO DA FUCAM
2025,1260,SECRETARIA DE ESTADO DE EDUCAÇÃO - SEE,3,0,2161,FUNDAÇÃO EDUCACIONAL CAIO MARTINS - FUCAM,3,1,91,13,10,1,10577,12,363,104,4,283,4283,1,240542.00,240542.00,240542.00,0,EDUCAÇÃO PARA A CIDADANIA E PARA O MUNDO DO TRABALHO EM TERRITÓRIOS DE ALTA VULNERABILIDADE SOCIAL,ENFRENTAMENTO À VULNERABILIDADE NOS TERRITÓRIOS DE ATUAÇÃO DA FUCAM
2025,1260,SECRETARIA DE ESTADO DE EDUCAÇÃO - SEE,3,0,2161,FUNDAÇÃO EDUCACIONAL CAIO MARTINS - FUCAM,3,3,90,14,10,1,10577,12,363,104,4,283,4283,1,5780.00,5780.00,5780.00,0,EDUCAÇÃO PARA A CIDADANIA E PARA O MUNDO DO TRABALHO EM TERRITÓRIOS DE ALTA VULNERABILIDADE SOCIAL,ENFRENTAMENTO À VULNERABILIDADE NOS TERRITÓRIOS DE ATUAÇÃO DA FUCAM
2025,1260,SECRETARIA DE ESTADO DE EDUCAÇÃO - SEE,3,0,2161,FUNDAÇÃO EDUCACIONAL CAIO MARTINS - FUCAM,3,3,90,30,10,1,10577,12,363,104,4,283,4283,1,200383.00,200383.00,200383.00,0,EDUCAÇÃO PARA A CIDADANIA E PARA O MUNDO DO TRABALHO EM TERRITÓRIOS DE ALTA VULNERABILIDADE SOCIAL,ENFRENTAMENTO À VULNERABILIDADE NOS TERRITÓRIOS DE ATUAÇÃO DA FUCAM
2025,1260,SECRETARIA DE ESTADO DE EDUCAÇÃO - SEE,3,0,2161,FUNDAÇÃO EDUCACIONAL CAIO MARTINS - FUCAM,3,3,90,33,10,1,10577,12,363,104,4,283,4283,1,56008.00,56008.00,56008.00,0,EDUCAÇÃO PARA A CIDADANIA E PARA O MUNDO DO TRABALHO EM TERRITÓRIOS DE ALTA VULNERABILIDADE SOCIAL,ENFRENTAMENTO À VULNERABILIDADE NOS TERRITÓRIOS DE ATUAÇÃO DA FUCAM
2025,1260,SECRETARIA DE ESTADO DE EDUCAÇÃO - SEE,3,0,2161,FUNDAÇÃO EDUCACIONAL CAIO MARTINS - FUCAM,3,3,90,39,10,1,10577,12,363,104,4,283,4283,1,1136330.00,1136330.00,1136330.00,0,EDUCAÇÃO PARA A CIDADANIA E PARA O MUNDO DO TRABALHO EM TERRITÓRIOS DE ALTA VULNERABILIDADE SOCIAL,ENFRENTAMENTO À VULNERABILIDADE NOS TERRITÓRIOS DE ATUAÇÃO DA FUCAM
2025,1260,SECRETARIA DE ESTADO DE EDUCAÇÃO - SEE,3,0,2161,FUNDAÇÃO EDUCACIONAL CAIO MARTINS - FUCAM,3,3,90,46,10,7,10577,12,363,104,4,283,4283,1,388035.00,388035.00,388035.00,0,EDUCAÇÃO PARA A CIDADANIA E PARA O MUNDO DO TRABALHO EM TERRITÓRIOS DE ALTA VULNERABILIDADE SOCIAL,ENFRENTAMENTO À VULNERABILIDADE NOS TERRITÓRIOS DE ATUAÇÃO DA FUCAM
2025,1260,SECRETARIA DE ESTADO DE EDUCAÇÃO - SEE,3,0,2161,FUNDAÇÃO EDUCACIONAL CAIO MARTINS - FUCAM,3,1,90,91,10,9,791,28,846,705,7,4,7004,1,201914.00,201914.00,201914.00,0,PRECATÓRIOS E SENTENÇAS JUDICIÁRIAS,APOIO ÀS POLÍTICAS PÚBLICAS
2025,1260,SECRETARIA DE ESTADO DE EDUCAÇÃO - SEE,3,0,2311,UNIVERSIDADE ESTADUAL DE MONTES CLAROS - UNIMONTES,3,1,90,4,10,1,11111,12,122,705,2,417,2417,1,1819752.00,1819752.00,1819752.00,0,REMUNERAÇÃO DE PESSOAL ATIVO E ENCARGOS SOCIAIS,APOIO ÀS POLÍTICAS PÚBLICAS
2025,1260,SECRETARIA DE ESTADO DE EDUCAÇÃO - SEE,3,0,2311,UNIVERSIDADE ESTADUAL DE MONTES CLAROS - UNIMONTES,3,1,90,7,10,1,11111,12,122,705,2,417,2417,1,169681.00,169681.00,169681.00,0,REMUNERAÇÃO DE PESSOAL ATIVO E ENCARGOS SOCIAIS,APOIO ÀS POLÍTICAS PÚBLICAS
2025,1260,SECRETARIA DE ESTADO DE EDUCAÇÃO - SEE,3,0,2311,UNIVERSIDADE ESTADUAL DE MONTES CLAROS - UNIMONTES,3,1,90,11,10,1,11111,12,122,705,2,417,2417,1,219992219.00,219992219.00,219992219.00,0,REMUNERAÇÃO DE PESSOAL ATIVO E ENCARGOS SOCIAIS,APOIO ÀS POLÍTICAS PÚBLICAS
2025,1260,SECRETARIA DE ESTADO DE EDUCAÇÃO - SEE,3,0,2311,UNIVERSIDADE ESTADUAL DE MONTES CLAROS - UNIMONTES,3,1,90,11,57,2,11111,12,122,705,2,417,2417,1,780000.00,780000.00,780000.00,0,REMUNERAÇÃO DE PESSOAL ATIVO E ENCARGOS SOCIAIS,APOIO ÀS POLÍTICAS PÚBLICAS
2025,1260,SECRETARIA DE ESTADO DE EDUCAÇÃO - SEE,3,0,2311,UNIVERSIDADE ESTADUAL DE MONTES CLAROS - UNIMONTES,3,1,90,11,60,1,11111,12,122,705,2,417,2417,1,1788961.00,1788961.00,1788961.00,0,REMUNERAÇÃO DE PESSOAL ATIVO E ENCARGOS SOCIAIS,APOIO ÀS POLÍTICAS PÚBLICAS
2025,1260,SECRETARIA DE ESTADO DE EDUCAÇÃO - SEE,3,0,2311,UNIVERSIDADE ESTADUAL DE MONTES CLAROS - UNIMONTES,3,1,90,13,10,1,11111,12,122,705,2,417,2417,1,5897273.00,5897273.00,5897273.00,0,REMUNERAÇÃO DE PESSOAL ATIVO E ENCARGOS SOCIAIS,APOIO ÀS POLÍTICAS PÚBLICAS
2025,1260,SECRETARIA DE ESTADO DE EDUCAÇÃO - SEE,3,0,2311,UNIVERSIDADE ESTADUAL DE MONTES CLAROS - UNIMONTES,3,1,90,16,10,1,11111,12,122,705,2,417,2417,1,11320196.00,11320196.00,11320196.00,0,REMUNERAÇÃO DE PESSOAL ATIVO E ENCARGOS SOCIAIS,APOIO ÀS POLÍTICAS PÚBLICAS
2025,1260,SECRETARIA DE ESTADO DE EDUCAÇÃO - SEE,3,0,2311,UNIVERSIDADE ESTADUAL DE MONTES CLAROS - UNIMONTES,3,1,91,4,10,1,11111,12,122,705,2,417,2417,1,10231.00,10231.00,10231.00,0,REMUNERAÇÃO DE PESSOAL ATIVO E ENCARGOS SOCIAIS,APOIO ÀS POLÍTICAS PÚBLICAS
2025,1260,SECRETARIA DE ESTADO DE EDUCAÇÃO - SEE,3,0,2311,UNIVERSIDADE ESTADUAL DE MONTES CLAROS - UNIMONTES,3,1,91,13,10,1,11111,12,122,705,2,417,2417,1,76580803.00,76580803.00,76580803.00,0,REMUNERAÇÃO DE PESSOAL ATIVO E ENCARGOS SOCIAIS,APOIO ÀS POLÍTICAS PÚBLICAS
2025,1260,SECRETARIA DE ESTADO DE EDUCAÇÃO - SEE,3,0,2311,UNIVERSIDADE ESTADUAL DE MONTES CLAROS - UNIMONTES,3,3,90,36,10,1,11111,12,122,705,2,417,2417,1,7875419.00,7875419.00,7875419.00,0,REMUNERAÇÃO DE PESSOAL ATIVO E ENCARGOS SOCIAIS,APOIO ÀS POLÍTICAS PÚBLICAS
2025,1260,SECRETARIA DE ESTADO DE EDUCAÇÃO - SEE,3,0,2311,UNIVERSIDADE ESTADUAL DE MONTES CLAROS - UNIMONTES,3,3,90,46,10,7,11111,12,122,705,2,417,2417,1,37230710.00,37230710.00,37230710.00,0,REMUNERAÇÃO DE PESSOAL ATIVO E ENCARGOS SOCIAIS,APOIO ÀS POLÍTICAS PÚBLICAS
2025,1260,SECRETARIA DE ESTADO DE EDUCAÇÃO - SEE,3,0,2311,UNIVERSIDADE ESTADUAL DE MONTES CLAROS - UNIMONTES,3,3,90,49,10,7,11111,12,122,705,2,417,2417,1,3277080.00,3277080.00,3277080.00,0,REMUNERAÇÃO DE PESSOAL ATIVO E ENCARGOS SOCIAIS,APOIO ÀS POLÍTICAS PÚBLICAS
2025,1260,SECRETARIA DE ESTADO DE EDUCAÇÃO - SEE,3,0,2311,UNIVERSIDADE ESTADUAL DE MONTES CLAROS - UNIMONTES,3,3,90,14,10,1,9411,12,122,705,2,500,2500,1,201024.00,201024.00,201024.00,0,ASSESSORAMENTO E GERENCIAMENTO DE POLÍTICAS PÚBLICAS,APOIO ÀS POLÍTICAS PÚBLICAS
2025,1260,SECRETARIA DE ESTADO DE EDUCAÇÃO - SEE,3,0,2311,UNIVERSIDADE ESTADUAL DE MONTES CLAROS - UNIMONTES,3,3,90,30,10,1,9411,12,122,705,2,500,2500,1,501358.00,501358.00,501358.00,0,ASSESSORAMENTO E GERENCIAMENTO DE POLÍTICAS PÚBLICAS,APOIO ÀS POLÍTICAS PÚBLICAS
2025,1260,SECRETARIA DE ESTADO DE EDUCAÇÃO - SEE,3,0,2311,UNIVERSIDADE ESTADUAL DE MONTES CLAROS - UNIMONTES,3,3,90,33,10,1,9411,12,122,705,2,500,2500,1,252000.00,252000.00,252000.00,0,ASSESSORAMENTO E GERENCIAMENTO DE POLÍTICAS PÚBLICAS,APOIO ÀS POLÍTICAS PÚBLICAS
2025,1260,SECRETARIA DE ESTADO DE EDUCAÇÃO - SEE,3,0,2311,UNIVERSIDADE ESTADUAL DE MONTES CLAROS - UNIMONTES,3,3,90,36,10,1,9411,12,122,705,2,500,2500,1,237097.00,237097.00,237097.00,0,ASSESSORAMENTO E GERENCIAMENTO DE POLÍTICAS PÚBLICAS,APOIO ÀS POLÍTICAS PÚBLICAS
2025,1260,SECRETARIA DE ESTADO DE EDUCAÇÃO - SEE,3,0,2311,UNIVERSIDADE ESTADUAL DE MONTES CLAROS - UNIMONTES,3,3,90,37,10,1,9411,12,122,705,2,500,2500,1,5257428.00,5257428.00,5257428.00,0,ASSESSORAMENTO E GERENCIAMENTO DE POLÍTICAS PÚBLICAS,APOIO ÀS POLÍTICAS PÚBLICAS
2025,1260,SECRETARIA DE ESTADO DE EDUCAÇÃO - SEE,3,0,2311,UNIVERSIDADE ESTADUAL DE MONTES CLAROS - UNIMONTES,3,3,90,39,10,1,9411,12,122,705,2,500,2500,1,2269322.00,2269322.00,2269322.00,0,ASSESSORAMENTO E GERENCIAMENTO DE POLÍTICAS PÚBLICAS,APOIO ÀS POLÍTICAS PÚBLICAS
2025,1260,SECRETARIA DE ESTADO DE EDUCAÇÃO - SEE,3,0,2311,UNIVERSIDADE ESTADUAL DE MONTES CLAROS - UNIMONTES,3,3,90,40,10,1,9411,12,122,705,2,500,2500,1,378329.00,378329.00,378329.00,0,ASSESSORAMENTO E GERENCIAMENTO DE POLÍTICAS PÚBLICAS,APOIO ÀS POLÍTICAS PÚBLICAS
2025,1260,SECRETARIA DE ESTADO DE EDUCAÇÃO - SEE,3,0,2311,UNIVERSIDADE ESTADUAL DE MONTES CLAROS - UNIMONTES,3,3,99,99,10,8,9411,12,122,705,2,500,2500,1,300000.00,300000.00,300000.00,0,ASSESSORAMENTO E GERENCIAMENTO DE POLÍTICAS PÚBLICAS,APOIO ÀS POLÍTICAS PÚBLICAS
2025,1260,SECRETARIA DE ESTADO DE EDUCAÇÃO - SEE,3,0,2311,UNIVERSIDADE ESTADUAL DE MONTES CLAROS - UNIMONTES,4,4,90,40,10,1,9411,12,122,705,2,500,2500,1,92964.00,92964.00,92964.00,0,ASSESSORAMENTO E GERENCIAMENTO DE POLÍTICAS PÚBLICAS,APOIO ÀS POLÍTICAS PÚBLICAS
2025,1260,SECRETARIA DE ESTADO DE EDUCAÇÃO - SEE,3,0,2311,UNIVERSIDADE ESTADUAL DE MONTES CLAROS - UNIMONTES,3,3,90,14,10,1,10231,12,302,7,4,17,4017,1,28200.00,28200.00,28200.00,0,MANUTENÇÃO DO HOSPITAL DE ENSINO,EDUCAÇÃO SUPERIOR
2025,1260,SECRETARIA DE ESTADO DE EDUCAÇÃO - SEE,3,0,2311,UNIVERSIDADE ESTADUAL DE MONTES CLAROS - UNIMONTES,3,3,90,14,70,1,10231,12,302,7,4,17,4017,1,88040.00,88040.00,88040.00,0,MANUTENÇÃO DO HOSPITAL DE ENSINO,EDUCAÇÃO SUPERIOR
2025,1260,SECRETARIA DE ESTADO DE EDUCAÇÃO - SEE,3,0,2311,UNIVERSIDADE ESTADUAL DE MONTES CLAROS - UNIMONTES,3,3,90,18,70,1,10231,12,302,7,4,17,4017,1,40000.00,40000.00,40000.00,0,MANUTENÇÃO DO HOSPITAL DE ENSINO,EDUCAÇÃO SUPERIOR
2025,1260,SECRETARIA DE ESTADO DE EDUCAÇÃO - SEE,3,0,2311,UNIVERSIDADE ESTADUAL DE MONTES CLAROS - UNIMONTES,3,3,90,20,70,1,10231,12,302,7,4,17,4017,1,40000.00,40000.00,40000.00,0,MANUTENÇÃO DO HOSPITAL DE ENSINO,EDUCAÇÃO SUPERIOR
2025,1260,SECRETARIA DE ESTADO DE EDUCAÇÃO - SEE,3,0,2311,UNIVERSIDADE ESTADUAL DE MONTES CLAROS - UNIMONTES,3,3,90,30,10,1,10231,12,302,7,4,17,4017,1,11693310.00,11693310.00,11693310.00,0,MANUTENÇÃO DO HOSPITAL DE ENSINO,EDUCAÇÃO SUPERIOR
2025,1260,SECRETARIA DE ESTADO DE EDUCAÇÃO - SEE,3,0,2311,UNIVERSIDADE ESTADUAL DE MONTES CLAROS - UNIMONTES,3,3,90,30,70,1,10231,12,302,7,4,17,4017,1,6893465.00,6893465.00,6893465.00,0,MANUTENÇÃO DO HOSPITAL DE ENSINO,EDUCAÇÃO SUPERIOR
2025,1260,SECRETARIA DE ESTADO DE EDUCAÇÃO - SEE,3,0,2311,UNIVERSIDADE ESTADUAL DE MONTES CLAROS - UNIMONTES,3,3,90,33,10,1,10231,12,302,7,4,17,4017,1,55700.00,55700.00,55700.00,0,MANUTENÇÃO DO HOSPITAL DE ENSINO,EDUCAÇÃO SUPERIOR
2025,1260,SECRETARIA DE ESTADO DE EDUCAÇÃO - SEE,3,0,2311,UNIVERSIDADE ESTADUAL DE MONTES CLAROS - UNIMONTES,3,3,90,33,70,1,10231,12,302,7,4,17,4017,1,86000.00,86000.00,86000.00,0,MANUTENÇÃO DO HOSPITAL DE ENSINO,EDUCAÇÃO SUPERIOR
2025,1260,SECRETARIA DE ESTADO DE EDUCAÇÃO - SEE,3,0,2311,UNIVERSIDADE ESTADUAL DE MONTES CLAROS - UNIMONTES,3,3,90,36,10,1,10231,12,302,7,4,17,4017,1,24868109.00,24868109.00,24868109.00,0,MANUTENÇÃO DO HOSPITAL DE ENSINO,EDUCAÇÃO SUPERIOR
2025,1260,SECRETARIA DE ESTADO DE EDUCAÇÃO - SEE,3,0,2311,UNIVERSIDADE ESTADUAL DE MONTES CLAROS - UNIMONTES,3,3,90,36,70,1,10231,12,302,7,4,17,4017,1,11042647.00,11042647.00,11042647.00,0,MANUTENÇÃO DO HOSPITAL DE ENSINO,EDUCAÇÃO SUPERIOR
2025,1260,SECRETARIA DE ESTADO DE EDUCAÇÃO - SEE,3,0,2311,UNIVERSIDADE ESTADUAL DE MONTES CLAROS - UNIMONTES,3,3,90,37,10,1,10231,12,302,7,4,17,4017,1,17020416.00,17020416.00,17020416.00,0,MANUTENÇÃO DO HOSPITAL DE ENSINO,EDUCAÇÃO SUPERIOR
2025,1260,SECRETARIA DE ESTADO DE EDUCAÇÃO - SEE,3,0,2311,UNIVERSIDADE ESTADUAL DE MONTES CLAROS - UNIMONTES,3,3,90,39,10,1,10231,12,302,7,4,17,4017,1,10196431.00,10196431.00,10196431.00,0,MANUTENÇÃO DO HOSPITAL DE ENSINO,EDUCAÇÃO SUPERIOR
2025,1260,SECRETARIA DE ESTADO DE EDUCAÇÃO - SEE,3,0,2311,UNIVERSIDADE ESTADUAL DE MONTES CLAROS - UNIMONTES,3,3,90,39,70,1,10231,12,302,7,4,17,4017,1,19765530.00,19765530.00,19765530.00,0,MANUTENÇÃO DO HOSPITAL DE ENSINO,EDUCAÇÃO SUPERIOR
2025,1260,SECRETARIA DE ESTADO DE EDUCAÇÃO - SEE,3,0,2311,UNIVERSIDADE ESTADUAL DE MONTES CLAROS - UNIMONTES,3,3,90,40,10,1,10231,12,302,7,4,17,4017,1,515095.00,515095.00,515095.00,0,MANUTENÇÃO DO HOSPITAL DE ENSINO,EDUCAÇÃO SUPERIOR
2025,1260,SECRETARIA DE ESTADO DE EDUCAÇÃO - SEE,3,0,2311,UNIVERSIDADE ESTADUAL DE MONTES CLAROS - UNIMONTES,3,3,90,40,70,1,10231,12,302,7,4,17,4017,1,929504.00,929504.00,929504.00,0,MANUTENÇÃO DO HOSPITAL DE ENSINO,EDUCAÇÃO SUPERIOR
2025,1260,SECRETARIA DE ESTADO DE EDUCAÇÃO - SEE,3,0,2311,UNIVERSIDADE ESTADUAL DE MONTES CLAROS - UNIMONTES,3,3,90,49,70,1,10231,12,302,7,4,17,4017,1,181000.00,181000.00,181000.00,0,MANUTENÇÃO DO HOSPITAL DE ENSINO,EDUCAÇÃO SUPERIOR
2025,1260,SECRETARIA DE ESTADO DE EDUCAÇÃO - SEE,3,0,2311,UNIVERSIDADE ESTADUAL DE MONTES CLAROS - UNIMONTES,4,4,90,40,10,1,10231,12,302,7,4,17,4017,1,313428.00,313428.00,313428.00,0,MANUTENÇÃO DO HOSPITAL DE ENSINO,EDUCAÇÃO SUPERIOR
2025,1260,SECRETARIA DE ESTADO DE EDUCAÇÃO - SEE,3,0,2311,UNIVERSIDADE ESTADUAL DE MONTES CLAROS - UNIMONTES,4,4,90,52,1,1,10231,12,302,7,4,17,4017,1,199299.00,199299.00,199299.00,0,MANUTENÇÃO DO HOSPITAL DE ENSINO,EDUCAÇÃO SUPERIOR
2025,1260,SECRETARIA DE ESTADO DE EDUCAÇÃO - SEE,3,0,2311,UNIVERSIDADE ESTADUAL DE MONTES CLAROS - UNIMONTES,4,4,90,52,10,3,10231,12,302,7,4,17,4017,1,1993.00,1993.00,1993.00,0,MANUTENÇÃO DO HOSPITAL DE ENSINO,EDUCAÇÃO SUPERIOR
2025,1260,SECRETARIA DE ESTADO DE EDUCAÇÃO - SEE,3,0,2311,UNIVERSIDADE ESTADUAL DE MONTES CLAROS - UNIMONTES,4,4,90,52,70,1,10231,12,302,7,4,17,4017,1,2280744.00,2280744.00,2280744.00,0,MANUTENÇÃO DO HOSPITAL DE ENSINO,EDUCAÇÃO SUPERIOR
2025,1260,SECRETARIA DE ESTADO DE EDUCAÇÃO - SEE,3,0,2311,UNIVERSIDADE ESTADUAL DE MONTES CLAROS - UNIMONTES,3,3,90,14,10,1,10219,12,363,7,4,6,4006,1,37152.00,37152.00,37152.00,0,OFERTA DE ENSINO TÉCNICO E PROFISSIONAL,EDUCAÇÃO SUPERIOR
2025,1260,SECRETARIA DE ESTADO DE EDUCAÇÃO - SEE,3,0,2311,UNIVERSIDADE ESTADUAL DE MONTES CLAROS - UNIMONTES,3,3,90,18,36,1,10219,12,363,7,4,6,4006,1,3902978.00,3902978.00,3902978.00,0,OFERTA DE ENSINO TÉCNICO E PROFISSIONAL,EDUCAÇÃO SUPERIOR
2025,1260,SECRETARIA DE ESTADO DE EDUCAÇÃO - SEE,3,0,2311,UNIVERSIDADE ESTADUAL DE MONTES CLAROS - UNIMONTES,3,3,90,33,10,1,10219,12,363,7,4,6,4006,1,10500.00,10500.00,10500.00,0,OFERTA DE ENSINO TÉCNICO E PROFISSIONAL,EDUCAÇÃO SUPERIOR
2025,1260,SECRETARIA DE ESTADO DE EDUCAÇÃO - SEE,3,0,2311,UNIVERSIDADE ESTADUAL DE MONTES CLAROS - UNIMONTES,3,3,90,36,36,1,10219,12,363,7,4,6,4006,1,5829616.00,5829616.00,5829616.00,0,OFERTA DE ENSINO TÉCNICO E PROFISSIONAL,EDUCAÇÃO SUPERIOR
2025,1260,SECRETARIA DE ESTADO DE EDUCAÇÃO - SEE,3,0,2311,UNIVERSIDADE ESTADUAL DE MONTES CLAROS - UNIMONTES,3,3,90,37,10,1,10219,12,363,7,4,6,4006,1,6133466.00,6133466.00,6133466.00,0,OFERTA DE ENSINO TÉCNICO E PROFISSIONAL,EDUCAÇÃO SUPERIOR
2025,1260,SECRETARIA DE ESTADO DE EDUCAÇÃO - SEE,3,0,2311,UNIVERSIDADE ESTADUAL DE MONTES CLAROS - UNIMONTES,3,3,90,39,10,1,10219,12,363,7,4,6,4006,1,97562.00,97562.00,97562.00,0,OFERTA DE ENSINO TÉCNICO E PROFISSIONAL,EDUCAÇÃO SUPERIOR
2025,1260,SECRETARIA DE ESTADO DE EDUCAÇÃO - SEE,3,0,2311,UNIVERSIDADE ESTADUAL DE MONTES CLAROS - UNIMONTES,3,3,90,39,10,3,10219,12,363,7,4,6,4006,1,142757.00,142757.00,142757.00,0,OFERTA DE ENSINO TÉCNICO E PROFISSIONAL,EDUCAÇÃO SUPERIOR
2025,1260,SECRETARIA DE ESTADO DE EDUCAÇÃO - SEE,3,0,2311,UNIVERSIDADE ESTADUAL DE MONTES CLAROS - UNIMONTES,3,3,90,39,36,1,10219,12,363,7,4,6,4006,1,17547336.00,17547336.00,17547336.00,0,OFERTA DE ENSINO TÉCNICO E PROFISSIONAL,EDUCAÇÃO SUPERIOR
2025,1260,SECRETARIA DE ESTADO DE EDUCAÇÃO - SEE,3,0,2311,UNIVERSIDADE ESTADUAL DE MONTES CLAROS - UNIMONTES,3,3,90,40,10,1,10219,12,363,7,4,6,4006,1,89700.00,89700.00,89700.00,0,OFERTA DE ENSINO TÉCNICO E PROFISSIONAL,EDUCAÇÃO SUPERIOR
2025,1260,SECRETARIA DE ESTADO DE EDUCAÇÃO - SEE,3,0,2311,UNIVERSIDADE ESTADUAL DE MONTES CLAROS - UNIMONTES,3,3,90,48,36,1,10219,12,363,7,4,6,4006,1,3347091.00,3347091.00,3347091.00,0,OFERTA DE ENSINO TÉCNICO E PROFISSIONAL,EDUCAÇÃO SUPERIOR
2025,1260,SECRETARIA DE ESTADO DE EDUCAÇÃO - SEE,3,0,2311,UNIVERSIDADE ESTADUAL DE MONTES CLAROS - UNIMONTES,4,4,90,40,10,1,10219,12,363,7,4,6,4006,1,152292.00,152292.00,152292.00,0,OFERTA DE ENSINO TÉCNICO E PROFISSIONAL,EDUCAÇÃO SUPERIOR
2025,1260,SECRETARIA DE ESTADO DE EDUCAÇÃO - SEE,3,0,2311,UNIVERSIDADE ESTADUAL DE MONTES CLAROS - UNIMONTES,4,4,90,51,36,1,10219,12,363,7,4,6,4006,1,7311390.00,7311390.00,7311390.00,0,OFERTA DE ENSINO TÉCNICO E PROFISSIONAL,EDUCAÇÃO SUPERIOR
2025,1260,SECRETARIA DE ESTADO DE EDUCAÇÃO - SEE,3,0,2311,UNIVERSIDADE ESTADUAL DE MONTES CLAROS - UNIMONTES,3,3,90,14,1,1,10215,12,364,7,4,1,4001,1,6450.00,6450.00,6450.00,0,OFERTA DE CURSOS DE GRADUAÇÃO,EDUCAÇÃO SUPERIOR
2025,1260,SECRETARIA DE ESTADO DE EDUCAÇÃO - SEE,3,0,2311,UNIVERSIDADE ESTADUAL DE MONTES CLAROS - UNIMONTES,3,3,90,14,10,1,10215,12,364,7,4,1,4001,1,103856.00,103856.00,103856.00,0,OFERTA DE CURSOS DE GRADUAÇÃO,EDUCAÇÃO SUPERIOR
2025,1260,SECRETARIA DE ESTADO DE EDUCAÇÃO - SEE,3,0,2311,UNIVERSIDADE ESTADUAL DE MONTES CLAROS - UNIMONTES,3,3,90,14,24,1,10215,12,364,7,4,1,4001,1,164750.00,164750.00,164750.00,0,OFERTA DE CURSOS DE GRADUAÇÃO,EDUCAÇÃO SUPERIOR
2025,1260,SECRETARIA DE ESTADO DE EDUCAÇÃO - SEE,3,0,2311,UNIVERSIDADE ESTADUAL DE MONTES CLAROS - UNIMONTES,3,3,90,18,1,1,10215,12,364,7,4,1,4001,1,49000.00,49000.00,49000.00,0,OFERTA DE CURSOS DE GRADUAÇÃO,EDUCAÇÃO SUPERIOR
2025,1260,SECRETARIA DE ESTADO DE EDUCAÇÃO - SEE,3,0,2311,UNIVERSIDADE ESTADUAL DE MONTES CLAROS - UNIMONTES,3,3,90,30,10,1,10215,12,364,7,4,1,4001,1,2660389.00,2660389.00,2660389.00,0,OFERTA DE CURSOS DE GRADUAÇÃO,EDUCAÇÃO SUPERIOR
2025,1260,SECRETARIA DE ESTADO DE EDUCAÇÃO - SEE,3,0,2311,UNIVERSIDADE ESTADUAL DE MONTES CLAROS - UNIMONTES,3,3,90,33,1,1,10215,12,364,7,4,1,4001,1,13522.00,13522.00,13522.00,0,OFERTA DE CURSOS DE GRADUAÇÃO,EDUCAÇÃO SUPERIOR
2025,1260,SECRETARIA DE ESTADO DE EDUCAÇÃO - SEE,3,0,2311,UNIVERSIDADE ESTADUAL DE MONTES CLAROS - UNIMONTES,3,3,90,33,10,1,10215,12,364,7,4,1,4001,1,190598.00,190598.00,190598.00,0,OFERTA DE CURSOS DE GRADUAÇÃO,EDUCAÇÃO SUPERIOR
2025,1260,SECRETARIA DE ESTADO DE EDUCAÇÃO - SEE,3,0,2311,UNIVERSIDADE ESTADUAL DE MONTES CLAROS - UNIMONTES,3,3,90,33,24,1,10215,12,364,7,4,1,4001,1,101529.00,101529.00,101529.00,0,OFERTA DE CURSOS DE GRADUAÇÃO,EDUCAÇÃO SUPERIOR
2025,1260,SECRETARIA DE ESTADO DE EDUCAÇÃO - SEE,3,0,2311,UNIVERSIDADE ESTADUAL DE MONTES CLAROS - UNIMONTES,3,3,90,36,1,1,10215,12,364,7,4,1,4001,1,19278.00,19278.00,19278.00,0,OFERTA DE CURSOS DE GRADUAÇÃO,EDUCAÇÃO SUPERIOR
2025,1260,SECRETARIA DE ESTADO DE EDUCAÇÃO - SEE,3,0,2311,UNIVERSIDADE ESTADUAL DE MONTES CLAROS - UNIMONTES,3,3,90,36,10,1,10215,12,364,7,4,1,4001,1,59760.00,59760.00,59760.00,0,OFERTA DE CURSOS DE GRADUAÇÃO,EDUCAÇÃO SUPERIOR
2025,1260,SECRETARIA DE ESTADO DE EDUCAÇÃO - SEE,3,0,2311,UNIVERSIDADE ESTADUAL DE MONTES CLAROS - UNIMONTES,3,3,90,36,24,1,10215,12,364,7,4,1,4001,1,97807.00,97807.00,97807.00,0,OFERTA DE CURSOS DE GRADUAÇÃO,EDUCAÇÃO SUPERIOR
2025,1260,SECRETARIA DE ESTADO DE EDUCAÇÃO - SEE,3,0,2311,UNIVERSIDADE ESTADUAL DE MONTES CLAROS - UNIMONTES,3,3,90,37,10,1,10215,12,364,7,4,1,4001,1,6296640.00,6296640.00,6296640.00,0,OFERTA DE CURSOS DE GRADUAÇÃO,EDUCAÇÃO SUPERIOR
2025,1260,SECRETARIA DE ESTADO DE EDUCAÇÃO - SEE,3,0,2311,UNIVERSIDADE ESTADUAL DE MONTES CLAROS - UNIMONTES,3,3,90,39,1,1,10215,12,364,7,4,1,4001,1,598419.00,598419.00,598419.00,0,OFERTA DE CURSOS DE GRADUAÇÃO,EDUCAÇÃO SUPERIOR
2025,1260,SECRETARIA DE ESTADO DE EDUCAÇÃO - SEE,3,0,2311,UNIVERSIDADE ESTADUAL DE MONTES CLAROS - UNIMONTES,3,3,90,39,10,1,10215,12,364,7,4,1,4001,1,4290611.00,4290611.00,4290611.00,0,OFERTA DE CURSOS DE GRADUAÇÃO,EDUCAÇÃO SUPERIOR
2025,1260,SECRETARIA DE ESTADO DE EDUCAÇÃO - SEE,3,0,2311,UNIVERSIDADE ESTADUAL DE MONTES CLAROS - UNIMONTES,3,3,90,39,10,3,10215,12,364,7,4,1,4001,1,36864.00,36864.00,36864.00,0,OFERTA DE CURSOS DE GRADUAÇÃO,EDUCAÇÃO SUPERIOR
2025,1260,SECRETARIA DE ESTADO DE EDUCAÇÃO - SEE,3,0,2311,UNIVERSIDADE ESTADUAL DE MONTES CLAROS - UNIMONTES,3,3,90,39,24,1,10215,12,364,7,4,1,4001,1,2623877.00,2623877.00,2623877.00,0,OFERTA DE CURSOS DE GRADUAÇÃO,EDUCAÇÃO SUPERIOR
2025,1260,SECRETARIA DE ESTADO DE EDUCAÇÃO - SEE,3,0,2311,UNIVERSIDADE ESTADUAL DE MONTES CLAROS - UNIMONTES,3,3,90,40,10,1,10215,12,364,7,4,1,4001,1,336000.00,336000.00,336000.00,0,OFERTA DE CURSOS DE GRADUAÇÃO,EDUCAÇÃO SUPERIOR
2025,1260,SECRETARIA DE ESTADO DE EDUCAÇÃO - SEE,3,0,2311,UNIVERSIDADE ESTADUAL DE MONTES CLAROS - UNIMONTES,3,3,90,48,1,1,10215,12,364,7,4,1,4001,1,11750.00,11750.00,11750.00,0,OFERTA DE CURSOS DE GRADUAÇÃO,EDUCAÇÃO SUPERIOR
2025,1260,SECRETARIA DE ESTADO DE EDUCAÇÃO - SEE,3,0,2311,UNIVERSIDADE ESTADUAL DE MONTES CLAROS - UNIMONTES,4,4,90,40,10,1,10215,12,364,7,4,1,4001,1,237744.00,237744.00,237744.00,0,OFERTA DE CURSOS DE GRADUAÇÃO,EDUCAÇÃO SUPERIOR
2025,1260,SECRETARIA DE ESTADO DE EDUCAÇÃO - SEE,3,0,2311,UNIVERSIDADE ESTADUAL DE MONTES CLAROS - UNIMONTES,4,4,90,52,1,1,10215,12,364,7,4,1,4001,1,600000.00,600000.00,600000.00,0,OFERTA DE CURSOS DE GRADUAÇÃO,EDUCAÇÃO SUPERIOR
2025,1260,SECRETARIA DE ESTADO DE EDUCAÇÃO - SEE,3,0,2311,UNIVERSIDADE ESTADUAL DE MONTES CLAROS - UNIMONTES,4,4,90,52,10,3,10215,12,364,7,4,1,4001,1,4032.00,4032.00,4032.00,0,OFERTA DE CURSOS DE GRADUAÇÃO,EDUCAÇÃO SUPERIOR
2025,1260,SECRETARIA DE ESTADO DE EDUCAÇÃO - SEE,3,0,2311,UNIVERSIDADE ESTADUAL DE MONTES CLAROS - UNIMONTES,4,4,90,52,24,1,10215,12,364,7,4,1,4001,1,124300.00,124300.00,124300.00,0,OFERTA DE CURSOS DE GRADUAÇÃO,EDUCAÇÃO SUPERIOR
2025,1260,SECRETARIA DE ESTADO DE EDUCAÇÃO - SEE,3,0,2311,UNIVERSIDADE ESTADUAL DE MONTES CLAROS - UNIMONTES,3,3,90,14,10,1,10216,12,364,7,4,2,4002,1,44280.00,44280.00,44280.00,0,"APOIO ÀS ATIVIDADES DE PESQUISA, INOVAÇÃO E TECNOLOGIA.",EDUCAÇÃO SUPERIOR
2025,1260,SECRETARIA DE ESTADO DE EDUCAÇÃO - SEE,3,0,2311,UNIVERSIDADE ESTADUAL DE MONTES CLAROS - UNIMONTES,3,3,90,18,10,1,10216,12,364,7,4,2,4002,1,2032800.00,2032800.00,2032800.00,0,"APOIO ÀS ATIVIDADES DE PESQUISA, INOVAÇÃO E TECNOLOGIA.",EDUCAÇÃO SUPERIOR
2025,1260,SECRETARIA DE ESTADO DE EDUCAÇÃO - SEE,3,0,2311,UNIVERSIDADE ESTADUAL DE MONTES CLAROS - UNIMONTES,3,3,90,33,10,1,10216,12,364,7,4,2,4002,1,35000.00,35000.00,35000.00,0,"APOIO ÀS ATIVIDADES DE PESQUISA, INOVAÇÃO E TECNOLOGIA.",EDUCAÇÃO SUPERIOR
2025,1260,SECRETARIA DE ESTADO DE EDUCAÇÃO - SEE,3,0,2311,UNIVERSIDADE ESTADUAL DE MONTES CLAROS - UNIMONTES,3,3,90,39,10,1,10216,12,364,7,4,2,4002,1,93067.00,93067.00,93067.00,0,"APOIO ÀS ATIVIDADES DE PESQUISA, INOVAÇÃO E TECNOLOGIA.",EDUCAÇÃO SUPERIOR
2025,1260,SECRETARIA DE ESTADO DE EDUCAÇÃO - SEE,3,0,2311,UNIVERSIDADE ESTADUAL DE MONTES CLAROS - UNIMONTES,3,3,99,99,10,8,10216,12,364,7,4,2,4002,1,500000.00,500000.00,500000.00,0,"APOIO ÀS ATIVIDADES DE PESQUISA, INOVAÇÃO E TECNOLOGIA.",EDUCAÇÃO SUPERIOR
2025,1260,SECRETARIA DE ESTADO DE EDUCAÇÃO - SEE,3,0,2311,UNIVERSIDADE ESTADUAL DE MONTES CLAROS - UNIMONTES,3,3,20,93,10,3,10217,12,364,7,4,4,4004,1,625.00,625.00,625.00,0,APOIO AOS PROGRAMAS DE PÓS-GRADUAÇÃO STRICTO SENSU.,EDUCAÇÃO SUPERIOR
2025,1260,SECRETARIA DE ESTADO DE EDUCAÇÃO - SEE,3,0,2311,UNIVERSIDADE ESTADUAL DE MONTES CLAROS - UNIMONTES,3,3,20,93,24,1,10217,12,364,7,4,4,4004,1,62437.00,62437.00,62437.00,0,APOIO AOS PROGRAMAS DE PÓS-GRADUAÇÃO STRICTO SENSU.,EDUCAÇÃO SUPERIOR
2025,1260,SECRETARIA DE ESTADO DE EDUCAÇÃO - SEE,3,0,2311,UNIVERSIDADE ESTADUAL DE MONTES CLAROS - UNIMONTES,3,3,90,30,10,1,10217,12,364,7,4,4,4004,1,190000.00,190000.00,190000.00,0,APOIO AOS PROGRAMAS DE PÓS-GRADUAÇÃO STRICTO SENSU.,EDUCAÇÃO SUPERIOR
2025,1260,SECRETARIA DE ESTADO DE EDUCAÇÃO - SEE,3,0,2311,UNIVERSIDADE ESTADUAL DE MONTES CLAROS - UNIMONTES,3,3,90,33,10,1,10217,12,364,7,4,4,4004,1,80500.00,80500.00,80500.00,0,APOIO AOS PROGRAMAS DE PÓS-GRADUAÇÃO STRICTO SENSU.,EDUCAÇÃO SUPERIOR
2025,1260,SECRETARIA DE ESTADO DE EDUCAÇÃO - SEE,3,0,2311,UNIVERSIDADE ESTADUAL DE MONTES CLAROS - UNIMONTES,3,3,90,36,10,1,10217,12,364,7,4,4,4004,1,27512.00,27512.00,27512.00,0,APOIO AOS PROGRAMAS DE PÓS-GRADUAÇÃO STRICTO SENSU.,EDUCAÇÃO SUPERIOR
2025,1260,SECRETARIA DE ESTADO DE EDUCAÇÃO - SEE,3,0,2311,UNIVERSIDADE ESTADUAL DE MONTES CLAROS - UNIMONTES,3,3,90,39,10,1,10217,12,364,7,4,4,4004,1,211744.00,211744.00,211744.00,0,APOIO AOS PROGRAMAS DE PÓS-GRADUAÇÃO STRICTO SENSU.,EDUCAÇÃO SUPERIOR
2025,1260,SECRETARIA DE ESTADO DE EDUCAÇÃO - SEE,3,0,2311,UNIVERSIDADE ESTADUAL DE MONTES CLAROS - UNIMONTES,3,3,99,99,10,8,10217,12,364,7,4,4,4004,1,1000000.00,1000000.00,1000000.00,0,APOIO AOS PROGRAMAS DE PÓS-GRADUAÇÃO STRICTO SENSU.,EDUCAÇÃO SUPERIOR
2025,1260,SECRETARIA DE ESTADO DE EDUCAÇÃO - SEE,3,0,2311,UNIVERSIDADE ESTADUAL DE MONTES CLAROS - UNIMONTES,3,3,90,18,10,1,10218,12,364,7,4,5,4005,1,4678250.00,4678250.00,4678250.00,0,ASSISTÊNCIA ESTUDANTIL,EDUCAÇÃO SUPERIOR
2025,1260,SECRETARIA DE ESTADO DE EDUCAÇÃO - SEE,3,0,2311,UNIVERSIDADE ESTADUAL DE MONTES CLAROS - UNIMONTES,3,3,90,39,10,1,10218,12,364,7,4,5,4005,1,31896.00,31896.00,31896.00,0,ASSISTÊNCIA ESTUDANTIL,EDUCAÇÃO SUPERIOR
2025,1260,SECRETARIA DE ESTADO DE EDUCAÇÃO - SEE,3,0,2311,UNIVERSIDADE ESTADUAL DE MONTES CLAROS - UNIMONTES,3,3,99,99,10,8,10218,12,364,7,4,5,4005,1,250000.00,250000.00,250000.00,0,ASSISTÊNCIA ESTUDANTIL,EDUCAÇÃO SUPERIOR
2025,1260,SECRETARIA DE ESTADO DE EDUCAÇÃO - SEE,3,0,2311,UNIVERSIDADE ESTADUAL DE MONTES CLAROS - UNIMONTES,3,3,90,30,10,1,11020,12,364,7,4,550,4550,1,1227374.00,1227374.00,1227374.00,0,FORNECIMENTO DE REFEIÇÕES NA UNIVERSIDADE,EDUCAÇÃO SUPERIOR
2025,1260,SECRETARIA DE ESTADO DE EDUCAÇÃO - SEE,3,0,2311,UNIVERSIDADE ESTADUAL DE MONTES CLAROS - UNIMONTES,3,3,90,30,60,1,11020,12,364,7,4,550,4550,1,2292286.00,2292286.00,2292286.00,0,FORNECIMENTO DE REFEIÇÕES NA UNIVERSIDADE,EDUCAÇÃO SUPERIOR
2025,1260,SECRETARIA DE ESTADO DE EDUCAÇÃO - SEE,3,0,2311,UNIVERSIDADE ESTADUAL DE MONTES CLAROS - UNIMONTES,3,3,90,39,10,1,11020,12,364,7,4,550,4550,1,1046500.00,1046500.00,1046500.00,0,FORNECIMENTO DE REFEIÇÕES NA UNIVERSIDADE,EDUCAÇÃO SUPERIOR
2025,1260,SECRETARIA DE ESTADO DE EDUCAÇÃO - SEE,3,0,2311,UNIVERSIDADE ESTADUAL DE MONTES CLAROS - UNIMONTES,3,3,90,39,60,1,11020,12,364,7,4,550,4550,1,5812000.00,5812000.00,5812000.00,0,FORNECIMENTO DE REFEIÇÕES NA UNIVERSIDADE,EDUCAÇÃO SUPERIOR
2025,1260,SECRETARIA DE ESTADO DE EDUCAÇÃO - SEE,3,0,2311,UNIVERSIDADE ESTADUAL DE MONTES CLAROS - UNIMONTES,3,1,90,91,60,9,2485,28,846,705,7,4,7004,1,2548849.00,2548849.00,2548849.00,0,PRECATÓRIOS E SENTENÇAS JUDICIÁRIAS,APOIO ÀS POLÍTICAS PÚBLICAS
2025,1260,SECRETARIA DE ESTADO DE EDUCAÇÃO - SEE,3,0,2311,UNIVERSIDADE ESTADUAL DE MONTES CLAROS - UNIMONTES,3,3,90,91,60,9,2485,28,846,705,7,4,7004,1,51519.00,51519.00,51519.00,0,PRECATÓRIOS E SENTENÇAS JUDICIÁRIAS,APOIO ÀS POLÍTICAS PÚBLICAS
2025,1260,SECRETARIA DE ESTADO DE EDUCAÇÃO - SEE,3,0,2351,UNIVERSIDADE DO ESTADO DE MINAS GERAIS - UEMG,3,1,90,4,10,1,11103,12,122,705,2,417,2417,1,13845452.00,13845452.00,13845452.00,0,REMUNERAÇÃO DE PESSOAL ATIVO E ENCARGOS SOCIAIS,APOIO ÀS POLÍTICAS PÚBLICAS
2025,1260,SECRETARIA DE ESTADO DE EDUCAÇÃO - SEE,3,0,2351,UNIVERSIDADE DO ESTADO DE MINAS GERAIS - UEMG,3,1,90,11,10,1,11103,12,122,705,2,417,2417,1,167976717.00,167976717.00,167976717.00,0,REMUNERAÇÃO DE PESSOAL ATIVO E ENCARGOS SOCIAIS,APOIO ÀS POLÍTICAS PÚBLICAS
2025,1260,SECRETARIA DE ESTADO DE EDUCAÇÃO - SEE,3,0,2351,UNIVERSIDADE DO ESTADO DE MINAS GERAIS - UEMG,3,1,90,13,10,1,11103,12,122,705,2,417,2417,1,8801956.00,8801956.00,8801956.00,0,REMUNERAÇÃO DE PESSOAL ATIVO E ENCARGOS SOCIAIS,APOIO ÀS POLÍTICAS PÚBLICAS
2025,1260,SECRETARIA DE ESTADO DE EDUCAÇÃO - SEE,3,0,2351,UNIVERSIDADE DO ESTADO DE MINAS GERAIS - UEMG,3,1,91,13,10,1,11103,12,122,705,2,417,2417,1,52876509.00,52876509.00,52876509.00,0,REMUNERAÇÃO DE PESSOAL ATIVO E ENCARGOS SOCIAIS,APOIO ÀS POLÍTICAS PÚBLICAS
2025,1260,SECRETARIA DE ESTADO DE EDUCAÇÃO - SEE,3,0,2351,UNIVERSIDADE DO ESTADO DE MINAS GERAIS - UEMG,3,3,90,46,10,7,11103,12,122,705,2,417,2417,1,30151461.00,30151461.00,30151461.00,0,REMUNERAÇÃO DE PESSOAL ATIVO E ENCARGOS SOCIAIS,APOIO ÀS POLÍTICAS PÚBLICAS
2025,1260,SECRETARIA DE ESTADO DE EDUCAÇÃO - SEE,3,0,2351,UNIVERSIDADE DO ESTADO DE MINAS GERAIS - UEMG,3,3,90,49,10,7,11103,12,122,705,2,417,2417,1,2278190.00,2278190.00,2278190.00,0,REMUNERAÇÃO DE PESSOAL ATIVO E ENCARGOS SOCIAIS,APOIO ÀS POLÍTICAS PÚBLICAS
2025,1260,SECRETARIA DE ESTADO DE EDUCAÇÃO - SEE,3,0,2351,UNIVERSIDADE DO ESTADO DE MINAS GERAIS - UEMG,3,3,90,14,10,1,9439,12,122,705,2,500,2500,1,200000.00,200000.00,200000.00,0,ASSESSORAMENTO E GERENCIAMENTO DE POLÍTICAS PÚBLICAS,APOIO ÀS POLÍTICAS PÚBLICAS
2025,1260,SECRETARIA DE ESTADO DE EDUCAÇÃO - SEE,3,0,2351,UNIVERSIDADE DO ESTADO DE MINAS GERAIS - UEMG,3,3,90,18,10,1,9439,12,122,705,2,500,2500,1,355563.00,355563.00,355563.00,0,ASSESSORAMENTO E GERENCIAMENTO DE POLÍTICAS PÚBLICAS,APOIO ÀS POLÍTICAS PÚBLICAS
2025,1260,SECRETARIA DE ESTADO DE EDUCAÇÃO - SEE,3,0,2351,UNIVERSIDADE DO ESTADO DE MINAS GERAIS - UEMG,3,3,90,33,10,1,9439,12,122,705,2,500,2500,1,160000.00,160000.00,160000.00,0,ASSESSORAMENTO E GERENCIAMENTO DE POLÍTICAS PÚBLICAS,APOIO ÀS POLÍTICAS PÚBLICAS
2025,1260,SECRETARIA DE ESTADO DE EDUCAÇÃO - SEE,3,0,2351,UNIVERSIDADE DO ESTADO DE MINAS GERAIS - UEMG,3,3,90,36,10,1,9439,12,122,705,2,500,2500,1,100000.00,100000.00,100000.00,0,ASSESSORAMENTO E GERENCIAMENTO DE POLÍTICAS PÚBLICAS,APOIO ÀS POLÍTICAS PÚBLICAS
2025,1260,SECRETARIA DE ESTADO DE EDUCAÇÃO - SEE,3,0,2351,UNIVERSIDADE DO ESTADO DE MINAS GERAIS - UEMG,3,3,90,39,10,1,9439,12,122,705,2,500,2500,1,550000.00,550000.00,550000.00,0,ASSESSORAMENTO E GERENCIAMENTO DE POLÍTICAS PÚBLICAS,APOIO ÀS POLÍTICAS PÚBLICAS
2025,1260,SECRETARIA DE ESTADO DE EDUCAÇÃO - SEE,3,0,2351,UNIVERSIDADE DO ESTADO DE MINAS GERAIS - UEMG,3,3,90,39,10,1,10372,12,364,26,1,18,1018,1,1000.00,1000.00,1000.00,0,"CONSTRUÇÃO, AMPLIAÇÃO E REFORMA DAS UNIDADES ACADÊMICAS E DOS CAMPI DA UEMG",DESENVOLVIMENTO DO ENSINO SUPERIOR NA UEMG
2025,1260,SECRETARIA DE ESTADO DE EDUCAÇÃO - SEE,3,0,2351,UNIVERSIDADE DO ESTADO DE MINAS GERAIS - UEMG,3,3,90,14,10,1,10328,12,364,26,4,86,4086,1,159186.00,159186.00,159186.00,0,ATIVIDADE DE ENSINO DE GRADUAÇÃO PRESENCIAL E A DISTÂNCIA,DESENVOLVIMENTO DO ENSINO SUPERIOR NA UEMG
2025,1260,SECRETARIA DE ESTADO DE EDUCAÇÃO - SEE,3,0,2351,UNIVERSIDADE DO ESTADO DE MINAS GERAIS - UEMG,3,3,90,14,24,1,10328,12,364,26,4,86,4086,1,4000000.00,4000000.00,4000000.00,0,ATIVIDADE DE ENSINO DE GRADUAÇÃO PRESENCIAL E A DISTÂNCIA,DESENVOLVIMENTO DO ENSINO SUPERIOR NA UEMG
2025,1260,SECRETARIA DE ESTADO DE EDUCAÇÃO - SEE,3,0,2351,UNIVERSIDADE DO ESTADO DE MINAS GERAIS - UEMG,3,3,90,18,10,1,10328,12,364,26,4,86,4086,1,594000.00,594000.00,594000.00,0,ATIVIDADE DE ENSINO DE GRADUAÇÃO PRESENCIAL E A DISTÂNCIA,DESENVOLVIMENTO DO ENSINO SUPERIOR NA UEMG
2025,1260,SECRETARIA DE ESTADO DE EDUCAÇÃO - SEE,3,0,2351,UNIVERSIDADE DO ESTADO DE MINAS GERAIS - UEMG,3,3,90,30,10,1,10328,12,364,26,4,86,4086,1,5169297.00,5169297.00,5169297.00,0,ATIVIDADE DE ENSINO DE GRADUAÇÃO PRESENCIAL E A DISTÂNCIA,DESENVOLVIMENTO DO ENSINO SUPERIOR NA UEMG
2025,1260,SECRETARIA DE ESTADO DE EDUCAÇÃO - SEE,3,0,2351,UNIVERSIDADE DO ESTADO DE MINAS GERAIS - UEMG,3,3,90,30,24,1,10328,12,364,26,4,86,4086,1,1995807.00,1995807.00,1995807.00,0,ATIVIDADE DE ENSINO DE GRADUAÇÃO PRESENCIAL E A DISTÂNCIA,DESENVOLVIMENTO DO ENSINO SUPERIOR NA UEMG
2025,1260,SECRETARIA DE ESTADO DE EDUCAÇÃO - SEE,3,0,2351,UNIVERSIDADE DO ESTADO DE MINAS GERAIS - UEMG,3,3,90,33,10,1,10328,12,364,26,4,86,4086,1,126227.00,126227.00,126227.00,0,ATIVIDADE DE ENSINO DE GRADUAÇÃO PRESENCIAL E A DISTÂNCIA,DESENVOLVIMENTO DO ENSINO SUPERIOR NA UEMG
2025,1260,SECRETARIA DE ESTADO DE EDUCAÇÃO - SEE,3,0,2351,UNIVERSIDADE DO ESTADO DE MINAS GERAIS - UEMG,3,3,90,33,24,1,10328,12,364,26,4,86,4086,1,750000.00,750000.00,750000.00,0,ATIVIDADE DE ENSINO DE GRADUAÇÃO PRESENCIAL E A DISTÂNCIA,DESENVOLVIMENTO DO ENSINO SUPERIOR NA UEMG
2025,1260,SECRETARIA DE ESTADO DE EDUCAÇÃO - SEE,3,0,2351,UNIVERSIDADE DO ESTADO DE MINAS GERAIS - UEMG,3,3,90,36,10,1,10328,12,364,26,4,86,4086,1,734440.00,734440.00,734440.00,0,ATIVIDADE DE ENSINO DE GRADUAÇÃO PRESENCIAL E A DISTÂNCIA,DESENVOLVIMENTO DO ENSINO SUPERIOR NA UEMG
2025,1260,SECRETARIA DE ESTADO DE EDUCAÇÃO - SEE,3,0,2351,UNIVERSIDADE DO ESTADO DE MINAS GERAIS - UEMG,3,3,90,36,24,1,10328,12,364,26,4,86,4086,1,1000000.00,1000000.00,1000000.00,0,ATIVIDADE DE ENSINO DE GRADUAÇÃO PRESENCIAL E A DISTÂNCIA,DESENVOLVIMENTO DO ENSINO SUPERIOR NA UEMG
2025,1260,SECRETARIA DE ESTADO DE EDUCAÇÃO - SEE,3,0,2351,UNIVERSIDADE DO ESTADO DE MINAS GERAIS - UEMG,3,3,90,37,10,1,10328,12,364,26,4,86,4086,1,37331314.00,37331314.00,37331314.00,0,ATIVIDADE DE ENSINO DE GRADUAÇÃO PRESENCIAL E A DISTÂNCIA,DESENVOLVIMENTO DO ENSINO SUPERIOR NA UEMG
2025,1260,SECRETARIA DE ESTADO DE EDUCAÇÃO - SEE,3,0,2351,UNIVERSIDADE DO ESTADO DE MINAS GERAIS - UEMG,3,3,90,39,10,1,10328,12,364,26,4,86,4086,1,36731488.00,36731488.00,36731488.00,0,ATIVIDADE DE ENSINO DE GRADUAÇÃO PRESENCIAL E A DISTÂNCIA,DESENVOLVIMENTO DO ENSINO SUPERIOR NA UEMG
2025,1260,SECRETARIA DE ESTADO DE EDUCAÇÃO - SEE,3,0,2351,UNIVERSIDADE DO ESTADO DE MINAS GERAIS - UEMG,3,3,90,39,10,3,10328,12,364,26,4,86,4086,1,179781.00,179781.00,179781.00,0,ATIVIDADE DE ENSINO DE GRADUAÇÃO PRESENCIAL E A DISTÂNCIA,DESENVOLVIMENTO DO ENSINO SUPERIOR NA UEMG
2025,1260,SECRETARIA DE ESTADO DE EDUCAÇÃO - SEE,3,0,2351,UNIVERSIDADE DO ESTADO DE MINAS GERAIS - UEMG,3,3,90,39,24,1,10328,12,364,26,4,86,4086,1,5101000.00,5101000.00,5101000.00,0,ATIVIDADE DE ENSINO DE GRADUAÇÃO PRESENCIAL E A DISTÂNCIA,DESENVOLVIMENTO DO ENSINO SUPERIOR NA UEMG
2025,1260,SECRETARIA DE ESTADO DE EDUCAÇÃO - SEE,3,0,2351,UNIVERSIDADE DO ESTADO DE MINAS GERAIS - UEMG,3,3,90,40,10,1,10328,12,364,26,4,86,4086,1,8903781.00,8903781.00,8903781.00,0,ATIVIDADE DE ENSINO DE GRADUAÇÃO PRESENCIAL E A DISTÂNCIA,DESENVOLVIMENTO DO ENSINO SUPERIOR NA UEMG
2025,1260,SECRETARIA DE ESTADO DE EDUCAÇÃO - SEE,3,0,2351,UNIVERSIDADE DO ESTADO DE MINAS GERAIS - UEMG,3,3,90,47,10,1,10328,12,364,26,4,86,4086,1,3051200.00,3051200.00,3051200.00,0,ATIVIDADE DE ENSINO DE GRADUAÇÃO PRESENCIAL E A DISTÂNCIA,DESENVOLVIMENTO DO ENSINO SUPERIOR NA UEMG
2025,1260,SECRETARIA DE ESTADO DE EDUCAÇÃO - SEE,3,0,2351,UNIVERSIDADE DO ESTADO DE MINAS GERAIS - UEMG,4,4,90,52,10,1,10328,12,364,26,4,86,4086,1,4682250.00,4682250.00,4682250.00,0,ATIVIDADE DE ENSINO DE GRADUAÇÃO PRESENCIAL E A DISTÂNCIA,DESENVOLVIMENTO DO ENSINO SUPERIOR NA UEMG
2025,1260,SECRETARIA DE ESTADO DE EDUCAÇÃO - SEE,3,0,2351,UNIVERSIDADE DO ESTADO DE MINAS GERAIS - UEMG,4,4,90,52,10,3,10328,12,364,26,4,86,4086,1,400000.00,400000.00,400000.00,0,ATIVIDADE DE ENSINO DE GRADUAÇÃO PRESENCIAL E A DISTÂNCIA,DESENVOLVIMENTO DO ENSINO SUPERIOR NA UEMG
2025,1260,SECRETARIA DE ESTADO DE EDUCAÇÃO - SEE,3,0,2351,UNIVERSIDADE DO ESTADO DE MINAS GERAIS - UEMG,4,4,90,52,24,1,10328,12,364,26,4,86,4086,1,201500.00,201500.00,201500.00,0,ATIVIDADE DE ENSINO DE GRADUAÇÃO PRESENCIAL E A DISTÂNCIA,DESENVOLVIMENTO DO ENSINO SUPERIOR NA UEMG
2025,1260,SECRETARIA DE ESTADO DE EDUCAÇÃO - SEE,3,0,2351,UNIVERSIDADE DO ESTADO DE MINAS GERAIS - UEMG,4,4,99,99,10,8,10328,12,364,26,4,86,4086,1,571000.00,571000.00,571000.00,0,ATIVIDADE DE ENSINO DE GRADUAÇÃO PRESENCIAL E A DISTÂNCIA,DESENVOLVIMENTO DO ENSINO SUPERIOR NA UEMG
2025,1260,SECRETARIA DE ESTADO DE EDUCAÇÃO - SEE,3,0,2351,UNIVERSIDADE DO ESTADO DE MINAS GERAIS - UEMG,3,3,90,14,10,1,10329,12,364,26,4,87,4087,1,94000.00,94000.00,94000.00,0,ATIVIDADES DE PESQUISA CIENTÍFICA,DESENVOLVIMENTO DO ENSINO SUPERIOR NA UEMG
2025,1260,SECRETARIA DE ESTADO DE EDUCAÇÃO - SEE,3,0,2351,UNIVERSIDADE DO ESTADO DE MINAS GERAIS - UEMG,3,3,90,18,10,1,10329,12,364,26,4,87,4087,1,2998380.00,2998380.00,2998380.00,0,ATIVIDADES DE PESQUISA CIENTÍFICA,DESENVOLVIMENTO DO ENSINO SUPERIOR NA UEMG
2025,1260,SECRETARIA DE ESTADO DE EDUCAÇÃO - SEE,3,0,2351,UNIVERSIDADE DO ESTADO DE MINAS GERAIS - UEMG,3,3,90,20,10,1,10329,12,364,26,4,87,4087,1,4626000.00,4626000.00,4626000.00,0,ATIVIDADES DE PESQUISA CIENTÍFICA,DESENVOLVIMENTO DO ENSINO SUPERIOR NA UEMG
2025,1260,SECRETARIA DE ESTADO DE EDUCAÇÃO - SEE,3,0,2351,UNIVERSIDADE DO ESTADO DE MINAS GERAIS - UEMG,3,3,90,30,10,1,10329,12,364,26,4,87,4087,1,154935.00,154935.00,154935.00,0,ATIVIDADES DE PESQUISA CIENTÍFICA,DESENVOLVIMENTO DO ENSINO SUPERIOR NA UEMG
2025,1260,SECRETARIA DE ESTADO DE EDUCAÇÃO - SEE,3,0,2351,UNIVERSIDADE DO ESTADO DE MINAS GERAIS - UEMG,3,3,90,33,10,1,10329,12,364,26,4,87,4087,1,20392.00,20392.00,20392.00,0,ATIVIDADES DE PESQUISA CIENTÍFICA,DESENVOLVIMENTO DO ENSINO SUPERIOR NA UEMG
2025,1260,SECRETARIA DE ESTADO DE EDUCAÇÃO - SEE,3,0,2351,UNIVERSIDADE DO ESTADO DE MINAS GERAIS - UEMG,3,3,90,39,10,1,10329,12,364,26,4,87,4087,1,220000.00,220000.00,220000.00,0,ATIVIDADES DE PESQUISA CIENTÍFICA,DESENVOLVIMENTO DO ENSINO SUPERIOR NA UEMG
2025,1260,SECRETARIA DE ESTADO DE EDUCAÇÃO - SEE,3,0,2351,UNIVERSIDADE DO ESTADO DE MINAS GERAIS - UEMG,3,3,90,40,10,1,10329,12,364,26,4,87,4087,1,96293.00,96293.00,96293.00,0,ATIVIDADES DE PESQUISA CIENTÍFICA,DESENVOLVIMENTO DO ENSINO SUPERIOR NA UEMG
2025,1260,SECRETARIA DE ESTADO DE EDUCAÇÃO - SEE,3,0,2351,UNIVERSIDADE DO ESTADO DE MINAS GERAIS - UEMG,3,3,90,14,10,1,10330,12,364,26,4,88,4088,1,47940.00,47940.00,47940.00,0,ATIVIDADE DE PÓS-GRADUAÇÃO,DESENVOLVIMENTO DO ENSINO SUPERIOR NA UEMG
2025,1260,SECRETARIA DE ESTADO DE EDUCAÇÃO - SEE,3,0,2351,UNIVERSIDADE DO ESTADO DE MINAS GERAIS - UEMG,3,3,90,18,10,1,10330,12,364,26,4,88,4088,1,702000.00,702000.00,702000.00,0,ATIVIDADE DE PÓS-GRADUAÇÃO,DESENVOLVIMENTO DO ENSINO SUPERIOR NA UEMG
2025,1260,SECRETARIA DE ESTADO DE EDUCAÇÃO - SEE,3,0,2351,UNIVERSIDADE DO ESTADO DE MINAS GERAIS - UEMG,3,3,90,20,10,1,10330,12,364,26,4,88,4088,1,2044800.00,2044800.00,2044800.00,0,ATIVIDADE DE PÓS-GRADUAÇÃO,DESENVOLVIMENTO DO ENSINO SUPERIOR NA UEMG
2025,1260,SECRETARIA DE ESTADO DE EDUCAÇÃO - SEE,3,0,2351,UNIVERSIDADE DO ESTADO DE MINAS GERAIS - UEMG,3,3,90,33,10,1,10330,12,364,26,4,88,4088,1,43980.00,43980.00,43980.00,0,ATIVIDADE DE PÓS-GRADUAÇÃO,DESENVOLVIMENTO DO ENSINO SUPERIOR NA UEMG
2025,1260,SECRETARIA DE ESTADO DE EDUCAÇÃO - SEE,3,0,2351,UNIVERSIDADE DO ESTADO DE MINAS GERAIS - UEMG,3,3,90,36,10,1,10330,12,364,26,4,88,4088,1,58280.00,58280.00,58280.00,0,ATIVIDADE DE PÓS-GRADUAÇÃO,DESENVOLVIMENTO DO ENSINO SUPERIOR NA UEMG
2025,1260,SECRETARIA DE ESTADO DE EDUCAÇÃO - SEE,3,0,2351,UNIVERSIDADE DO ESTADO DE MINAS GERAIS - UEMG,3,3,90,39,10,1,10330,12,364,26,4,88,4088,1,3000.00,3000.00,3000.00,0,ATIVIDADE DE PÓS-GRADUAÇÃO,DESENVOLVIMENTO DO ENSINO SUPERIOR NA UEMG
2025,1260,SECRETARIA DE ESTADO DE EDUCAÇÃO - SEE,3,0,2351,UNIVERSIDADE DO ESTADO DE MINAS GERAIS - UEMG,3,3,90,14,10,1,10331,12,364,26,4,89,4089,1,45000.00,45000.00,45000.00,0,AÇÃO DE EXTENSÃO UNIVERSITÁRIA,DESENVOLVIMENTO DO ENSINO SUPERIOR NA UEMG
2025,1260,SECRETARIA DE ESTADO DE EDUCAÇÃO - SEE,3,0,2351,UNIVERSIDADE DO ESTADO DE MINAS GERAIS - UEMG,3,3,90,18,10,1,10331,12,364,26,4,89,4089,1,3780000.00,3780000.00,3780000.00,0,AÇÃO DE EXTENSÃO UNIVERSITÁRIA,DESENVOLVIMENTO DO ENSINO SUPERIOR NA UEMG
2025,1260,SECRETARIA DE ESTADO DE EDUCAÇÃO - SEE,3,0,2351,UNIVERSIDADE DO ESTADO DE MINAS GERAIS - UEMG,3,3,90,30,10,1,10331,12,364,26,4,89,4089,1,476000.00,476000.00,476000.00,0,AÇÃO DE EXTENSÃO UNIVERSITÁRIA,DESENVOLVIMENTO DO ENSINO SUPERIOR NA UEMG
2025,1260,SECRETARIA DE ESTADO DE EDUCAÇÃO - SEE,3,0,2351,UNIVERSIDADE DO ESTADO DE MINAS GERAIS - UEMG,3,3,90,33,10,1,10331,12,364,26,4,89,4089,1,150000.00,150000.00,150000.00,0,AÇÃO DE EXTENSÃO UNIVERSITÁRIA,DESENVOLVIMENTO DO ENSINO SUPERIOR NA UEMG
2025,1260,SECRETARIA DE ESTADO DE EDUCAÇÃO - SEE,3,0,2351,UNIVERSIDADE DO ESTADO DE MINAS GERAIS - UEMG,3,3,90,36,10,1,10331,12,364,26,4,89,4089,1,10000.00,10000.00,10000.00,0,AÇÃO DE EXTENSÃO UNIVERSITÁRIA,DESENVOLVIMENTO DO ENSINO SUPERIOR NA UEMG
2025,1260,SECRETARIA DE ESTADO DE EDUCAÇÃO - SEE,3,0,2351,UNIVERSIDADE DO ESTADO DE MINAS GERAIS - UEMG,3,3,90,39,3,1,10331,12,364,26,4,89,4089,1,1000000.00,1000000.00,1000000.00,0,AÇÃO DE EXTENSÃO UNIVERSITÁRIA,DESENVOLVIMENTO DO ENSINO SUPERIOR NA UEMG
2025,1260,SECRETARIA DE ESTADO DE EDUCAÇÃO - SEE,3,0,2351,UNIVERSIDADE DO ESTADO DE MINAS GERAIS - UEMG,3,3,90,39,10,1,10331,12,364,26,4,89,4089,1,137000.00,137000.00,137000.00,0,AÇÃO DE EXTENSÃO UNIVERSITÁRIA,DESENVOLVIMENTO DO ENSINO SUPERIOR NA UEMG
2025,1260,SECRETARIA DE ESTADO DE EDUCAÇÃO - SEE,3,0,2351,UNIVERSIDADE DO ESTADO DE MINAS GERAIS - UEMG,3,3,99,99,10,8,10331,12,364,26,4,89,4089,1,1500000.00,1500000.00,1500000.00,0,AÇÃO DE EXTENSÃO UNIVERSITÁRIA,DESENVOLVIMENTO DO ENSINO SUPERIOR NA UEMG
2025,1260,SECRETARIA DE ESTADO DE EDUCAÇÃO - SEE,3,0,2351,UNIVERSIDADE DO ESTADO DE MINAS GERAIS - UEMG,4,4,90,39,3,1,10331,12,364,26,4,89,4089,1,1140000.00,1140000.00,1140000.00,0,AÇÃO DE EXTENSÃO UNIVERSITÁRIA,DESENVOLVIMENTO DO ENSINO SUPERIOR NA UEMG
2025,1260,SECRETARIA DE ESTADO DE EDUCAÇÃO - SEE,3,0,2351,UNIVERSIDADE DO ESTADO DE MINAS GERAIS - UEMG,4,4,90,52,1,1,10331,12,364,26,4,89,4089,1,1633154.00,1633154.00,1633154.00,0,AÇÃO DE EXTENSÃO UNIVERSITÁRIA,DESENVOLVIMENTO DO ENSINO SUPERIOR NA UEMG
2025,1260,SECRETARIA DE ESTADO DE EDUCAÇÃO - SEE,3,0,2351,UNIVERSIDADE DO ESTADO DE MINAS GERAIS - UEMG,4,4,90,52,10,3,10331,12,364,26,4,89,4089,1,169820.00,169820.00,169820.00,0,AÇÃO DE EXTENSÃO UNIVERSITÁRIA,DESENVOLVIMENTO DO ENSINO SUPERIOR NA UEMG
2025,1260,SECRETARIA DE ESTADO DE EDUCAÇÃO - SEE,3,0,2351,UNIVERSIDADE DO ESTADO DE MINAS GERAIS - UEMG,3,3,90,18,10,1,10332,12,364,26,4,90,4090,1,12388560.00,12388560.00,12388560.00,0,FORTALECIMENTO DAS POLÍTICAS DE ASSISTÊNCIA ESTUDANTIL,DESENVOLVIMENTO DO ENSINO SUPERIOR NA UEMG
2025,1260,SECRETARIA DE ESTADO DE EDUCAÇÃO - SEE,3,0,2351,UNIVERSIDADE DO ESTADO DE MINAS GERAIS - UEMG,3,3,90,39,10,1,10332,12,364,26,4,90,4090,1,15133562.00,15133562.00,15133562.00,0,FORTALECIMENTO DAS POLÍTICAS DE ASSISTÊNCIA ESTUDANTIL,DESENVOLVIMENTO DO ENSINO SUPERIOR NA UEMG
2025,1260,SECRETARIA DE ESTADO DE EDUCAÇÃO - SEE,3,0,2351,UNIVERSIDADE DO ESTADO DE MINAS GERAIS - UEMG,3,3,99,99,10,8,10332,12,364,26,4,90,4090,1,320000.00,320000.00,320000.00,0,FORTALECIMENTO DAS POLÍTICAS DE ASSISTÊNCIA ESTUDANTIL,DESENVOLVIMENTO DO ENSINO SUPERIOR NA UEMG
2025,1260,SECRETARIA DE ESTADO DE EDUCAÇÃO - SEE,3,0,2351,UNIVERSIDADE DO ESTADO DE MINAS GERAIS - UEMG,4,4,99,99,10,8,10332,12,364,26,4,90,4090,1,250000.00,250000.00,250000.00,0,FORTALECIMENTO DAS POLÍTICAS DE ASSISTÊNCIA ESTUDANTIL,DESENVOLVIMENTO DO ENSINO SUPERIOR NA UEMG
2025,1260,SECRETARIA DE ESTADO DE EDUCAÇÃO - SEE,3,0,2351,UNIVERSIDADE DO ESTADO DE MINAS GERAIS - UEMG,3,1,90,91,10,9,1019,28,846,705,7,4,7004,1,4037512.00,4037512.00,4037512.00,0,PRECATÓRIOS E SENTENÇAS JUDICIÁRIAS,APOIO ÀS POLÍTICAS PÚBLICAS
2025,1260,SECRETARIA DE ESTADO DE EDUCAÇÃO - SEE,3,0,2351,UNIVERSIDADE DO ESTADO DE MINAS GERAIS - UEMG,3,1,90,91,60,9,1019,28,846,705,7,4,7004,1,1362000.00,1362000.00,1362000.00,0,PRECATÓRIOS E SENTENÇAS JUDICIÁRIAS,APOIO ÀS POLÍTICAS PÚBLICAS
2025,1260,SECRETARIA DE ESTADO DE EDUCAÇÃO - SEE,3,0,2351,UNIVERSIDADE DO ESTADO DE MINAS GERAIS - UEMG,3,1,91,13,60,9,1019,28,846,705,7,4,7004,1,500000.00,500000.00,500000.00,0,PRECATÓRIOS E SENTENÇAS JUDICIÁRIAS,APOIO ÀS POLÍTICAS PÚBLICAS
2025,1270,SECRETARIA DE ESTADO DE CULTURA E TURISMO - SECULT,3,0,1271,SECRETARIA DE ESTADO DE CULTURA E TURISMO - SECULT,3,1,90,11,10,1,11099,13,122,705,2,417,2417,1,18548724.00,18548724.00,18548724.00,0,REMUNERAÇÃO DE PESSOAL ATIVO E ENCARGOS SOCIAIS,APOIO ÀS POLÍTICAS PÚBLICAS
2025,1270,SECRETARIA DE ESTADO DE CULTURA E TURISMO - SECULT,3,0,1271,SECRETARIA DE ESTADO DE CULTURA E TURISMO - SECULT,3,1,90,13,10,1,11099,13,122,705,2,417,2417,1,1612932.00,1612932.00,1612932.00,0,REMUNERAÇÃO DE PESSOAL ATIVO E ENCARGOS SOCIAIS,APOIO ÀS POLÍTICAS PÚBLICAS
2025,1270,SECRETARIA DE ESTADO DE CULTURA E TURISMO - SECULT,3,0,1271,SECRETARIA DE ESTADO DE CULTURA E TURISMO - SECULT,3,1,91,13,10,1,11099,13,122,705,2,417,2417,1,4559395.00,4559395.00,4559395.00,0,REMUNERAÇÃO DE PESSOAL ATIVO E ENCARGOS SOCIAIS,APOIO ÀS POLÍTICAS PÚBLICAS
2025,1270,SECRETARIA DE ESTADO DE CULTURA E TURISMO - SECULT,3,0,1271,SECRETARIA DE ESTADO DE CULTURA E TURISMO - SECULT,3,3,90,46,10,7,11099,13,122,705,2,417,2417,1,4045463.00,4045463.00,4045463.00,0,REMUNERAÇÃO DE PESSOAL ATIVO E ENCARGOS SOCIAIS,APOIO ÀS POLÍTICAS PÚBLICAS
2025,1270,SECRETARIA DE ESTADO DE CULTURA E TURISMO - SECULT,3,0,1271,SECRETARIA DE ESTADO DE CULTURA E TURISMO - SECULT,3,3,90,49,10,7,11099,13,122,705,2,417,2417,1,449496.00,449496.00,449496.00,0,REMUNERAÇÃO DE PESSOAL ATIVO E ENCARGOS SOCIAIS,APOIO ÀS POLÍTICAS PÚBLICAS
2025,1270,SECRETARIA DE ESTADO DE CULTURA E TURISMO - SECULT,3,0,1271,SECRETARIA DE ESTADO DE CULTURA E TURISMO - SECULT,3,3,90,14,10,1,9580,13,122,705,2,500,2500,1,30000.00,30000.00,30000.00,0,ASSESSORAMENTO E GERENCIAMENTO DE POLÍTICAS PÚBLICAS,APOIO ÀS POLÍTICAS PÚBLICAS
2025,1270,SECRETARIA DE ESTADO DE CULTURA E TURISMO - SECULT,3,0,1271,SECRETARIA DE ESTADO DE CULTURA E TURISMO - SECULT,3,3,90,33,10,1,9580,13,122,705,2,500,2500,1,714081.00,714081.00,714081.00,0,ASSESSORAMENTO E GERENCIAMENTO DE POLÍTICAS PÚBLICAS,APOIO ÀS POLÍTICAS PÚBLICAS
2025,1270,SECRETARIA DE ESTADO DE CULTURA E TURISMO - SECULT,3,0,1271,SECRETARIA DE ESTADO DE CULTURA E TURISMO - SECULT,3,3,90,37,10,1,9580,13,122,705,2,500,2500,1,389640.00,389640.00,389640.00,0,ASSESSORAMENTO E GERENCIAMENTO DE POLÍTICAS PÚBLICAS,APOIO ÀS POLÍTICAS PÚBLICAS
2025,1270,SECRETARIA DE ESTADO DE CULTURA E TURISMO - SECULT,3,0,1271,SECRETARIA DE ESTADO DE CULTURA E TURISMO - SECULT,3,3,90,39,10,1,9580,13,122,705,2,500,2500,1,1478835.00,1478835.00,1478835.00,0,ASSESSORAMENTO E GERENCIAMENTO DE POLÍTICAS PÚBLICAS,APOIO ÀS POLÍTICAS PÚBLICAS
2025,1270,SECRETARIA DE ESTADO DE CULTURA E TURISMO - SECULT,3,0,1271,SECRETARIA DE ESTADO DE CULTURA E TURISMO - SECULT,3,3,90,40,10,1,9580,13,122,705,2,500,2500,1,63404.00,63404.00,63404.00,0,ASSESSORAMENTO E GERENCIAMENTO DE POLÍTICAS PÚBLICAS,APOIO ÀS POLÍTICAS PÚBLICAS
2025,1270,SECRETARIA DE ESTADO DE CULTURA E TURISMO - SECULT,3,0,1271,SECRETARIA DE ESTADO DE CULTURA E TURISMO - SECULT,3,3,90,39,10,1,10648,13,391,106,4,338,4338,1,228278.00,228278.00,228278.00,0,"CONSERVAÇÃO PREVENTIVA E CURATIVA, RESTAURAÇÃO, AQUISIÇÃO E GESTÃO TÉCNICA DE ACERVOS",PROTEÇÃO E SALVAGUARDA DE ACERVOS E BENS CULTURAIS
2025,1270,SECRETARIA DE ESTADO DE CULTURA E TURISMO - SECULT,3,0,1271,SECRETARIA DE ESTADO DE CULTURA E TURISMO - SECULT,3,3,90,40,10,1,10648,13,391,106,4,338,4338,1,19740.00,19740.00,19740.00,0,"CONSERVAÇÃO PREVENTIVA E CURATIVA, RESTAURAÇÃO, AQUISIÇÃO E GESTÃO TÉCNICA DE ACERVOS",PROTEÇÃO E SALVAGUARDA DE ACERVOS E BENS CULTURAIS
2025,1270,SECRETARIA DE ESTADO DE CULTURA E TURISMO - SECULT,3,0,1271,SECRETARIA DE ESTADO DE CULTURA E TURISMO - SECULT,3,3,90,30,10,1,10649,13,391,106,4,339,4339,1,375936.00,375936.00,375936.00,0,"ORGANIZAÇÃO, DESCRIÇÃO E PRESERVAÇÃO DE ACERVOS ARQUIVÍSTICOS",PROTEÇÃO E SALVAGUARDA DE ACERVOS E BENS CULTURAIS
2025,1270,SECRETARIA DE ESTADO DE CULTURA E TURISMO - SECULT,3,0,1271,SECRETARIA DE ESTADO DE CULTURA E TURISMO - SECULT,3,3,90,39,10,1,10649,13,391,106,4,339,4339,1,271389.00,271389.00,271389.00,0,"ORGANIZAÇÃO, DESCRIÇÃO E PRESERVAÇÃO DE ACERVOS ARQUIVÍSTICOS",PROTEÇÃO E SALVAGUARDA DE ACERVOS E BENS CULTURAIS
2025,1270,SECRETARIA DE ESTADO DE CULTURA E TURISMO - SECULT,3,0,1271,SECRETARIA DE ESTADO DE CULTURA E TURISMO - SECULT,3,3,90,39,10,1,10652,13,391,106,4,342,4342,1,90000.00,90000.00,90000.00,0,"ASSESSORIAS TÉCNICAS EM GESTÃO DE DOCUMENTOS, CRIAÇÃO E MANUTENÇÃO DE ARQUIVOS PÚBLICOS",PROTEÇÃO E SALVAGUARDA DE ACERVOS E BENS CULTURAIS
2025,1270,SECRETARIA DE ESTADO DE CULTURA E TURISMO - SECULT,3,0,1271,SECRETARIA DE ESTADO DE CULTURA E TURISMO - SECULT,3,3,90,39,10,1,10641,13,392,102,4,331,4331,1,219335.00,219335.00,219335.00,0,PROMOÇÃO DE ATIVIDADES ARTÍSTICO-CULTURAIS,FOMENTO À ECONOMIA DA CRIATIVIDADE
2025,1270,SECRETARIA DE ESTADO DE CULTURA E TURISMO - SECULT,3,0,1271,SECRETARIA DE ESTADO DE CULTURA E TURISMO - SECULT,3,3,99,99,10,8,10641,13,392,102,4,331,4331,1,1000.00,1000.00,1000.00,0,PROMOÇÃO DE ATIVIDADES ARTÍSTICO-CULTURAIS,FOMENTO À ECONOMIA DA CRIATIVIDADE
2025,1270,SECRETARIA DE ESTADO DE CULTURA E TURISMO - SECULT,3,0,1271,SECRETARIA DE ESTADO DE CULTURA E TURISMO - SECULT,3,3,90,39,10,1,10642,13,392,102,4,332,4332,1,1000.00,1000.00,1000.00,0,APOIO A PROJETOS CULTURAIS E TURÍSTICOS REALIZADOS POR INTERMÉDIO DE PARCERIAS,FOMENTO À ECONOMIA DA CRIATIVIDADE
2025,1270,SECRETARIA DE ESTADO DE CULTURA E TURISMO - SECULT,3,0,1271,SECRETARIA DE ESTADO DE CULTURA E TURISMO - SECULT,3,3,90,41,24,1,10642,13,392,102,4,332,4332,1,2972986.00,2972986.00,2972986.00,0,APOIO A PROJETOS CULTURAIS E TURÍSTICOS REALIZADOS POR INTERMÉDIO DE PARCERIAS,FOMENTO À ECONOMIA DA CRIATIVIDADE
2025,1270,SECRETARIA DE ESTADO DE CULTURA E TURISMO - SECULT,3,0,1271,SECRETARIA DE ESTADO DE CULTURA E TURISMO - SECULT,3,3,99,99,10,4,10642,13,392,102,4,332,4332,1,1900000.00,1900000.00,6750000.00,0,APOIO A PROJETOS CULTURAIS E TURÍSTICOS REALIZADOS POR INTERMÉDIO DE PARCERIAS,FOMENTO À ECONOMIA DA CRIATIVIDADE
2025,1270,SECRETARIA DE ESTADO DE CULTURA E TURISMO - SECULT,3,0,1271,SECRETARIA DE ESTADO DE CULTURA E TURISMO - SECULT,3,3,99,99,10,8,10642,13,392,102,4,332,4332,1,400000.00,400000.00,28537298.00,0,APOIO A PROJETOS CULTURAIS E TURÍSTICOS REALIZADOS POR INTERMÉDIO DE PARCERIAS,FOMENTO À ECONOMIA DA CRIATIVIDADE
2025,1270,SECRETARIA DE ESTADO DE CULTURA E TURISMO - SECULT,3,0,1271,SECRETARIA DE ESTADO DE CULTURA E TURISMO - SECULT,4,4,90,52,24,1,10642,13,392,102,4,332,4332,1,32000000.00,32000000.00,32000000.00,0,APOIO A PROJETOS CULTURAIS E TURÍSTICOS REALIZADOS POR INTERMÉDIO DE PARCERIAS,FOMENTO À ECONOMIA DA CRIATIVIDADE
2025,1270,SECRETARIA DE ESTADO DE CULTURA E TURISMO - SECULT,3,0,1271,SECRETARIA DE ESTADO DE CULTURA E TURISMO - SECULT,4,4,99,99,10,8,10642,13,392,102,4,332,4332,1,700000.00,700000.00,5370000.00,0,APOIO A PROJETOS CULTURAIS E TURÍSTICOS REALIZADOS POR INTERMÉDIO DE PARCERIAS,FOMENTO À ECONOMIA DA CRIATIVIDADE
2025,1270,SECRETARIA DE ESTADO DE CULTURA E TURISMO - SECULT,3,0,1271,SECRETARIA DE ESTADO DE CULTURA E TURISMO - SECULT,3,3,90,37,10,1,10656,13,392,102,4,343,4343,1,240261.00,240261.00,240261.00,0,GESTÃO DO FOMENTO E MUNICIPALIZAÇÃO DA CULTURA,FOMENTO À ECONOMIA DA CRIATIVIDADE
2025,1270,SECRETARIA DE ESTADO DE CULTURA E TURISMO - SECULT,3,0,1271,SECRETARIA DE ESTADO DE CULTURA E TURISMO - SECULT,3,3,90,39,10,1,10656,13,392,102,4,343,4343,1,310724.00,310724.00,310724.00,0,GESTÃO DO FOMENTO E MUNICIPALIZAÇÃO DA CULTURA,FOMENTO À ECONOMIA DA CRIATIVIDADE
2025,1270,SECRETARIA DE ESTADO DE CULTURA E TURISMO - SECULT,3,0,1271,SECRETARIA DE ESTADO DE CULTURA E TURISMO - SECULT,3,3,90,39,80,1,10656,13,392,102,4,343,4343,1,5110039.00,5110039.00,5110039.00,0,GESTÃO DO FOMENTO E MUNICIPALIZAÇÃO DA CULTURA,FOMENTO À ECONOMIA DA CRIATIVIDADE
2025,1270,SECRETARIA DE ESTADO DE CULTURA E TURISMO - SECULT,3,0,1271,SECRETARIA DE ESTADO DE CULTURA E TURISMO - SECULT,3,3,90,41,16,1,10656,13,392,102,4,343,4343,1,141847763.00,141847763.00,141847763.00,0,GESTÃO DO FOMENTO E MUNICIPALIZAÇÃO DA CULTURA,FOMENTO À ECONOMIA DA CRIATIVIDADE
2025,1270,SECRETARIA DE ESTADO DE CULTURA E TURISMO - SECULT,3,0,1271,SECRETARIA DE ESTADO DE CULTURA E TURISMO - SECULT,3,3,90,41,17,1,10656,13,392,102,4,343,4343,1,6710501.00,6710501.00,6710501.00,0,GESTÃO DO FOMENTO E MUNICIPALIZAÇÃO DA CULTURA,FOMENTO À ECONOMIA DA CRIATIVIDADE
2025,1270,SECRETARIA DE ESTADO DE CULTURA E TURISMO - SECULT,3,0,1271,SECRETARIA DE ESTADO DE CULTURA E TURISMO - SECULT,3,3,90,30,10,1,10631,13,392,103,4,322,4322,1,286808.00,286808.00,286808.00,0,"GESTÃO, MANUTENÇÃO E MODERNIZAÇÃO DE EQUIPAMENTOS CULTURAIS PARA ATENDIMENTO AO PÚBLICO","ESPAÇOS CULTURAIS, CORPOS ARTÍSTICOS E ÓRGÃOS COLEGIADOS"
2025,1270,SECRETARIA DE ESTADO DE CULTURA E TURISMO - SECULT,3,0,1271,SECRETARIA DE ESTADO DE CULTURA E TURISMO - SECULT,3,3,90,37,10,1,10631,13,392,103,4,322,4322,1,6534534.00,6534534.00,6534534.00,0,"GESTÃO, MANUTENÇÃO E MODERNIZAÇÃO DE EQUIPAMENTOS CULTURAIS PARA ATENDIMENTO AO PÚBLICO","ESPAÇOS CULTURAIS, CORPOS ARTÍSTICOS E ÓRGÃOS COLEGIADOS"
2025,1270,SECRETARIA DE ESTADO DE CULTURA E TURISMO - SECULT,3,0,1271,SECRETARIA DE ESTADO DE CULTURA E TURISMO - SECULT,3,3,90,39,10,1,10631,13,392,103,4,322,4322,1,1835488.00,1835488.00,1835488.00,0,"GESTÃO, MANUTENÇÃO E MODERNIZAÇÃO DE EQUIPAMENTOS CULTURAIS PARA ATENDIMENTO AO PÚBLICO","ESPAÇOS CULTURAIS, CORPOS ARTÍSTICOS E ÓRGÃOS COLEGIADOS"
2025,1270,SECRETARIA DE ESTADO DE CULTURA E TURISMO - SECULT,3,0,1271,SECRETARIA DE ESTADO DE CULTURA E TURISMO - SECULT,3,3,90,40,10,1,10631,13,392,103,4,322,4322,1,829840.00,829840.00,829840.00,0,"GESTÃO, MANUTENÇÃO E MODERNIZAÇÃO DE EQUIPAMENTOS CULTURAIS PARA ATENDIMENTO AO PÚBLICO","ESPAÇOS CULTURAIS, CORPOS ARTÍSTICOS E ÓRGÃOS COLEGIADOS"
2025,1270,SECRETARIA DE ESTADO DE CULTURA E TURISMO - SECULT,3,0,1271,SECRETARIA DE ESTADO DE CULTURA E TURISMO - SECULT,4,4,90,52,10,1,10631,13,392,103,4,322,4322,1,350000.00,350000.00,350000.00,0,"GESTÃO, MANUTENÇÃO E MODERNIZAÇÃO DE EQUIPAMENTOS CULTURAIS PARA ATENDIMENTO AO PÚBLICO","ESPAÇOS CULTURAIS, CORPOS ARTÍSTICOS E ÓRGÃOS COLEGIADOS"
2025,1270,SECRETARIA DE ESTADO DE CULTURA E TURISMO - SECULT,3,0,1271,SECRETARIA DE ESTADO DE CULTURA E TURISMO - SECULT,4,4,99,99,10,8,10631,13,392,103,4,322,4322,1,400000.00,400000.00,400000.00,0,"GESTÃO, MANUTENÇÃO E MODERNIZAÇÃO DE EQUIPAMENTOS CULTURAIS PARA ATENDIMENTO AO PÚBLICO","ESPAÇOS CULTURAIS, CORPOS ARTÍSTICOS E ÓRGÃOS COLEGIADOS"
2025,1270,SECRETARIA DE ESTADO DE CULTURA E TURISMO - SECULT,3,0,1271,SECRETARIA DE ESTADO DE CULTURA E TURISMO - SECULT,3,3,90,14,10,1,10636,13,392,103,4,326,4326,1,100000.00,100000.00,100000.00,0,GESTÃO DE ÓRGÃOS COLEGIADOS,"ESPAÇOS CULTURAIS, CORPOS ARTÍSTICOS E ÓRGÃOS COLEGIADOS"
2025,1270,SECRETARIA DE ESTADO DE CULTURA E TURISMO - SECULT,3,0,1271,SECRETARIA DE ESTADO DE CULTURA E TURISMO - SECULT,3,3,50,85,10,1,10639,13,392,103,4,329,4329,1,19500000.00,19500000.00,19500000.00,0,ORQUESTRA FILARMÔNICA DE MINAS GERAIS,"ESPAÇOS CULTURAIS, CORPOS ARTÍSTICOS E ÓRGÃOS COLEGIADOS"
2025,1270,SECRETARIA DE ESTADO DE CULTURA E TURISMO - SECULT,3,0,1271,SECRETARIA DE ESTADO DE CULTURA E TURISMO - SECULT,3,3,90,39,10,1,10646,13,392,105,4,336,4336,1,182780.00,182780.00,182780.00,0,ASSESSORIAS TÉCNICAS PARA GESTÃO DE BIBLIOTECAS E MUSEUS,FORMAÇÃO E CAPACITAÇÃO TÉCNICO-CULTURAL
2025,1270,SECRETARIA DE ESTADO DE CULTURA E TURISMO - SECULT,3,0,1271,SECRETARIA DE ESTADO DE CULTURA E TURISMO - SECULT,3,3,90,39,10,1,10647,13,392,105,4,337,4337,1,50000.00,50000.00,50000.00,0,CAPACITAÇÕES TÉCNICO-CULTURAIS,FORMAÇÃO E CAPACITAÇÃO TÉCNICO-CULTURAL
2025,1270,SECRETARIA DE ESTADO DE CULTURA E TURISMO - SECULT,3,0,1271,SECRETARIA DE ESTADO DE CULTURA E TURISMO - SECULT,3,3,90,39,10,1,10634,23,695,100,4,324,4324,1,18278.00,18278.00,18278.00,0,DIVULGAÇÃO TURÍSTICA DE MINAS GERAIS,MAIS TURISTAS
2025,1270,SECRETARIA DE ESTADO DE CULTURA E TURISMO - SECULT,3,0,1271,SECRETARIA DE ESTADO DE CULTURA E TURISMO - SECULT,3,3,90,39,69,1,10634,23,695,100,4,324,4324,1,21451000.00,21451000.00,21451000.00,0,DIVULGAÇÃO TURÍSTICA DE MINAS GERAIS,MAIS TURISTAS
2025,1270,SECRETARIA DE ESTADO DE CULTURA E TURISMO - SECULT,3,0,1271,SECRETARIA DE ESTADO DE CULTURA E TURISMO - SECULT,3,3,90,39,80,1,10634,23,695,100,4,324,4324,1,6092000.00,6092000.00,6092000.00,0,DIVULGAÇÃO TURÍSTICA DE MINAS GERAIS,MAIS TURISTAS
2025,1270,SECRETARIA DE ESTADO DE CULTURA E TURISMO - SECULT,3,0,1271,SECRETARIA DE ESTADO DE CULTURA E TURISMO - SECULT,3,3,90,40,10,1,10634,23,695,100,4,324,4324,1,70000.00,70000.00,70000.00,0,DIVULGAÇÃO TURÍSTICA DE MINAS GERAIS,MAIS TURISTAS
2025,1270,SECRETARIA DE ESTADO DE CULTURA E TURISMO - SECULT,3,0,1271,SECRETARIA DE ESTADO DE CULTURA E TURISMO - SECULT,3,3,90,39,10,1,10637,23,695,100,4,327,4327,1,150000.00,150000.00,150000.00,0,"MINAS FORMA, MINAS TRANSFORMA",MAIS TURISTAS
2025,1270,SECRETARIA DE ESTADO DE CULTURA E TURISMO - SECULT,3,0,1271,SECRETARIA DE ESTADO DE CULTURA E TURISMO - SECULT,3,3,90,39,10,1,10638,23,695,100,4,328,4328,1,36556.00,36556.00,36556.00,1,ESTRUTURAÇÃO DE PRODUTOS TURÍSTICOS,MAIS TURISTAS
2025,1270,SECRETARIA DE ESTADO DE CULTURA E TURISMO - SECULT,3,0,1271,SECRETARIA DE ESTADO DE CULTURA E TURISMO - SECULT,3,3,90,14,10,1,10640,23,695,100,4,330,4330,1,80000.00,80000.00,80000.00,0,PLANEJAMENTO E MONITORAMENTO DO SETOR TURÍSTICO DO ESTADO DE MINAS GERAIS,MAIS TURISTAS
2025,1270,SECRETARIA DE ESTADO DE CULTURA E TURISMO - SECULT,3,0,1271,SECRETARIA DE ESTADO DE CULTURA E TURISMO - SECULT,3,3,90,37,10,1,10852,23,695,100,4,479,4479,1,99551.00,99551.00,99551.00,0,DESENVOLVIMENTO DA POLÍTICA DE REGIONALIZAÇÃO DO TURISMO,MAIS TURISTAS
2025,1270,SECRETARIA DE ESTADO DE CULTURA E TURISMO - SECULT,3,0,1271,SECRETARIA DE ESTADO DE CULTURA E TURISMO - SECULT,3,3,90,39,10,1,10852,23,695,100,4,479,4479,1,18278.00,18278.00,18278.00,0,DESENVOLVIMENTO DA POLÍTICA DE REGIONALIZAÇÃO DO TURISMO,MAIS TURISTAS
2025,1270,SECRETARIA DE ESTADO DE CULTURA E TURISMO - SECULT,3,0,1271,SECRETARIA DE ESTADO DE CULTURA E TURISMO - SECULT,4,4,99,99,10,8,10852,23,695,100,4,479,4479,1,1000000.00,1000000.00,1000000.00,0,DESENVOLVIMENTO DA POLÍTICA DE REGIONALIZAÇÃO DO TURISMO,MAIS TURISTAS
2025,1270,SECRETARIA DE ESTADO DE CULTURA E TURISMO - SECULT,3,0,2171,FUNDAÇÃO DE ARTE DE OURO PRETO - FAOP,3,1,90,11,10,1,11095,13,122,705,2,417,2417,1,1972655.00,1972655.00,1972655.00,0,REMUNERAÇÃO DE PESSOAL ATIVO E ENCARGOS SOCIAIS,APOIO ÀS POLÍTICAS PÚBLICAS
2025,1270,SECRETARIA DE ESTADO DE CULTURA E TURISMO - SECULT,3,0,2171,FUNDAÇÃO DE ARTE DE OURO PRETO - FAOP,3,1,91,13,10,1,11095,13,122,705,2,417,2417,1,416000.00,416000.00,416000.00,0,REMUNERAÇÃO DE PESSOAL ATIVO E ENCARGOS SOCIAIS,APOIO ÀS POLÍTICAS PÚBLICAS
2025,1270,SECRETARIA DE ESTADO DE CULTURA E TURISMO - SECULT,3,0,2171,FUNDAÇÃO DE ARTE DE OURO PRETO - FAOP,3,3,90,36,10,1,11095,13,122,705,2,417,2417,1,51600.00,51600.00,51600.00,0,REMUNERAÇÃO DE PESSOAL ATIVO E ENCARGOS SOCIAIS,APOIO ÀS POLÍTICAS PÚBLICAS
2025,1270,SECRETARIA DE ESTADO DE CULTURA E TURISMO - SECULT,3,0,2171,FUNDAÇÃO DE ARTE DE OURO PRETO - FAOP,3,3,90,46,10,7,11095,13,122,705,2,417,2417,1,634738.00,634738.00,634738.00,0,REMUNERAÇÃO DE PESSOAL ATIVO E ENCARGOS SOCIAIS,APOIO ÀS POLÍTICAS PÚBLICAS
2025,1270,SECRETARIA DE ESTADO DE CULTURA E TURISMO - SECULT,3,0,2171,FUNDAÇÃO DE ARTE DE OURO PRETO - FAOP,3,3,90,30,10,1,9148,13,122,705,2,500,2500,1,36000.00,36000.00,36000.00,0,ASSESSORAMENTO E GERENCIAMENTO DE POLÍTICAS PÚBLICAS,APOIO ÀS POLÍTICAS PÚBLICAS
2025,1270,SECRETARIA DE ESTADO DE CULTURA E TURISMO - SECULT,3,0,2171,FUNDAÇÃO DE ARTE DE OURO PRETO - FAOP,3,3,90,30,60,1,9148,13,122,705,2,500,2500,1,83000.00,83000.00,83000.00,0,ASSESSORAMENTO E GERENCIAMENTO DE POLÍTICAS PÚBLICAS,APOIO ÀS POLÍTICAS PÚBLICAS
2025,1270,SECRETARIA DE ESTADO DE CULTURA E TURISMO - SECULT,3,0,2171,FUNDAÇÃO DE ARTE DE OURO PRETO - FAOP,3,3,90,33,60,1,9148,13,122,705,2,500,2500,1,30000.00,30000.00,30000.00,0,ASSESSORAMENTO E GERENCIAMENTO DE POLÍTICAS PÚBLICAS,APOIO ÀS POLÍTICAS PÚBLICAS
2025,1270,SECRETARIA DE ESTADO DE CULTURA E TURISMO - SECULT,3,0,2171,FUNDAÇÃO DE ARTE DE OURO PRETO - FAOP,3,3,90,36,10,1,9148,13,122,705,2,500,2500,1,3600.00,3600.00,3600.00,0,ASSESSORAMENTO E GERENCIAMENTO DE POLÍTICAS PÚBLICAS,APOIO ÀS POLÍTICAS PÚBLICAS
2025,1270,SECRETARIA DE ESTADO DE CULTURA E TURISMO - SECULT,3,0,2171,FUNDAÇÃO DE ARTE DE OURO PRETO - FAOP,3,3,90,37,10,1,9148,13,122,705,2,500,2500,1,781820.00,781820.00,781820.00,0,ASSESSORAMENTO E GERENCIAMENTO DE POLÍTICAS PÚBLICAS,APOIO ÀS POLÍTICAS PÚBLICAS
2025,1270,SECRETARIA DE ESTADO DE CULTURA E TURISMO - SECULT,3,0,2171,FUNDAÇÃO DE ARTE DE OURO PRETO - FAOP,3,3,90,37,60,1,9148,13,122,705,2,500,2500,1,81000.00,81000.00,81000.00,0,ASSESSORAMENTO E GERENCIAMENTO DE POLÍTICAS PÚBLICAS,APOIO ÀS POLÍTICAS PÚBLICAS
2025,1270,SECRETARIA DE ESTADO DE CULTURA E TURISMO - SECULT,3,0,2171,FUNDAÇÃO DE ARTE DE OURO PRETO - FAOP,3,3,90,39,10,1,9148,13,122,705,2,500,2500,1,88300.00,88300.00,88300.00,0,ASSESSORAMENTO E GERENCIAMENTO DE POLÍTICAS PÚBLICAS,APOIO ÀS POLÍTICAS PÚBLICAS
2025,1270,SECRETARIA DE ESTADO DE CULTURA E TURISMO - SECULT,3,0,2171,FUNDAÇÃO DE ARTE DE OURO PRETO - FAOP,3,3,90,39,60,1,9148,13,122,705,2,500,2500,1,220777.00,220777.00,220777.00,0,ASSESSORAMENTO E GERENCIAMENTO DE POLÍTICAS PÚBLICAS,APOIO ÀS POLÍTICAS PÚBLICAS
2025,1270,SECRETARIA DE ESTADO DE CULTURA E TURISMO - SECULT,3,0,2171,FUNDAÇÃO DE ARTE DE OURO PRETO - FAOP,3,3,90,40,10,1,9148,13,122,705,2,500,2500,1,105000.00,105000.00,105000.00,0,ASSESSORAMENTO E GERENCIAMENTO DE POLÍTICAS PÚBLICAS,APOIO ÀS POLÍTICAS PÚBLICAS
2025,1270,SECRETARIA DE ESTADO DE CULTURA E TURISMO - SECULT,3,0,2171,FUNDAÇÃO DE ARTE DE OURO PRETO - FAOP,3,3,90,40,60,1,9148,13,122,705,2,500,2500,1,5000.00,5000.00,5000.00,0,ASSESSORAMENTO E GERENCIAMENTO DE POLÍTICAS PÚBLICAS,APOIO ÀS POLÍTICAS PÚBLICAS
2025,1270,SECRETARIA DE ESTADO DE CULTURA E TURISMO - SECULT,3,0,2171,FUNDAÇÃO DE ARTE DE OURO PRETO - FAOP,3,3,90,47,10,1,9148,13,122,705,2,500,2500,1,19500.00,19500.00,19500.00,0,ASSESSORAMENTO E GERENCIAMENTO DE POLÍTICAS PÚBLICAS,APOIO ÀS POLÍTICAS PÚBLICAS
2025,1270,SECRETARIA DE ESTADO DE CULTURA E TURISMO - SECULT,3,0,2171,FUNDAÇÃO DE ARTE DE OURO PRETO - FAOP,3,3,90,30,60,1,10827,13,391,106,1,66,1066,1,115260.00,115260.00,115260.00,0,ACERVO OU BEM CULTURAL RESTAURADO ENTREGUE,PROTEÇÃO E SALVAGUARDA DE ACERVOS E BENS CULTURAIS
2025,1270,SECRETARIA DE ESTADO DE CULTURA E TURISMO - SECULT,3,0,2171,FUNDAÇÃO DE ARTE DE OURO PRETO - FAOP,3,3,90,39,60,1,10827,13,391,106,1,66,1066,1,41344.00,41344.00,41344.00,0,ACERVO OU BEM CULTURAL RESTAURADO ENTREGUE,PROTEÇÃO E SALVAGUARDA DE ACERVOS E BENS CULTURAIS
2025,1270,SECRETARIA DE ESTADO DE CULTURA E TURISMO - SECULT,3,0,2171,FUNDAÇÃO DE ARTE DE OURO PRETO - FAOP,4,4,90,52,10,1,10827,13,391,106,1,66,1066,1,31680.00,31680.00,31680.00,0,ACERVO OU BEM CULTURAL RESTAURADO ENTREGUE,PROTEÇÃO E SALVAGUARDA DE ACERVOS E BENS CULTURAIS
2025,1270,SECRETARIA DE ESTADO DE CULTURA E TURISMO - SECULT,3,0,2171,FUNDAÇÃO DE ARTE DE OURO PRETO - FAOP,3,3,90,31,10,1,11048,13,392,102,1,1,1001,1,1000.00,1000.00,1000.00,1,GESTÃO DO SISTEMA DE FINANCIAMENTO A CULTURA,FOMENTO À ECONOMIA DA CRIATIVIDADE
2025,1270,SECRETARIA DE ESTADO DE CULTURA E TURISMO - SECULT,3,0,2171,FUNDAÇÃO DE ARTE DE OURO PRETO - FAOP,3,3,90,30,24,1,10796,13,392,102,1,58,1058,1,287905.00,287905.00,287905.00,0,FORMAÇÃO CULTURAL,FOMENTO À ECONOMIA DA CRIATIVIDADE
2025,1270,SECRETARIA DE ESTADO DE CULTURA E TURISMO - SECULT,3,0,2171,FUNDAÇÃO DE ARTE DE OURO PRETO - FAOP,3,3,90,30,60,1,10796,13,392,102,1,58,1058,1,4500.00,4500.00,4500.00,0,FORMAÇÃO CULTURAL,FOMENTO À ECONOMIA DA CRIATIVIDADE
2025,1270,SECRETARIA DE ESTADO DE CULTURA E TURISMO - SECULT,3,0,2171,FUNDAÇÃO DE ARTE DE OURO PRETO - FAOP,3,3,90,31,10,1,10796,13,392,102,1,58,1058,1,8000.00,8000.00,8000.00,0,FORMAÇÃO CULTURAL,FOMENTO À ECONOMIA DA CRIATIVIDADE
2025,1270,SECRETARIA DE ESTADO DE CULTURA E TURISMO - SECULT,3,0,2171,FUNDAÇÃO DE ARTE DE OURO PRETO - FAOP,3,3,90,36,10,1,10796,13,392,102,1,58,1058,1,90000.00,90000.00,90000.00,0,FORMAÇÃO CULTURAL,FOMENTO À ECONOMIA DA CRIATIVIDADE
2025,1270,SECRETARIA DE ESTADO DE CULTURA E TURISMO - SECULT,3,0,2171,FUNDAÇÃO DE ARTE DE OURO PRETO - FAOP,3,3,90,39,10,1,10796,13,392,102,1,58,1058,1,3000.00,3000.00,3000.00,0,FORMAÇÃO CULTURAL,FOMENTO À ECONOMIA DA CRIATIVIDADE
2025,1270,SECRETARIA DE ESTADO DE CULTURA E TURISMO - SECULT,3,0,2171,FUNDAÇÃO DE ARTE DE OURO PRETO - FAOP,3,3,90,39,60,1,10796,13,392,102,1,58,1058,1,41329.00,41329.00,41329.00,0,FORMAÇÃO CULTURAL,FOMENTO À ECONOMIA DA CRIATIVIDADE
2025,1270,SECRETARIA DE ESTADO DE CULTURA E TURISMO - SECULT,3,0,2171,FUNDAÇÃO DE ARTE DE OURO PRETO - FAOP,3,3,90,49,10,1,10796,13,392,102,1,58,1058,1,30000.00,30000.00,30000.00,0,FORMAÇÃO CULTURAL,FOMENTO À ECONOMIA DA CRIATIVIDADE
2025,1270,SECRETARIA DE ESTADO DE CULTURA E TURISMO - SECULT,3,0,2171,FUNDAÇÃO DE ARTE DE OURO PRETO - FAOP,4,4,90,52,24,1,10796,13,392,102,1,58,1058,1,3100000.00,3100000.00,3100000.00,0,FORMAÇÃO CULTURAL,FOMENTO À ECONOMIA DA CRIATIVIDADE
2025,1270,SECRETARIA DE ESTADO DE CULTURA E TURISMO - SECULT,3,0,2171,FUNDAÇÃO DE ARTE DE OURO PRETO - FAOP,4,4,90,52,68,1,10796,13,392,102,1,58,1058,1,1552000.00,1552000.00,1552000.00,0,FORMAÇÃO CULTURAL,FOMENTO À ECONOMIA DA CRIATIVIDADE
2025,1270,SECRETARIA DE ESTADO DE CULTURA E TURISMO - SECULT,3,0,2171,FUNDAÇÃO DE ARTE DE OURO PRETO - FAOP,3,3,90,30,60,1,10799,13,392,103,1,61,1061,1,2000.00,2000.00,2000.00,0,PARCERIAS PARA O PATRIMÔNIO CULTURAL,"ESPAÇOS CULTURAIS, CORPOS ARTÍSTICOS E ÓRGÃOS COLEGIADOS"
2025,1270,SECRETARIA DE ESTADO DE CULTURA E TURISMO - SECULT,3,0,2171,FUNDAÇÃO DE ARTE DE OURO PRETO - FAOP,3,3,90,14,60,1,10800,13,392,105,1,62,1062,1,60000.00,60000.00,60000.00,0,"QUALIFICAÇÃO PROFFISSIONAL E CURSOS COMPLEMENTARES, LIVRES, DE FORMAÇÃO INICIAL E CONTINUADA",FORMAÇÃO E CAPACITAÇÃO TÉCNICO-CULTURAL
2025,1270,SECRETARIA DE ESTADO DE CULTURA E TURISMO - SECULT,3,0,2171,FUNDAÇÃO DE ARTE DE OURO PRETO - FAOP,3,3,90,30,60,1,10800,13,392,105,1,62,1062,1,85790.00,85790.00,85790.00,0,"QUALIFICAÇÃO PROFFISSIONAL E CURSOS COMPLEMENTARES, LIVRES, DE FORMAÇÃO INICIAL E CONTINUADA",FORMAÇÃO E CAPACITAÇÃO TÉCNICO-CULTURAL
2025,1270,SECRETARIA DE ESTADO DE CULTURA E TURISMO - SECULT,3,0,2171,FUNDAÇÃO DE ARTE DE OURO PRETO - FAOP,3,3,90,33,60,1,10800,13,392,105,1,62,1062,1,30000.00,30000.00,30000.00,0,"QUALIFICAÇÃO PROFFISSIONAL E CURSOS COMPLEMENTARES, LIVRES, DE FORMAÇÃO INICIAL E CONTINUADA",FORMAÇÃO E CAPACITAÇÃO TÉCNICO-CULTURAL
2025,1270,SECRETARIA DE ESTADO DE CULTURA E TURISMO - SECULT,3,0,2171,FUNDAÇÃO DE ARTE DE OURO PRETO - FAOP,3,1,90,91,10,9,666,28,846,705,7,4,7004,1,1000.00,1000.00,1000.00,0,PRECATÓRIOS E SENTENÇAS JUDICIÁRIAS,APOIO ÀS POLÍTICAS PÚBLICAS
2025,1270,SECRETARIA DE ESTADO DE CULTURA E TURISMO - SECULT,3,0,2181,FUNDAÇÃO CLÓVIS SALGADO - FCS,3,1,90,11,10,1,10769,12,363,105,4,425,4425,1,3020949.00,3020949.00,3020949.00,0,ATIVIDADES DE ENSINO E DE EXTENSÃO DO CENTRO DE FORMAÇÃO ARTÍSTICA E TECNOLÓGICA - CEFART,FORMAÇÃO E CAPACITAÇÃO TÉCNICO-CULTURAL
2025,1270,SECRETARIA DE ESTADO DE CULTURA E TURISMO - SECULT,3,0,2181,FUNDAÇÃO CLÓVIS SALGADO - FCS,3,1,91,13,10,1,10769,12,363,105,4,425,4425,1,888205.00,888205.00,888205.00,0,ATIVIDADES DE ENSINO E DE EXTENSÃO DO CENTRO DE FORMAÇÃO ARTÍSTICA E TECNOLÓGICA - CEFART,FORMAÇÃO E CAPACITAÇÃO TÉCNICO-CULTURAL
2025,1270,SECRETARIA DE ESTADO DE CULTURA E TURISMO - SECULT,3,0,2181,FUNDAÇÃO CLÓVIS SALGADO - FCS,3,3,90,14,60,1,10769,12,363,105,4,425,4425,1,3760.00,3760.00,3760.00,0,ATIVIDADES DE ENSINO E DE EXTENSÃO DO CENTRO DE FORMAÇÃO ARTÍSTICA E TECNOLÓGICA - CEFART,FORMAÇÃO E CAPACITAÇÃO TÉCNICO-CULTURAL
2025,1270,SECRETARIA DE ESTADO DE CULTURA E TURISMO - SECULT,3,0,2181,FUNDAÇÃO CLÓVIS SALGADO - FCS,3,3,90,30,60,1,10769,12,363,105,4,425,4425,1,34600.00,34600.00,34600.00,0,ATIVIDADES DE ENSINO E DE EXTENSÃO DO CENTRO DE FORMAÇÃO ARTÍSTICA E TECNOLÓGICA - CEFART,FORMAÇÃO E CAPACITAÇÃO TÉCNICO-CULTURAL
2025,1270,SECRETARIA DE ESTADO DE CULTURA E TURISMO - SECULT,3,0,2181,FUNDAÇÃO CLÓVIS SALGADO - FCS,3,3,90,33,10,1,10769,12,363,105,4,425,4425,1,15000.00,15000.00,15000.00,0,ATIVIDADES DE ENSINO E DE EXTENSÃO DO CENTRO DE FORMAÇÃO ARTÍSTICA E TECNOLÓGICA - CEFART,FORMAÇÃO E CAPACITAÇÃO TÉCNICO-CULTURAL
2025,1270,SECRETARIA DE ESTADO DE CULTURA E TURISMO - SECULT,3,0,2181,FUNDAÇÃO CLÓVIS SALGADO - FCS,3,3,90,33,60,1,10769,12,363,105,4,425,4425,1,1250.00,1250.00,1250.00,0,ATIVIDADES DE ENSINO E DE EXTENSÃO DO CENTRO DE FORMAÇÃO ARTÍSTICA E TECNOLÓGICA - CEFART,FORMAÇÃO E CAPACITAÇÃO TÉCNICO-CULTURAL
2025,1270,SECRETARIA DE ESTADO DE CULTURA E TURISMO - SECULT,3,0,2181,FUNDAÇÃO CLÓVIS SALGADO - FCS,3,3,90,37,10,1,10769,12,363,105,4,425,4425,1,756000.00,756000.00,756000.00,0,ATIVIDADES DE ENSINO E DE EXTENSÃO DO CENTRO DE FORMAÇÃO ARTÍSTICA E TECNOLÓGICA - CEFART,FORMAÇÃO E CAPACITAÇÃO TÉCNICO-CULTURAL
2025,1270,SECRETARIA DE ESTADO DE CULTURA E TURISMO - SECULT,3,0,2181,FUNDAÇÃO CLÓVIS SALGADO - FCS,3,3,90,39,10,1,10769,12,363,105,4,425,4425,1,212279.00,212279.00,212279.00,0,ATIVIDADES DE ENSINO E DE EXTENSÃO DO CENTRO DE FORMAÇÃO ARTÍSTICA E TECNOLÓGICA - CEFART,FORMAÇÃO E CAPACITAÇÃO TÉCNICO-CULTURAL
2025,1270,SECRETARIA DE ESTADO DE CULTURA E TURISMO - SECULT,3,0,2181,FUNDAÇÃO CLÓVIS SALGADO - FCS,3,3,90,39,60,1,10769,12,363,105,4,425,4425,1,33605.00,33605.00,33605.00,0,ATIVIDADES DE ENSINO E DE EXTENSÃO DO CENTRO DE FORMAÇÃO ARTÍSTICA E TECNOLÓGICA - CEFART,FORMAÇÃO E CAPACITAÇÃO TÉCNICO-CULTURAL
2025,1270,SECRETARIA DE ESTADO DE CULTURA E TURISMO - SECULT,3,0,2181,FUNDAÇÃO CLÓVIS SALGADO - FCS,3,3,90,40,10,1,10769,12,363,105,4,425,4425,1,59604.00,59604.00,59604.00,0,ATIVIDADES DE ENSINO E DE EXTENSÃO DO CENTRO DE FORMAÇÃO ARTÍSTICA E TECNOLÓGICA - CEFART,FORMAÇÃO E CAPACITAÇÃO TÉCNICO-CULTURAL
2025,1270,SECRETARIA DE ESTADO DE CULTURA E TURISMO - SECULT,3,0,2181,FUNDAÇÃO CLÓVIS SALGADO - FCS,3,3,90,46,10,7,10769,12,363,105,4,425,4425,1,801844.00,801844.00,801844.00,0,ATIVIDADES DE ENSINO E DE EXTENSÃO DO CENTRO DE FORMAÇÃO ARTÍSTICA E TECNOLÓGICA - CEFART,FORMAÇÃO E CAPACITAÇÃO TÉCNICO-CULTURAL
2025,1270,SECRETARIA DE ESTADO DE CULTURA E TURISMO - SECULT,3,0,2181,FUNDAÇÃO CLÓVIS SALGADO - FCS,3,3,90,47,10,1,10769,12,363,105,4,425,4425,1,16250.00,16250.00,16250.00,0,ATIVIDADES DE ENSINO E DE EXTENSÃO DO CENTRO DE FORMAÇÃO ARTÍSTICA E TECNOLÓGICA - CEFART,FORMAÇÃO E CAPACITAÇÃO TÉCNICO-CULTURAL
2025,1270,SECRETARIA DE ESTADO DE CULTURA E TURISMO - SECULT,3,0,2181,FUNDAÇÃO CLÓVIS SALGADO - FCS,3,3,90,49,10,7,10769,12,363,105,4,425,4425,1,79303.00,79303.00,79303.00,0,ATIVIDADES DE ENSINO E DE EXTENSÃO DO CENTRO DE FORMAÇÃO ARTÍSTICA E TECNOLÓGICA - CEFART,FORMAÇÃO E CAPACITAÇÃO TÉCNICO-CULTURAL
2025,1270,SECRETARIA DE ESTADO DE CULTURA E TURISMO - SECULT,3,0,2181,FUNDAÇÃO CLÓVIS SALGADO - FCS,3,1,90,11,10,1,11107,13,122,705,2,417,2417,1,13848423.00,13848423.00,13848423.00,0,REMUNERAÇÃO DE PESSOAL ATIVO E ENCARGOS SOCIAIS,APOIO ÀS POLÍTICAS PÚBLICAS
2025,1270,SECRETARIA DE ESTADO DE CULTURA E TURISMO - SECULT,3,0,2181,FUNDAÇÃO CLÓVIS SALGADO - FCS,3,1,91,13,10,1,11107,13,122,705,2,417,2417,1,4071650.00,4071650.00,4071650.00,0,REMUNERAÇÃO DE PESSOAL ATIVO E ENCARGOS SOCIAIS,APOIO ÀS POLÍTICAS PÚBLICAS
2025,1270,SECRETARIA DE ESTADO DE CULTURA E TURISMO - SECULT,3,0,2181,FUNDAÇÃO CLÓVIS SALGADO - FCS,3,3,90,46,10,7,11107,13,122,705,2,417,2417,1,3675759.00,3675759.00,3675759.00,0,REMUNERAÇÃO DE PESSOAL ATIVO E ENCARGOS SOCIAIS,APOIO ÀS POLÍTICAS PÚBLICAS
2025,1270,SECRETARIA DE ESTADO DE CULTURA E TURISMO - SECULT,3,0,2181,FUNDAÇÃO CLÓVIS SALGADO - FCS,3,3,90,49,10,7,11107,13,122,705,2,417,2417,1,363537.00,363537.00,363537.00,0,REMUNERAÇÃO DE PESSOAL ATIVO E ENCARGOS SOCIAIS,APOIO ÀS POLÍTICAS PÚBLICAS
2025,1270,SECRETARIA DE ESTADO DE CULTURA E TURISMO - SECULT,3,0,2181,FUNDAÇÃO CLÓVIS SALGADO - FCS,3,3,90,14,60,1,9174,13,122,705,2,500,2500,1,75000.00,75000.00,75000.00,0,ASSESSORAMENTO E GERENCIAMENTO DE POLÍTICAS PÚBLICAS,APOIO ÀS POLÍTICAS PÚBLICAS
2025,1270,SECRETARIA DE ESTADO DE CULTURA E TURISMO - SECULT,3,0,2181,FUNDAÇÃO CLÓVIS SALGADO - FCS,3,3,90,30,10,1,9174,13,122,705,2,500,2500,1,125000.00,125000.00,125000.00,0,ASSESSORAMENTO E GERENCIAMENTO DE POLÍTICAS PÚBLICAS,APOIO ÀS POLÍTICAS PÚBLICAS
2025,1270,SECRETARIA DE ESTADO DE CULTURA E TURISMO - SECULT,3,0,2181,FUNDAÇÃO CLÓVIS SALGADO - FCS,3,3,90,30,60,1,9174,13,122,705,2,500,2500,1,968308.00,968308.00,968308.00,0,ASSESSORAMENTO E GERENCIAMENTO DE POLÍTICAS PÚBLICAS,APOIO ÀS POLÍTICAS PÚBLICAS
2025,1270,SECRETARIA DE ESTADO DE CULTURA E TURISMO - SECULT,3,0,2181,FUNDAÇÃO CLÓVIS SALGADO - FCS,3,3,90,33,10,1,9174,13,122,705,2,500,2500,1,100000.00,100000.00,100000.00,0,ASSESSORAMENTO E GERENCIAMENTO DE POLÍTICAS PÚBLICAS,APOIO ÀS POLÍTICAS PÚBLICAS
2025,1270,SECRETARIA DE ESTADO DE CULTURA E TURISMO - SECULT,3,0,2181,FUNDAÇÃO CLÓVIS SALGADO - FCS,3,3,90,33,60,1,9174,13,122,705,2,500,2500,1,6250.00,6250.00,6250.00,0,ASSESSORAMENTO E GERENCIAMENTO DE POLÍTICAS PÚBLICAS,APOIO ÀS POLÍTICAS PÚBLICAS
2025,1270,SECRETARIA DE ESTADO DE CULTURA E TURISMO - SECULT,3,0,2181,FUNDAÇÃO CLÓVIS SALGADO - FCS,3,3,90,36,60,1,9174,13,122,705,2,500,2500,1,12000.00,12000.00,12000.00,0,ASSESSORAMENTO E GERENCIAMENTO DE POLÍTICAS PÚBLICAS,APOIO ÀS POLÍTICAS PÚBLICAS
2025,1270,SECRETARIA DE ESTADO DE CULTURA E TURISMO - SECULT,3,0,2181,FUNDAÇÃO CLÓVIS SALGADO - FCS,3,3,90,37,10,1,9174,13,122,705,2,500,2500,1,6084000.00,6084000.00,6084000.00,0,ASSESSORAMENTO E GERENCIAMENTO DE POLÍTICAS PÚBLICAS,APOIO ÀS POLÍTICAS PÚBLICAS
2025,1270,SECRETARIA DE ESTADO DE CULTURA E TURISMO - SECULT,3,0,2181,FUNDAÇÃO CLÓVIS SALGADO - FCS,3,3,90,39,10,1,9174,13,122,705,2,500,2500,1,2247056.00,2247056.00,2247056.00,0,ASSESSORAMENTO E GERENCIAMENTO DE POLÍTICAS PÚBLICAS,APOIO ÀS POLÍTICAS PÚBLICAS
2025,1270,SECRETARIA DE ESTADO DE CULTURA E TURISMO - SECULT,3,0,2181,FUNDAÇÃO CLÓVIS SALGADO - FCS,3,3,90,39,47,1,9174,13,122,705,2,500,2500,1,2000.00,2000.00,2000.00,0,ASSESSORAMENTO E GERENCIAMENTO DE POLÍTICAS PÚBLICAS,APOIO ÀS POLÍTICAS PÚBLICAS
2025,1270,SECRETARIA DE ESTADO DE CULTURA E TURISMO - SECULT,3,0,2181,FUNDAÇÃO CLÓVIS SALGADO - FCS,3,3,90,39,60,1,9174,13,122,705,2,500,2500,1,966345.00,966345.00,966345.00,0,ASSESSORAMENTO E GERENCIAMENTO DE POLÍTICAS PÚBLICAS,APOIO ÀS POLÍTICAS PÚBLICAS
2025,1270,SECRETARIA DE ESTADO DE CULTURA E TURISMO - SECULT,3,0,2181,FUNDAÇÃO CLÓVIS SALGADO - FCS,3,3,90,40,10,1,9174,13,122,705,2,500,2500,1,155908.00,155908.00,155908.00,0,ASSESSORAMENTO E GERENCIAMENTO DE POLÍTICAS PÚBLICAS,APOIO ÀS POLÍTICAS PÚBLICAS
2025,1270,SECRETARIA DE ESTADO DE CULTURA E TURISMO - SECULT,3,0,2181,FUNDAÇÃO CLÓVIS SALGADO - FCS,3,3,90,47,10,1,9174,13,122,705,2,500,2500,1,367420.00,367420.00,367420.00,0,ASSESSORAMENTO E GERENCIAMENTO DE POLÍTICAS PÚBLICAS,APOIO ÀS POLÍTICAS PÚBLICAS
2025,1270,SECRETARIA DE ESTADO DE CULTURA E TURISMO - SECULT,3,0,2181,FUNDAÇÃO CLÓVIS SALGADO - FCS,3,3,90,39,60,1,11152,13,392,5,4,369,4369,1,1000.00,1000.00,1000.00,0,PALÁCIO PARA TODOS,"PROGRAMA MINEIRO DE ACESSIBILIDADE, INCLUSÃO E SAÚDE (PROMAIS)"
2025,1270,SECRETARIA DE ESTADO DE CULTURA E TURISMO - SECULT,3,0,2181,FUNDAÇÃO CLÓVIS SALGADO - FCS,3,3,40,41,10,1,11106,13,392,102,4,172,4172,1,1000.00,1000.00,1000.00,1,GESTÃO DO FOMENTO E DO SISTEMA DE FINANCIAMENTO À CULTURA,FOMENTO À ECONOMIA DA CRIATIVIDADE
2025,1270,SECRETARIA DE ESTADO DE CULTURA E TURISMO - SECULT,3,0,2181,FUNDAÇÃO CLÓVIS SALGADO - FCS,3,3,90,14,60,1,10761,13,392,103,4,417,4417,1,3760.00,3760.00,3760.00,0,FOMENTO DOS ESPAÇOS CULTURAIS,"ESPAÇOS CULTURAIS, CORPOS ARTÍSTICOS E ÓRGÃOS COLEGIADOS"
2025,1270,SECRETARIA DE ESTADO DE CULTURA E TURISMO - SECULT,3,0,2181,FUNDAÇÃO CLÓVIS SALGADO - FCS,3,3,90,30,60,1,10761,13,392,103,4,417,4417,1,402000.00,402000.00,402000.00,0,FOMENTO DOS ESPAÇOS CULTURAIS,"ESPAÇOS CULTURAIS, CORPOS ARTÍSTICOS E ÓRGÃOS COLEGIADOS"
2025,1270,SECRETARIA DE ESTADO DE CULTURA E TURISMO - SECULT,3,0,2181,FUNDAÇÃO CLÓVIS SALGADO - FCS,3,3,90,33,10,1,10761,13,392,103,4,417,4417,1,15000.00,15000.00,15000.00,0,FOMENTO DOS ESPAÇOS CULTURAIS,"ESPAÇOS CULTURAIS, CORPOS ARTÍSTICOS E ÓRGÃOS COLEGIADOS"
2025,1270,SECRETARIA DE ESTADO DE CULTURA E TURISMO - SECULT,3,0,2181,FUNDAÇÃO CLÓVIS SALGADO - FCS,3,3,90,33,60,1,10761,13,392,103,4,417,4417,1,1250.00,1250.00,1250.00,0,FOMENTO DOS ESPAÇOS CULTURAIS,"ESPAÇOS CULTURAIS, CORPOS ARTÍSTICOS E ÓRGÃOS COLEGIADOS"
2025,1270,SECRETARIA DE ESTADO DE CULTURA E TURISMO - SECULT,3,0,2181,FUNDAÇÃO CLÓVIS SALGADO - FCS,3,3,90,37,10,1,10761,13,392,103,4,417,4417,1,1890000.00,1890000.00,1890000.00,0,FOMENTO DOS ESPAÇOS CULTURAIS,"ESPAÇOS CULTURAIS, CORPOS ARTÍSTICOS E ÓRGÃOS COLEGIADOS"
2025,1270,SECRETARIA DE ESTADO DE CULTURA E TURISMO - SECULT,3,0,2181,FUNDAÇÃO CLÓVIS SALGADO - FCS,3,3,90,39,10,1,10761,13,392,103,4,417,4417,1,921880.00,921880.00,921880.00,0,FOMENTO DOS ESPAÇOS CULTURAIS,"ESPAÇOS CULTURAIS, CORPOS ARTÍSTICOS E ÓRGÃOS COLEGIADOS"
2025,1270,SECRETARIA DE ESTADO DE CULTURA E TURISMO - SECULT,3,0,2181,FUNDAÇÃO CLÓVIS SALGADO - FCS,3,3,90,39,60,1,10761,13,392,103,4,417,4417,1,364208.00,364208.00,364208.00,0,FOMENTO DOS ESPAÇOS CULTURAIS,"ESPAÇOS CULTURAIS, CORPOS ARTÍSTICOS E ÓRGÃOS COLEGIADOS"
2025,1270,SECRETARIA DE ESTADO DE CULTURA E TURISMO - SECULT,3,0,2181,FUNDAÇÃO CLÓVIS SALGADO - FCS,3,3,90,40,10,1,10761,13,392,103,4,417,4417,1,65000.00,65000.00,65000.00,0,FOMENTO DOS ESPAÇOS CULTURAIS,"ESPAÇOS CULTURAIS, CORPOS ARTÍSTICOS E ÓRGÃOS COLEGIADOS"
2025,1270,SECRETARIA DE ESTADO DE CULTURA E TURISMO - SECULT,3,0,2181,FUNDAÇÃO CLÓVIS SALGADO - FCS,3,3,90,47,10,1,10761,13,392,103,4,417,4417,1,16250.00,16250.00,16250.00,0,FOMENTO DOS ESPAÇOS CULTURAIS,"ESPAÇOS CULTURAIS, CORPOS ARTÍSTICOS E ÓRGÃOS COLEGIADOS"
2025,1270,SECRETARIA DE ESTADO DE CULTURA E TURISMO - SECULT,3,0,2181,FUNDAÇÃO CLÓVIS SALGADO - FCS,3,3,90,14,10,1,10765,13,392,103,4,421,4421,1,350000.00,350000.00,350000.00,0,PRODUÇÃO DE ESPETÁCULOS DOS CORPOS ARTÍSTICOS,"ESPAÇOS CULTURAIS, CORPOS ARTÍSTICOS E ÓRGÃOS COLEGIADOS"
2025,1270,SECRETARIA DE ESTADO DE CULTURA E TURISMO - SECULT,3,0,2181,FUNDAÇÃO CLÓVIS SALGADO - FCS,3,3,90,14,60,1,10765,13,392,103,4,421,4421,1,93064.00,93064.00,93064.00,0,PRODUÇÃO DE ESPETÁCULOS DOS CORPOS ARTÍSTICOS,"ESPAÇOS CULTURAIS, CORPOS ARTÍSTICOS E ÓRGÃOS COLEGIADOS"
2025,1270,SECRETARIA DE ESTADO DE CULTURA E TURISMO - SECULT,3,0,2181,FUNDAÇÃO CLÓVIS SALGADO - FCS,3,3,90,30,10,1,10765,13,392,103,4,421,4421,1,50000.00,50000.00,50000.00,0,PRODUÇÃO DE ESPETÁCULOS DOS CORPOS ARTÍSTICOS,"ESPAÇOS CULTURAIS, CORPOS ARTÍSTICOS E ÓRGÃOS COLEGIADOS"
2025,1270,SECRETARIA DE ESTADO DE CULTURA E TURISMO - SECULT,3,0,2181,FUNDAÇÃO CLÓVIS SALGADO - FCS,3,3,90,30,60,1,10765,13,392,103,4,421,4421,1,80050.00,80050.00,80050.00,0,PRODUÇÃO DE ESPETÁCULOS DOS CORPOS ARTÍSTICOS,"ESPAÇOS CULTURAIS, CORPOS ARTÍSTICOS E ÓRGÃOS COLEGIADOS"
2025,1270,SECRETARIA DE ESTADO DE CULTURA E TURISMO - SECULT,3,0,2181,FUNDAÇÃO CLÓVIS SALGADO - FCS,3,3,90,33,60,1,10765,13,392,103,4,421,4421,1,1250.00,1250.00,1250.00,0,PRODUÇÃO DE ESPETÁCULOS DOS CORPOS ARTÍSTICOS,"ESPAÇOS CULTURAIS, CORPOS ARTÍSTICOS E ÓRGÃOS COLEGIADOS"
2025,1270,SECRETARIA DE ESTADO DE CULTURA E TURISMO - SECULT,3,0,2181,FUNDAÇÃO CLÓVIS SALGADO - FCS,3,3,90,39,10,1,10765,13,392,103,4,421,4421,1,116380.00,116380.00,116380.00,0,PRODUÇÃO DE ESPETÁCULOS DOS CORPOS ARTÍSTICOS,"ESPAÇOS CULTURAIS, CORPOS ARTÍSTICOS E ÓRGÃOS COLEGIADOS"
2025,1270,SECRETARIA DE ESTADO DE CULTURA E TURISMO - SECULT,3,0,2181,FUNDAÇÃO CLÓVIS SALGADO - FCS,3,3,90,39,60,1,10765,13,392,103,4,421,4421,1,15000.00,15000.00,15000.00,0,PRODUÇÃO DE ESPETÁCULOS DOS CORPOS ARTÍSTICOS,"ESPAÇOS CULTURAIS, CORPOS ARTÍSTICOS E ÓRGÃOS COLEGIADOS"
2025,1270,SECRETARIA DE ESTADO DE CULTURA E TURISMO - SECULT,3,0,2181,FUNDAÇÃO CLÓVIS SALGADO - FCS,3,3,90,40,10,1,10765,13,392,103,4,421,4421,1,22707.00,22707.00,22707.00,0,PRODUÇÃO DE ESPETÁCULOS DOS CORPOS ARTÍSTICOS,"ESPAÇOS CULTURAIS, CORPOS ARTÍSTICOS E ÓRGÃOS COLEGIADOS"
2025,1270,SECRETARIA DE ESTADO DE CULTURA E TURISMO - SECULT,3,0,2181,FUNDAÇÃO CLÓVIS SALGADO - FCS,3,3,50,85,10,1,10766,13,392,103,4,422,4422,1,9316283.00,9316283.00,9316283.00,0,GERENCIAMENTO DO CONTRATO DE GESTÃO,"ESPAÇOS CULTURAIS, CORPOS ARTÍSTICOS E ÓRGÃOS COLEGIADOS"
2025,1270,SECRETARIA DE ESTADO DE CULTURA E TURISMO - SECULT,3,0,2181,FUNDAÇÃO CLÓVIS SALGADO - FCS,3,3,90,30,10,1,10767,13,392,103,4,423,4423,1,5000.00,5000.00,5000.00,0,FOMENTO A ATIVIDADES ARTÍSTICAS E CULTURAIS DO PALÁCIO DA LIBERDADE,"ESPAÇOS CULTURAIS, CORPOS ARTÍSTICOS E ÓRGÃOS COLEGIADOS"
2025,1270,SECRETARIA DE ESTADO DE CULTURA E TURISMO - SECULT,3,0,2181,FUNDAÇÃO CLÓVIS SALGADO - FCS,3,3,90,30,60,1,10767,13,392,103,4,423,4423,1,16500.00,16500.00,16500.00,0,FOMENTO A ATIVIDADES ARTÍSTICAS E CULTURAIS DO PALÁCIO DA LIBERDADE,"ESPAÇOS CULTURAIS, CORPOS ARTÍSTICOS E ÓRGÃOS COLEGIADOS"
2025,1270,SECRETARIA DE ESTADO DE CULTURA E TURISMO - SECULT,3,0,2181,FUNDAÇÃO CLÓVIS SALGADO - FCS,3,3,90,37,10,1,10767,13,392,103,4,423,4423,1,1026000.00,1026000.00,1026000.00,0,FOMENTO A ATIVIDADES ARTÍSTICAS E CULTURAIS DO PALÁCIO DA LIBERDADE,"ESPAÇOS CULTURAIS, CORPOS ARTÍSTICOS E ÓRGÃOS COLEGIADOS"
2025,1270,SECRETARIA DE ESTADO DE CULTURA E TURISMO - SECULT,3,0,2181,FUNDAÇÃO CLÓVIS SALGADO - FCS,3,3,90,39,10,1,10767,13,392,103,4,423,4423,1,2380589.00,2380589.00,2380589.00,0,FOMENTO A ATIVIDADES ARTÍSTICAS E CULTURAIS DO PALÁCIO DA LIBERDADE,"ESPAÇOS CULTURAIS, CORPOS ARTÍSTICOS E ÓRGÃOS COLEGIADOS"
2025,1270,SECRETARIA DE ESTADO DE CULTURA E TURISMO - SECULT,3,0,2181,FUNDAÇÃO CLÓVIS SALGADO - FCS,3,3,90,39,60,1,10767,13,392,103,4,423,4423,1,70800.00,70800.00,70800.00,0,FOMENTO A ATIVIDADES ARTÍSTICAS E CULTURAIS DO PALÁCIO DA LIBERDADE,"ESPAÇOS CULTURAIS, CORPOS ARTÍSTICOS E ÓRGÃOS COLEGIADOS"
2025,1270,SECRETARIA DE ESTADO DE CULTURA E TURISMO - SECULT,3,0,2181,FUNDAÇÃO CLÓVIS SALGADO - FCS,3,3,90,47,10,1,10767,13,392,103,4,423,4423,1,16250.00,16250.00,16250.00,0,FOMENTO A ATIVIDADES ARTÍSTICAS E CULTURAIS DO PALÁCIO DA LIBERDADE,"ESPAÇOS CULTURAIS, CORPOS ARTÍSTICOS E ÓRGÃOS COLEGIADOS"
2025,1270,SECRETARIA DE ESTADO DE CULTURA E TURISMO - SECULT,3,0,2181,FUNDAÇÃO CLÓVIS SALGADO - FCS,3,1,90,91,10,9,1466,28,846,705,7,4,7004,1,73293.00,73293.00,73293.00,0,PRECATÓRIOS E SENTENÇAS JUDICIÁRIAS,APOIO ÀS POLÍTICAS PÚBLICAS
2025,1270,SECRETARIA DE ESTADO DE CULTURA E TURISMO - SECULT,3,0,2201,INSTITUTO ESTADUAL DO PATRIMÔNIO HISTÓRICO E ARTÍSTICO DE MINAS GERAIS - IEPHA,3,1,90,11,10,1,11082,13,122,705,2,417,2417,1,7636847.00,7636847.00,7636847.00,0,REMUNERAÇÃO DE PESSOAL ATIVO E ENCARGOS SOCIAIS,APOIO ÀS POLÍTICAS PÚBLICAS
2025,1270,SECRETARIA DE ESTADO DE CULTURA E TURISMO - SECULT,3,0,2201,INSTITUTO ESTADUAL DO PATRIMÔNIO HISTÓRICO E ARTÍSTICO DE MINAS GERAIS - IEPHA,3,1,90,13,10,1,11082,13,122,705,2,417,2417,1,401939.00,401939.00,401939.00,0,REMUNERAÇÃO DE PESSOAL ATIVO E ENCARGOS SOCIAIS,APOIO ÀS POLÍTICAS PÚBLICAS
2025,1270,SECRETARIA DE ESTADO DE CULTURA E TURISMO - SECULT,3,0,2201,INSTITUTO ESTADUAL DO PATRIMÔNIO HISTÓRICO E ARTÍSTICO DE MINAS GERAIS - IEPHA,3,1,91,13,10,1,11082,13,122,705,2,417,2417,1,1975966.00,1975966.00,1975966.00,0,REMUNERAÇÃO DE PESSOAL ATIVO E ENCARGOS SOCIAIS,APOIO ÀS POLÍTICAS PÚBLICAS
2025,1270,SECRETARIA DE ESTADO DE CULTURA E TURISMO - SECULT,3,0,2201,INSTITUTO ESTADUAL DO PATRIMÔNIO HISTÓRICO E ARTÍSTICO DE MINAS GERAIS - IEPHA,3,3,90,46,10,7,11082,13,122,705,2,417,2417,1,1451162.00,1451162.00,1451162.00,0,REMUNERAÇÃO DE PESSOAL ATIVO E ENCARGOS SOCIAIS,APOIO ÀS POLÍTICAS PÚBLICAS
2025,1270,SECRETARIA DE ESTADO DE CULTURA E TURISMO - SECULT,3,0,2201,INSTITUTO ESTADUAL DO PATRIMÔNIO HISTÓRICO E ARTÍSTICO DE MINAS GERAIS - IEPHA,3,3,90,49,10,7,11082,13,122,705,2,417,2417,1,67522.00,67522.00,67522.00,0,REMUNERAÇÃO DE PESSOAL ATIVO E ENCARGOS SOCIAIS,APOIO ÀS POLÍTICAS PÚBLICAS
2025,1270,SECRETARIA DE ESTADO DE CULTURA E TURISMO - SECULT,3,0,2201,INSTITUTO ESTADUAL DO PATRIMÔNIO HISTÓRICO E ARTÍSTICO DE MINAS GERAIS - IEPHA,3,3,90,14,60,1,9270,13,122,705,2,500,2500,1,10680.00,10680.00,10680.00,0,ASSESSORAMENTO E GERENCIAMENTO DE POLÍTICAS PÚBLICAS,APOIO ÀS POLÍTICAS PÚBLICAS
2025,1270,SECRETARIA DE ESTADO DE CULTURA E TURISMO - SECULT,3,0,2201,INSTITUTO ESTADUAL DO PATRIMÔNIO HISTÓRICO E ARTÍSTICO DE MINAS GERAIS - IEPHA,3,3,90,30,10,1,9270,13,122,705,2,500,2500,1,363405.00,363405.00,363405.00,0,ASSESSORAMENTO E GERENCIAMENTO DE POLÍTICAS PÚBLICAS,APOIO ÀS POLÍTICAS PÚBLICAS
2025,1270,SECRETARIA DE ESTADO DE CULTURA E TURISMO - SECULT,3,0,2201,INSTITUTO ESTADUAL DO PATRIMÔNIO HISTÓRICO E ARTÍSTICO DE MINAS GERAIS - IEPHA,3,3,90,33,10,1,9270,13,122,705,2,500,2500,1,17000.00,17000.00,17000.00,0,ASSESSORAMENTO E GERENCIAMENTO DE POLÍTICAS PÚBLICAS,APOIO ÀS POLÍTICAS PÚBLICAS
2025,1270,SECRETARIA DE ESTADO DE CULTURA E TURISMO - SECULT,3,0,2201,INSTITUTO ESTADUAL DO PATRIMÔNIO HISTÓRICO E ARTÍSTICO DE MINAS GERAIS - IEPHA,3,3,90,36,10,1,9270,13,122,705,2,500,2500,1,7200.00,7200.00,7200.00,0,ASSESSORAMENTO E GERENCIAMENTO DE POLÍTICAS PÚBLICAS,APOIO ÀS POLÍTICAS PÚBLICAS
2025,1270,SECRETARIA DE ESTADO DE CULTURA E TURISMO - SECULT,3,0,2201,INSTITUTO ESTADUAL DO PATRIMÔNIO HISTÓRICO E ARTÍSTICO DE MINAS GERAIS - IEPHA,3,3,90,37,10,1,9270,13,122,705,2,500,2500,1,3228408.00,3228408.00,3228408.00,0,ASSESSORAMENTO E GERENCIAMENTO DE POLÍTICAS PÚBLICAS,APOIO ÀS POLÍTICAS PÚBLICAS
2025,1270,SECRETARIA DE ESTADO DE CULTURA E TURISMO - SECULT,3,0,2201,INSTITUTO ESTADUAL DO PATRIMÔNIO HISTÓRICO E ARTÍSTICO DE MINAS GERAIS - IEPHA,3,3,90,39,9,1,9270,13,122,705,2,500,2500,1,180536.00,180536.00,180536.00,0,ASSESSORAMENTO E GERENCIAMENTO DE POLÍTICAS PÚBLICAS,APOIO ÀS POLÍTICAS PÚBLICAS
2025,1270,SECRETARIA DE ESTADO DE CULTURA E TURISMO - SECULT,3,0,2201,INSTITUTO ESTADUAL DO PATRIMÔNIO HISTÓRICO E ARTÍSTICO DE MINAS GERAIS - IEPHA,3,3,90,39,10,1,9270,13,122,705,2,500,2500,1,654174.00,654174.00,654174.00,0,ASSESSORAMENTO E GERENCIAMENTO DE POLÍTICAS PÚBLICAS,APOIO ÀS POLÍTICAS PÚBLICAS
2025,1270,SECRETARIA DE ESTADO DE CULTURA E TURISMO - SECULT,3,0,2201,INSTITUTO ESTADUAL DO PATRIMÔNIO HISTÓRICO E ARTÍSTICO DE MINAS GERAIS - IEPHA,3,3,90,40,10,1,9270,13,122,705,2,500,2500,1,902225.00,902225.00,902225.00,0,ASSESSORAMENTO E GERENCIAMENTO DE POLÍTICAS PÚBLICAS,APOIO ÀS POLÍTICAS PÚBLICAS
2025,1270,SECRETARIA DE ESTADO DE CULTURA E TURISMO - SECULT,3,0,2201,INSTITUTO ESTADUAL DO PATRIMÔNIO HISTÓRICO E ARTÍSTICO DE MINAS GERAIS - IEPHA,3,3,90,47,10,1,9270,13,122,705,2,500,2500,1,99744.00,99744.00,99744.00,0,ASSESSORAMENTO E GERENCIAMENTO DE POLÍTICAS PÚBLICAS,APOIO ÀS POLÍTICAS PÚBLICAS
2025,1270,SECRETARIA DE ESTADO DE CULTURA E TURISMO - SECULT,3,0,2201,INSTITUTO ESTADUAL DO PATRIMÔNIO HISTÓRICO E ARTÍSTICO DE MINAS GERAIS - IEPHA,4,4,90,40,9,1,9270,13,122,705,2,500,2500,1,980000.00,980000.00,980000.00,0,ASSESSORAMENTO E GERENCIAMENTO DE POLÍTICAS PÚBLICAS,APOIO ÀS POLÍTICAS PÚBLICAS
2025,1270,SECRETARIA DE ESTADO DE CULTURA E TURISMO - SECULT,3,0,2201,INSTITUTO ESTADUAL DO PATRIMÔNIO HISTÓRICO E ARTÍSTICO DE MINAS GERAIS - IEPHA,3,3,90,39,10,1,10561,13,391,102,4,269,4269,1,3402.00,3402.00,3402.00,0,INCENTIVO À IMPLANTAÇÃO DE POLÍTICAS MUNICIPAIS DE PROTEÇÃO AO PATRIMÔNIO CULTURAL,FOMENTO À ECONOMIA DA CRIATIVIDADE
2025,1270,SECRETARIA DE ESTADO DE CULTURA E TURISMO - SECULT,3,0,2201,INSTITUTO ESTADUAL DO PATRIMÔNIO HISTÓRICO E ARTÍSTICO DE MINAS GERAIS - IEPHA,3,3,90,40,10,1,10561,13,391,102,4,269,4269,1,20926.00,20926.00,20926.00,0,INCENTIVO À IMPLANTAÇÃO DE POLÍTICAS MUNICIPAIS DE PROTEÇÃO AO PATRIMÔNIO CULTURAL,FOMENTO À ECONOMIA DA CRIATIVIDADE
2025,1270,SECRETARIA DE ESTADO DE CULTURA E TURISMO - SECULT,3,0,2201,INSTITUTO ESTADUAL DO PATRIMÔNIO HISTÓRICO E ARTÍSTICO DE MINAS GERAIS - IEPHA,3,3,90,39,10,1,10567,13,391,103,4,274,4274,1,576201.00,576201.00,576201.00,0,PARCERIAS PARA PROTEÇÃO E SALVAGUARDA DO PATRIMÔNIO CULTURAL,"ESPAÇOS CULTURAIS, CORPOS ARTÍSTICOS E ÓRGÃOS COLEGIADOS"
2025,1270,SECRETARIA DE ESTADO DE CULTURA E TURISMO - SECULT,3,0,2201,INSTITUTO ESTADUAL DO PATRIMÔNIO HISTÓRICO E ARTÍSTICO DE MINAS GERAIS - IEPHA,3,3,90,40,10,1,10567,13,391,103,4,274,4274,1,10463.00,10463.00,10463.00,0,PARCERIAS PARA PROTEÇÃO E SALVAGUARDA DO PATRIMÔNIO CULTURAL,"ESPAÇOS CULTURAIS, CORPOS ARTÍSTICOS E ÓRGÃOS COLEGIADOS"
2025,1270,SECRETARIA DE ESTADO DE CULTURA E TURISMO - SECULT,3,0,2201,INSTITUTO ESTADUAL DO PATRIMÔNIO HISTÓRICO E ARTÍSTICO DE MINAS GERAIS - IEPHA,3,3,90,14,10,1,10563,13,391,105,4,271,4271,1,12558.00,12558.00,12558.00,0,FORMAÇÃO E CAPACITAÇÃO PARA O PATRIMÔNIO CULTURAL,FORMAÇÃO E CAPACITAÇÃO TÉCNICO-CULTURAL
2025,1270,SECRETARIA DE ESTADO DE CULTURA E TURISMO - SECULT,3,0,2201,INSTITUTO ESTADUAL DO PATRIMÔNIO HISTÓRICO E ARTÍSTICO DE MINAS GERAIS - IEPHA,3,3,90,37,10,1,10563,13,391,105,4,271,4271,1,75828.00,75828.00,75828.00,0,FORMAÇÃO E CAPACITAÇÃO PARA O PATRIMÔNIO CULTURAL,FORMAÇÃO E CAPACITAÇÃO TÉCNICO-CULTURAL
2025,1270,SECRETARIA DE ESTADO DE CULTURA E TURISMO - SECULT,3,0,2201,INSTITUTO ESTADUAL DO PATRIMÔNIO HISTÓRICO E ARTÍSTICO DE MINAS GERAIS - IEPHA,3,3,90,39,10,1,10563,13,391,105,4,271,4271,1,74519.00,74519.00,74519.00,0,FORMAÇÃO E CAPACITAÇÃO PARA O PATRIMÔNIO CULTURAL,FORMAÇÃO E CAPACITAÇÃO TÉCNICO-CULTURAL
2025,1270,SECRETARIA DE ESTADO DE CULTURA E TURISMO - SECULT,3,0,2201,INSTITUTO ESTADUAL DO PATRIMÔNIO HISTÓRICO E ARTÍSTICO DE MINAS GERAIS - IEPHA,3,3,90,40,10,1,10563,13,391,105,4,271,4271,1,10463.00,10463.00,10463.00,0,FORMAÇÃO E CAPACITAÇÃO PARA O PATRIMÔNIO CULTURAL,FORMAÇÃO E CAPACITAÇÃO TÉCNICO-CULTURAL
2025,1270,SECRETARIA DE ESTADO DE CULTURA E TURISMO - SECULT,3,0,2201,INSTITUTO ESTADUAL DO PATRIMÔNIO HISTÓRICO E ARTÍSTICO DE MINAS GERAIS - IEPHA,3,3,90,14,10,1,10569,13,391,106,4,276,4276,1,18134.00,18134.00,18134.00,0,SALVAGUARDA DO PATRIMÔNIO CULTURAL,PROTEÇÃO E SALVAGUARDA DE ACERVOS E BENS CULTURAIS
2025,1270,SECRETARIA DE ESTADO DE CULTURA E TURISMO - SECULT,3,0,2201,INSTITUTO ESTADUAL DO PATRIMÔNIO HISTÓRICO E ARTÍSTICO DE MINAS GERAIS - IEPHA,3,3,90,39,10,1,10569,13,391,106,4,276,4276,1,3402.00,3402.00,3402.00,0,SALVAGUARDA DO PATRIMÔNIO CULTURAL,PROTEÇÃO E SALVAGUARDA DE ACERVOS E BENS CULTURAIS
2025,1270,SECRETARIA DE ESTADO DE CULTURA E TURISMO - SECULT,3,0,2201,INSTITUTO ESTADUAL DO PATRIMÔNIO HISTÓRICO E ARTÍSTICO DE MINAS GERAIS - IEPHA,3,3,90,40,10,1,10569,13,391,106,4,276,4276,1,20426.00,20426.00,20426.00,0,SALVAGUARDA DO PATRIMÔNIO CULTURAL,PROTEÇÃO E SALVAGUARDA DE ACERVOS E BENS CULTURAIS
2025,1270,SECRETARIA DE ESTADO DE CULTURA E TURISMO - SECULT,3,0,2201,INSTITUTO ESTADUAL DO PATRIMÔNIO HISTÓRICO E ARTÍSTICO DE MINAS GERAIS - IEPHA,3,3,99,99,10,8,10569,13,391,106,4,276,4276,1,500000.00,500000.00,600000.00,0,SALVAGUARDA DO PATRIMÔNIO CULTURAL,PROTEÇÃO E SALVAGUARDA DE ACERVOS E BENS CULTURAIS
2025,1270,SECRETARIA DE ESTADO DE CULTURA E TURISMO - SECULT,3,0,2201,INSTITUTO ESTADUAL DO PATRIMÔNIO HISTÓRICO E ARTÍSTICO DE MINAS GERAIS - IEPHA,3,3,90,14,10,1,10571,13,391,106,4,278,4278,1,27335.00,27335.00,27335.00,0,PROTEÇÃO DO PATRIMÔNIO CULTURAL,PROTEÇÃO E SALVAGUARDA DE ACERVOS E BENS CULTURAIS
2025,1270,SECRETARIA DE ESTADO DE CULTURA E TURISMO - SECULT,3,0,2201,INSTITUTO ESTADUAL DO PATRIMÔNIO HISTÓRICO E ARTÍSTICO DE MINAS GERAIS - IEPHA,3,3,90,30,10,1,10571,13,391,106,4,278,4278,1,705.00,705.00,705.00,0,PROTEÇÃO DO PATRIMÔNIO CULTURAL,PROTEÇÃO E SALVAGUARDA DE ACERVOS E BENS CULTURAIS
2025,1270,SECRETARIA DE ESTADO DE CULTURA E TURISMO - SECULT,3,0,2201,INSTITUTO ESTADUAL DO PATRIMÔNIO HISTÓRICO E ARTÍSTICO DE MINAS GERAIS - IEPHA,3,3,90,37,10,1,10571,13,391,106,4,278,4278,1,324288.00,324288.00,324288.00,0,PROTEÇÃO DO PATRIMÔNIO CULTURAL,PROTEÇÃO E SALVAGUARDA DE ACERVOS E BENS CULTURAIS
2025,1270,SECRETARIA DE ESTADO DE CULTURA E TURISMO - SECULT,3,0,2201,INSTITUTO ESTADUAL DO PATRIMÔNIO HISTÓRICO E ARTÍSTICO DE MINAS GERAIS - IEPHA,3,3,90,39,1,1,10571,13,391,106,4,278,4278,1,473331.00,473331.00,473331.00,0,PROTEÇÃO DO PATRIMÔNIO CULTURAL,PROTEÇÃO E SALVAGUARDA DE ACERVOS E BENS CULTURAIS
2025,1270,SECRETARIA DE ESTADO DE CULTURA E TURISMO - SECULT,3,0,2201,INSTITUTO ESTADUAL DO PATRIMÔNIO HISTÓRICO E ARTÍSTICO DE MINAS GERAIS - IEPHA,3,3,90,39,10,1,10571,13,391,106,4,278,4278,1,172729.00,172729.00,172729.00,0,PROTEÇÃO DO PATRIMÔNIO CULTURAL,PROTEÇÃO E SALVAGUARDA DE ACERVOS E BENS CULTURAIS
2025,1270,SECRETARIA DE ESTADO DE CULTURA E TURISMO - SECULT,3,0,2201,INSTITUTO ESTADUAL DO PATRIMÔNIO HISTÓRICO E ARTÍSTICO DE MINAS GERAIS - IEPHA,3,3,90,39,24,1,10571,13,391,106,4,278,4278,1,343000.00,343000.00,343000.00,0,PROTEÇÃO DO PATRIMÔNIO CULTURAL,PROTEÇÃO E SALVAGUARDA DE ACERVOS E BENS CULTURAIS
2025,1270,SECRETARIA DE ESTADO DE CULTURA E TURISMO - SECULT,3,0,2201,INSTITUTO ESTADUAL DO PATRIMÔNIO HISTÓRICO E ARTÍSTICO DE MINAS GERAIS - IEPHA,3,3,90,40,10,1,10571,13,391,106,4,278,4278,1,22426.00,22426.00,22426.00,0,PROTEÇÃO DO PATRIMÔNIO CULTURAL,PROTEÇÃO E SALVAGUARDA DE ACERVOS E BENS CULTURAIS
2025,1270,SECRETARIA DE ESTADO DE CULTURA E TURISMO - SECULT,3,0,2201,INSTITUTO ESTADUAL DO PATRIMÔNIO HISTÓRICO E ARTÍSTICO DE MINAS GERAIS - IEPHA,3,3,90,14,10,1,10572,13,391,106,4,279,4279,1,15840.00,15840.00,15840.00,0,CONSERVAÇÃO E RESTAURAÇÃO DO PATRIMÔNIO CULTURAL PROTEGIDO,PROTEÇÃO E SALVAGUARDA DE ACERVOS E BENS CULTURAIS
2025,1270,SECRETARIA DE ESTADO DE CULTURA E TURISMO - SECULT,3,0,2201,INSTITUTO ESTADUAL DO PATRIMÔNIO HISTÓRICO E ARTÍSTICO DE MINAS GERAIS - IEPHA,3,3,90,37,10,1,10572,13,391,106,4,279,4279,1,648576.00,648576.00,648576.00,0,CONSERVAÇÃO E RESTAURAÇÃO DO PATRIMÔNIO CULTURAL PROTEGIDO,PROTEÇÃO E SALVAGUARDA DE ACERVOS E BENS CULTURAIS
2025,1270,SECRETARIA DE ESTADO DE CULTURA E TURISMO - SECULT,3,0,2201,INSTITUTO ESTADUAL DO PATRIMÔNIO HISTÓRICO E ARTÍSTICO DE MINAS GERAIS - IEPHA,3,3,90,39,1,1,10572,13,391,106,4,279,4279,1,87800.00,87800.00,87800.00,0,CONSERVAÇÃO E RESTAURAÇÃO DO PATRIMÔNIO CULTURAL PROTEGIDO,PROTEÇÃO E SALVAGUARDA DE ACERVOS E BENS CULTURAIS
2025,1270,SECRETARIA DE ESTADO DE CULTURA E TURISMO - SECULT,3,0,2201,INSTITUTO ESTADUAL DO PATRIMÔNIO HISTÓRICO E ARTÍSTICO DE MINAS GERAIS - IEPHA,3,3,90,39,10,1,10572,13,391,106,4,279,4279,1,192281.00,192281.00,192281.00,0,CONSERVAÇÃO E RESTAURAÇÃO DO PATRIMÔNIO CULTURAL PROTEGIDO,PROTEÇÃO E SALVAGUARDA DE ACERVOS E BENS CULTURAIS
2025,1270,SECRETARIA DE ESTADO DE CULTURA E TURISMO - SECULT,3,0,2201,INSTITUTO ESTADUAL DO PATRIMÔNIO HISTÓRICO E ARTÍSTICO DE MINAS GERAIS - IEPHA,3,3,90,39,24,1,10572,13,391,106,4,279,4279,1,2000.00,2000.00,2000.00,0,CONSERVAÇÃO E RESTAURAÇÃO DO PATRIMÔNIO CULTURAL PROTEGIDO,PROTEÇÃO E SALVAGUARDA DE ACERVOS E BENS CULTURAIS
2025,1270,SECRETARIA DE ESTADO DE CULTURA E TURISMO - SECULT,3,0,2201,INSTITUTO ESTADUAL DO PATRIMÔNIO HISTÓRICO E ARTÍSTICO DE MINAS GERAIS - IEPHA,3,3,90,39,45,1,10572,13,391,106,4,279,4279,1,1057792.00,1057792.00,1057792.00,0,CONSERVAÇÃO E RESTAURAÇÃO DO PATRIMÔNIO CULTURAL PROTEGIDO,PROTEÇÃO E SALVAGUARDA DE ACERVOS E BENS CULTURAIS
2025,1270,SECRETARIA DE ESTADO DE CULTURA E TURISMO - SECULT,3,0,2201,INSTITUTO ESTADUAL DO PATRIMÔNIO HISTÓRICO E ARTÍSTICO DE MINAS GERAIS - IEPHA,3,3,90,40,10,1,10572,13,391,106,4,279,4279,1,20426.00,20426.00,20426.00,0,CONSERVAÇÃO E RESTAURAÇÃO DO PATRIMÔNIO CULTURAL PROTEGIDO,PROTEÇÃO E SALVAGUARDA DE ACERVOS E BENS CULTURAIS
2025,1270,SECRETARIA DE ESTADO DE CULTURA E TURISMO - SECULT,3,0,2201,INSTITUTO ESTADUAL DO PATRIMÔNIO HISTÓRICO E ARTÍSTICO DE MINAS GERAIS - IEPHA,4,4,90,39,1,1,10572,13,391,106,4,279,4279,1,250000.00,250000.00,250000.00,0,CONSERVAÇÃO E RESTAURAÇÃO DO PATRIMÔNIO CULTURAL PROTEGIDO,PROTEÇÃO E SALVAGUARDA DE ACERVOS E BENS CULTURAIS
2025,1270,SECRETARIA DE ESTADO DE CULTURA E TURISMO - SECULT,3,0,2201,INSTITUTO ESTADUAL DO PATRIMÔNIO HISTÓRICO E ARTÍSTICO DE MINAS GERAIS - IEPHA,4,4,90,39,24,1,10572,13,391,106,4,279,4279,1,2709813.00,2709813.00,2709813.00,0,CONSERVAÇÃO E RESTAURAÇÃO DO PATRIMÔNIO CULTURAL PROTEGIDO,PROTEÇÃO E SALVAGUARDA DE ACERVOS E BENS CULTURAIS
2025,1270,SECRETARIA DE ESTADO DE CULTURA E TURISMO - SECULT,3,0,2201,INSTITUTO ESTADUAL DO PATRIMÔNIO HISTÓRICO E ARTÍSTICO DE MINAS GERAIS - IEPHA,3,3,90,14,10,1,10575,13,391,106,4,281,4281,1,21107.00,21107.00,21107.00,0,VISTORIAS TÉCNICAS NO PATRIMÔNIO CULTURAL,PROTEÇÃO E SALVAGUARDA DE ACERVOS E BENS CULTURAIS
2025,1270,SECRETARIA DE ESTADO DE CULTURA E TURISMO - SECULT,3,0,2201,INSTITUTO ESTADUAL DO PATRIMÔNIO HISTÓRICO E ARTÍSTICO DE MINAS GERAIS - IEPHA,3,3,90,39,10,1,10575,13,391,106,4,281,4281,1,71741.00,71741.00,71741.00,0,VISTORIAS TÉCNICAS NO PATRIMÔNIO CULTURAL,PROTEÇÃO E SALVAGUARDA DE ACERVOS E BENS CULTURAIS
2025,1270,SECRETARIA DE ESTADO DE CULTURA E TURISMO - SECULT,3,0,2201,INSTITUTO ESTADUAL DO PATRIMÔNIO HISTÓRICO E ARTÍSTICO DE MINAS GERAIS - IEPHA,3,3,90,40,10,1,10575,13,391,106,4,281,4281,1,21426.00,21426.00,21426.00,0,VISTORIAS TÉCNICAS NO PATRIMÔNIO CULTURAL,PROTEÇÃO E SALVAGUARDA DE ACERVOS E BENS CULTURAIS
2025,1270,SECRETARIA DE ESTADO DE CULTURA E TURISMO - SECULT,3,0,2201,INSTITUTO ESTADUAL DO PATRIMÔNIO HISTÓRICO E ARTÍSTICO DE MINAS GERAIS - IEPHA,3,3,90,14,10,1,10558,13,392,102,4,267,4267,1,19721.00,19721.00,19721.00,0,AÇÕES DE DIFUSÃO E EDUCAÇÃO PARA O PATRIMÔNIO CULTURAL,FOMENTO À ECONOMIA DA CRIATIVIDADE
2025,1270,SECRETARIA DE ESTADO DE CULTURA E TURISMO - SECULT,3,0,2201,INSTITUTO ESTADUAL DO PATRIMÔNIO HISTÓRICO E ARTÍSTICO DE MINAS GERAIS - IEPHA,3,3,90,30,10,1,10558,13,392,102,4,267,4267,1,28673.00,28673.00,28673.00,0,AÇÕES DE DIFUSÃO E EDUCAÇÃO PARA O PATRIMÔNIO CULTURAL,FOMENTO À ECONOMIA DA CRIATIVIDADE
2025,1270,SECRETARIA DE ESTADO DE CULTURA E TURISMO - SECULT,3,0,2201,INSTITUTO ESTADUAL DO PATRIMÔNIO HISTÓRICO E ARTÍSTICO DE MINAS GERAIS - IEPHA,3,3,90,37,10,1,10558,13,392,102,4,267,4267,1,83064.00,83064.00,83064.00,0,AÇÕES DE DIFUSÃO E EDUCAÇÃO PARA O PATRIMÔNIO CULTURAL,FOMENTO À ECONOMIA DA CRIATIVIDADE
2025,1270,SECRETARIA DE ESTADO DE CULTURA E TURISMO - SECULT,3,0,2201,INSTITUTO ESTADUAL DO PATRIMÔNIO HISTÓRICO E ARTÍSTICO DE MINAS GERAIS - IEPHA,3,3,90,39,10,1,10558,13,392,102,4,267,4267,1,38940.00,38940.00,38940.00,0,AÇÕES DE DIFUSÃO E EDUCAÇÃO PARA O PATRIMÔNIO CULTURAL,FOMENTO À ECONOMIA DA CRIATIVIDADE
2025,1270,SECRETARIA DE ESTADO DE CULTURA E TURISMO - SECULT,3,0,2201,INSTITUTO ESTADUAL DO PATRIMÔNIO HISTÓRICO E ARTÍSTICO DE MINAS GERAIS - IEPHA,3,3,90,40,10,1,10558,13,392,102,4,267,4267,1,10463.00,10463.00,10463.00,0,AÇÕES DE DIFUSÃO E EDUCAÇÃO PARA O PATRIMÔNIO CULTURAL,FOMENTO À ECONOMIA DA CRIATIVIDADE
2025,1270,SECRETARIA DE ESTADO DE CULTURA E TURISMO - SECULT,3,0,2201,INSTITUTO ESTADUAL DO PATRIMÔNIO HISTÓRICO E ARTÍSTICO DE MINAS GERAIS - IEPHA,3,3,40,41,10,1,11199,13,392,102,4,484,4484,1,1000.00,1000.00,1000.00,0,GESTÃO DO FOMENTO E DO SISTEMA DE FINANCIAMENTO À CULTURA,FOMENTO À ECONOMIA DA CRIATIVIDADE
2025,1270,SECRETARIA DE ESTADO DE CULTURA E TURISMO - SECULT,3,0,2201,INSTITUTO ESTADUAL DO PATRIMÔNIO HISTÓRICO E ARTÍSTICO DE MINAS GERAIS - IEPHA,3,1,90,91,10,9,2538,28,846,705,7,4,7004,1,382495.00,382495.00,382495.00,0,PRECATÓRIOS E SENTENÇAS JUDICIÁRIAS,APOIO ÀS POLÍTICAS PÚBLICAS
2025,1270,SECRETARIA DE ESTADO DE CULTURA E TURISMO - SECULT,3,0,2201,INSTITUTO ESTADUAL DO PATRIMÔNIO HISTÓRICO E ARTÍSTICO DE MINAS GERAIS - IEPHA,3,3,90,91,10,9,2538,28,846,705,7,4,7004,1,55571.00,55571.00,55571.00,0,PRECATÓRIOS E SENTENÇAS JUDICIÁRIAS,APOIO ÀS POLÍTICAS PÚBLICAS
2025,1270,SECRETARIA DE ESTADO DE CULTURA E TURISMO - SECULT,3,0,4151,FUNDO DE ASSISTÊNCIA AO TURISMO - FASTUR,3,3,90,39,10,1,10880,23,695,102,4,497,4497,1,1000.00,1000.00,1000.00,0,APOIO FINANCEIRO AO TURISMO MINEIRO POR MEIO DO FUNDO DE ASSISTÊNCIA AO TURISMO - FASTUR,FOMENTO À ECONOMIA DA CRIATIVIDADE
2025,1270,SECRETARIA DE ESTADO DE CULTURA E TURISMO - SECULT,3,0,4491,FUNDO ESTADUAL DE CULTURA - FEC,3,3,40,41,59,1,10676,13,392,102,4,360,4360,1,17962294.00,17962294.00,17962294.00,1,GESTÃO DO SISTEMA DE FINANCIAMENTO À CULTURA,FOMENTO À ECONOMIA DA CRIATIVIDADE
2025,1270,SECRETARIA DE ESTADO DE CULTURA E TURISMO - SECULT,3,0,4491,FUNDO ESTADUAL DE CULTURA - FEC,4,4,40,41,59,1,10676,13,392,102,4,360,4360,1,4490573.00,4490573.00,4490573.00,1,GESTÃO DO SISTEMA DE FINANCIAMENTO À CULTURA,FOMENTO À ECONOMIA DA CRIATIVIDADE
2025,1300,"SECRETARIA DE ESTADO DE INFRAESTRUTURA, MOBILIDADE E PARCERIA - SEINFRA",3,0,1301,"SECRETARIA DE ESTADO DE INFRAESTRUTURA, MOBILIDADE E PARCERIAS - SEINFRA",4,4,90,39,10,1,11056,4,130,85,4,156,4156,1,1000.00,1000.00,1000.00,0,GESTÃO DOS PROJETOS ESTRUTURANTES DE MOBILIDADE,PROMOÇÃO DE CONCESSÕES E PARCERIAS
2025,1300,"SECRETARIA DE ESTADO DE INFRAESTRUTURA, MOBILIDADE E PARCERIA - SEINFRA",3,0,1301,"SECRETARIA DE ESTADO DE INFRAESTRUTURA, MOBILIDADE E PARCERIAS - SEINFRA",3,3,90,39,10,1,10481,4,130,85,4,205,4205,1,20000.00,20000.00,20000.00,0,"ESTRUTURAÇÃO, MODELAGEM E GESTÃO DE CONCESSÕES E PARCERIAS",PROMOÇÃO DE CONCESSÕES E PARCERIAS
2025,1300,"SECRETARIA DE ESTADO DE INFRAESTRUTURA, MOBILIDADE E PARCERIA - SEINFRA",3,0,1301,"SECRETARIA DE ESTADO DE INFRAESTRUTURA, MOBILIDADE E PARCERIAS - SEINFRA",3,3,90,39,74,1,10481,4,130,85,4,205,4205,1,601000.00,601000.00,601000.00,0,"ESTRUTURAÇÃO, MODELAGEM E GESTÃO DE CONCESSÕES E PARCERIAS",PROMOÇÃO DE CONCESSÕES E PARCERIAS
2025,1300,"SECRETARIA DE ESTADO DE INFRAESTRUTURA, MOBILIDADE E PARCERIA - SEINFRA",3,0,1301,"SECRETARIA DE ESTADO DE INFRAESTRUTURA, MOBILIDADE E PARCERIAS - SEINFRA",4,4,90,35,10,1,10481,4,130,85,4,205,4205,1,761154.00,761154.00,761154.00,0,"ESTRUTURAÇÃO, MODELAGEM E GESTÃO DE CONCESSÕES E PARCERIAS",PROMOÇÃO DE CONCESSÕES E PARCERIAS
2025,1300,"SECRETARIA DE ESTADO DE INFRAESTRUTURA, MOBILIDADE E PARCERIA - SEINFRA",3,0,1301,"SECRETARIA DE ESTADO DE INFRAESTRUTURA, MOBILIDADE E PARCERIAS - SEINFRA",4,4,90,39,10,1,10481,4,130,85,4,205,4205,1,1685826.00,1685826.00,1685826.00,0,"ESTRUTURAÇÃO, MODELAGEM E GESTÃO DE CONCESSÕES E PARCERIAS",PROMOÇÃO DE CONCESSÕES E PARCERIAS
2025,1300,"SECRETARIA DE ESTADO DE INFRAESTRUTURA, MOBILIDADE E PARCERIA - SEINFRA",3,0,1301,"SECRETARIA DE ESTADO DE INFRAESTRUTURA, MOBILIDADE E PARCERIAS - SEINFRA",3,3,90,14,10,1,10486,4,130,85,4,208,4208,1,160796.00,160796.00,160796.00,0,REGULAÇÃO DE CONCESSÕES E PPPS,PROMOÇÃO DE CONCESSÕES E PARCERIAS
2025,1300,"SECRETARIA DE ESTADO DE INFRAESTRUTURA, MOBILIDADE E PARCERIA - SEINFRA",3,0,1301,"SECRETARIA DE ESTADO DE INFRAESTRUTURA, MOBILIDADE E PARCERIAS - SEINFRA",3,3,90,33,10,1,10486,4,130,85,4,208,4208,1,96000.00,96000.00,96000.00,0,REGULAÇÃO DE CONCESSÕES E PPPS,PROMOÇÃO DE CONCESSÕES E PARCERIAS
2025,1300,"SECRETARIA DE ESTADO DE INFRAESTRUTURA, MOBILIDADE E PARCERIA - SEINFRA",3,0,1301,"SECRETARIA DE ESTADO DE INFRAESTRUTURA, MOBILIDADE E PARCERIAS - SEINFRA",3,3,90,37,10,1,10486,4,130,85,4,208,4208,1,6979015.00,6979015.00,6979015.00,0,REGULAÇÃO DE CONCESSÕES E PPPS,PROMOÇÃO DE CONCESSÕES E PARCERIAS
2025,1300,"SECRETARIA DE ESTADO DE INFRAESTRUTURA, MOBILIDADE E PARCERIA - SEINFRA",3,0,1301,"SECRETARIA DE ESTADO DE INFRAESTRUTURA, MOBILIDADE E PARCERIAS - SEINFRA",3,3,90,39,10,1,10486,4,130,85,4,208,4208,1,5109901.00,5109901.00,5109901.00,0,REGULAÇÃO DE CONCESSÕES E PPPS,PROMOÇÃO DE CONCESSÕES E PARCERIAS
2025,1300,"SECRETARIA DE ESTADO DE INFRAESTRUTURA, MOBILIDADE E PARCERIA - SEINFRA",3,0,1301,"SECRETARIA DE ESTADO DE INFRAESTRUTURA, MOBILIDADE E PARCERIAS - SEINFRA",3,3,90,39,59,1,10486,4,130,85,4,208,4208,1,1840000.00,1840000.00,1840000.00,0,REGULAÇÃO DE CONCESSÕES E PPPS,PROMOÇÃO DE CONCESSÕES E PARCERIAS
2025,1300,"SECRETARIA DE ESTADO DE INFRAESTRUTURA, MOBILIDADE E PARCERIA - SEINFRA",3,0,1301,"SECRETARIA DE ESTADO DE INFRAESTRUTURA, MOBILIDADE E PARCERIAS - SEINFRA",3,3,90,39,60,2,10486,4,130,85,4,208,4208,1,1400000.00,1400000.00,1400000.00,0,REGULAÇÃO DE CONCESSÕES E PPPS,PROMOÇÃO DE CONCESSÕES E PARCERIAS
2025,1300,"SECRETARIA DE ESTADO DE INFRAESTRUTURA, MOBILIDADE E PARCERIA - SEINFRA",3,0,1301,"SECRETARIA DE ESTADO DE INFRAESTRUTURA, MOBILIDADE E PARCERIAS - SEINFRA",4,4,60,45,60,2,10486,4,130,85,4,208,4208,1,11500000.00,11500000.00,11500000.00,0,REGULAÇÃO DE CONCESSÕES E PPPS,PROMOÇÃO DE CONCESSÕES E PARCERIAS
2025,1300,"SECRETARIA DE ESTADO DE INFRAESTRUTURA, MOBILIDADE E PARCERIA - SEINFRA",3,0,1301,"SECRETARIA DE ESTADO DE INFRAESTRUTURA, MOBILIDADE E PARCERIAS - SEINFRA",4,4,90,39,10,1,10486,4,130,85,4,208,4208,1,6899465.00,6899465.00,6899465.00,0,REGULAÇÃO DE CONCESSÕES E PPPS,PROMOÇÃO DE CONCESSÕES E PARCERIAS
2025,1300,"SECRETARIA DE ESTADO DE INFRAESTRUTURA, MOBILIDADE E PARCERIA - SEINFRA",3,0,1301,"SECRETARIA DE ESTADO DE INFRAESTRUTURA, MOBILIDADE E PARCERIAS - SEINFRA",4,4,90,39,60,2,10486,4,130,85,4,208,4208,1,33408893.00,33408893.00,33408893.00,0,REGULAÇÃO DE CONCESSÕES E PPPS,PROMOÇÃO DE CONCESSÕES E PARCERIAS
2025,1300,"SECRETARIA DE ESTADO DE INFRAESTRUTURA, MOBILIDADE E PARCERIA - SEINFRA",3,0,1301,"SECRETARIA DE ESTADO DE INFRAESTRUTURA, MOBILIDADE E PARCERIAS - SEINFRA",3,3,90,35,10,1,10535,4,130,85,4,253,4253,1,3729802.00,3729802.00,3729802.00,0,GESTÃO DE CONCESSÕES E PARCERIAS DE EQUIPAMENTOS PÚBLICOS,PROMOÇÃO DE CONCESSÕES E PARCERIAS
2025,1300,"SECRETARIA DE ESTADO DE INFRAESTRUTURA, MOBILIDADE E PARCERIA - SEINFRA",3,0,1301,"SECRETARIA DE ESTADO DE INFRAESTRUTURA, MOBILIDADE E PARCERIAS - SEINFRA",3,3,90,39,10,1,10535,4,130,85,4,253,4253,1,300000.00,300000.00,300000.00,0,GESTÃO DE CONCESSÕES E PARCERIAS DE EQUIPAMENTOS PÚBLICOS,PROMOÇÃO DE CONCESSÕES E PARCERIAS
2025,1300,"SECRETARIA DE ESTADO DE INFRAESTRUTURA, MOBILIDADE E PARCERIA - SEINFRA",3,0,1301,"SECRETARIA DE ESTADO DE INFRAESTRUTURA, MOBILIDADE E PARCERIAS - SEINFRA",4,4,90,51,10,1,10535,4,130,85,4,253,4253,1,200000.00,200000.00,200000.00,0,GESTÃO DE CONCESSÕES E PARCERIAS DE EQUIPAMENTOS PÚBLICOS,PROMOÇÃO DE CONCESSÕES E PARCERIAS
2025,1300,"SECRETARIA DE ESTADO DE INFRAESTRUTURA, MOBILIDADE E PARCERIA - SEINFRA",3,0,1301,"SECRETARIA DE ESTADO DE INFRAESTRUTURA, MOBILIDADE E PARCERIAS - SEINFRA",3,3,90,39,10,1,10659,4,130,85,4,345,4345,1,3535668.00,3535668.00,3535668.00,0,GESTÃO DO RODOANEL METROPOLITANO,PROMOÇÃO DE CONCESSÕES E PARCERIAS
2025,1300,"SECRETARIA DE ESTADO DE INFRAESTRUTURA, MOBILIDADE E PARCERIA - SEINFRA",3,0,1301,"SECRETARIA DE ESTADO DE INFRAESTRUTURA, MOBILIDADE E PARCERIAS - SEINFRA",4,4,90,39,60,2,10659,4,130,85,4,345,4345,1,2137401.00,2137401.00,2137401.00,0,GESTÃO DO RODOANEL METROPOLITANO,PROMOÇÃO DE CONCESSÕES E PARCERIAS
2025,1300,"SECRETARIA DE ESTADO DE INFRAESTRUTURA, MOBILIDADE E PARCERIA - SEINFRA",3,0,1301,"SECRETARIA DE ESTADO DE INFRAESTRUTURA, MOBILIDADE E PARCERIAS - SEINFRA",4,4,90,61,95,1,10659,4,130,85,4,345,4345,1,87053233.00,87053233.00,87053233.00,0,GESTÃO DO RODOANEL METROPOLITANO,PROMOÇÃO DE CONCESSÕES E PARCERIAS
2025,1300,"SECRETARIA DE ESTADO DE INFRAESTRUTURA, MOBILIDADE E PARCERIA - SEINFRA",3,0,1301,"SECRETARIA DE ESTADO DE INFRAESTRUTURA, MOBILIDADE E PARCERIAS - SEINFRA",3,3,90,27,10,1,10660,4,130,85,4,346,4346,1,38251585.00,38251585.00,38251585.00,0,METRÔ DA RMBH,PROMOÇÃO DE CONCESSÕES E PARCERIAS
2025,1300,"SECRETARIA DE ESTADO DE INFRAESTRUTURA, MOBILIDADE E PARCERIA - SEINFRA",3,0,1301,"SECRETARIA DE ESTADO DE INFRAESTRUTURA, MOBILIDADE E PARCERIAS - SEINFRA",4,4,90,51,10,3,10660,4,130,85,4,346,4346,1,38627488.00,38627488.00,38627488.00,0,METRÔ DA RMBH,PROMOÇÃO DE CONCESSÕES E PARCERIAS
2025,1300,"SECRETARIA DE ESTADO DE INFRAESTRUTURA, MOBILIDADE E PARCERIA - SEINFRA",3,0,1301,"SECRETARIA DE ESTADO DE INFRAESTRUTURA, MOBILIDADE E PARCERIAS - SEINFRA",4,4,90,51,24,1,10660,4,130,85,4,346,4346,1,1483660365.00,1483660365.00,1483660365.00,0,METRÔ DA RMBH,PROMOÇÃO DE CONCESSÕES E PARCERIAS
2025,1300,"SECRETARIA DE ESTADO DE INFRAESTRUTURA, MOBILIDADE E PARCERIA - SEINFRA",3,0,1301,"SECRETARIA DE ESTADO DE INFRAESTRUTURA, MOBILIDADE E PARCERIAS - SEINFRA",4,4,90,39,10,1,11204,4,130,85,4,503,4503,1,1000.00,1000.00,1000.00,0,GESTÃO DE CONCESSÕES DO TRANSPORTE COLETIVO E TERMINAIS,PROMOÇÃO DE CONCESSÕES E PARCERIAS
2025,1300,"SECRETARIA DE ESTADO DE INFRAESTRUTURA, MOBILIDADE E PARCERIA - SEINFRA",3,0,1301,"SECRETARIA DE ESTADO DE INFRAESTRUTURA, MOBILIDADE E PARCERIAS - SEINFRA",4,4,90,39,10,1,10556,8,182,47,4,266,4266,1,1000.00,1000.00,1000.00,0,ASSISTENCIA EMERGENCIAL A MUNICIPIOS ATINGIDOS PELAS CHUVAS,SUPORTE ÀS AÇÕES DE COMBATE E RESPOSTA AOS DANOS CAUSADOS PELAS CHUVAS
2025,1300,"SECRETARIA DE ESTADO DE INFRAESTRUTURA, MOBILIDADE E PARCERIA - SEINFRA",3,0,1301,"SECRETARIA DE ESTADO DE INFRAESTRUTURA, MOBILIDADE E PARCERIAS - SEINFRA",3,3,90,14,10,1,9072,15,122,705,2,500,2500,1,256010.00,256010.00,256010.00,0,ASSESSORAMENTO E GERENCIAMENTO DE POLÍTICAS PÚBLICAS,APOIO ÀS POLÍTICAS PÚBLICAS
2025,1300,"SECRETARIA DE ESTADO DE INFRAESTRUTURA, MOBILIDADE E PARCERIA - SEINFRA",3,0,1301,"SECRETARIA DE ESTADO DE INFRAESTRUTURA, MOBILIDADE E PARCERIAS - SEINFRA",3,3,90,30,10,1,9072,15,122,705,2,500,2500,1,1200.00,1200.00,1200.00,0,ASSESSORAMENTO E GERENCIAMENTO DE POLÍTICAS PÚBLICAS,APOIO ÀS POLÍTICAS PÚBLICAS
2025,1300,"SECRETARIA DE ESTADO DE INFRAESTRUTURA, MOBILIDADE E PARCERIA - SEINFRA",3,0,1301,"SECRETARIA DE ESTADO DE INFRAESTRUTURA, MOBILIDADE E PARCERIAS - SEINFRA",3,3,90,33,10,1,9072,15,122,705,2,500,2500,1,864000.00,864000.00,864000.00,0,ASSESSORAMENTO E GERENCIAMENTO DE POLÍTICAS PÚBLICAS,APOIO ÀS POLÍTICAS PÚBLICAS
2025,1300,"SECRETARIA DE ESTADO DE INFRAESTRUTURA, MOBILIDADE E PARCERIA - SEINFRA",3,0,1301,"SECRETARIA DE ESTADO DE INFRAESTRUTURA, MOBILIDADE E PARCERIAS - SEINFRA",3,3,90,37,10,1,9072,15,122,705,2,500,2500,1,16305532.00,16305532.00,16305532.00,0,ASSESSORAMENTO E GERENCIAMENTO DE POLÍTICAS PÚBLICAS,APOIO ÀS POLÍTICAS PÚBLICAS
2025,1300,"SECRETARIA DE ESTADO DE INFRAESTRUTURA, MOBILIDADE E PARCERIA - SEINFRA",3,0,1301,"SECRETARIA DE ESTADO DE INFRAESTRUTURA, MOBILIDADE E PARCERIAS - SEINFRA",3,3,90,39,10,1,9072,15,122,705,2,500,2500,1,1620908.00,1620908.00,1620908.00,0,ASSESSORAMENTO E GERENCIAMENTO DE POLÍTICAS PÚBLICAS,APOIO ÀS POLÍTICAS PÚBLICAS
2025,1300,"SECRETARIA DE ESTADO DE INFRAESTRUTURA, MOBILIDADE E PARCERIA - SEINFRA",3,0,1301,"SECRETARIA DE ESTADO DE INFRAESTRUTURA, MOBILIDADE E PARCERIAS - SEINFRA",3,3,90,40,10,1,9072,15,122,705,2,500,2500,1,3314564.00,3314564.00,3314564.00,0,ASSESSORAMENTO E GERENCIAMENTO DE POLÍTICAS PÚBLICAS,APOIO ÀS POLÍTICAS PÚBLICAS
2025,1300,"SECRETARIA DE ESTADO DE INFRAESTRUTURA, MOBILIDADE E PARCERIA - SEINFRA",3,0,1301,"SECRETARIA DE ESTADO DE INFRAESTRUTURA, MOBILIDADE E PARCERIAS - SEINFRA",4,4,90,40,10,1,9072,15,122,705,2,500,2500,1,5983374.00,5983374.00,5983374.00,0,ASSESSORAMENTO E GERENCIAMENTO DE POLÍTICAS PÚBLICAS,APOIO ÀS POLÍTICAS PÚBLICAS
2025,1300,"SECRETARIA DE ESTADO DE INFRAESTRUTURA, MOBILIDADE E PARCERIA - SEINFRA",3,0,1301,"SECRETARIA DE ESTADO DE INFRAESTRUTURA, MOBILIDADE E PARCERIAS - SEINFRA",4,4,90,52,10,1,9072,15,122,705,2,500,2500,1,68792.00,68792.00,68792.00,0,ASSESSORAMENTO E GERENCIAMENTO DE POLÍTICAS PÚBLICAS,APOIO ÀS POLÍTICAS PÚBLICAS
2025,1300,"SECRETARIA DE ESTADO DE INFRAESTRUTURA, MOBILIDADE E PARCERIA - SEINFRA",3,0,1301,"SECRETARIA DE ESTADO DE INFRAESTRUTURA, MOBILIDADE E PARCERIAS - SEINFRA",3,3,20,93,24,1,10547,15,451,81,1,37,1037,1,434000.00,434000.00,434000.00,0,"INTERVENÇÕES NA INFRAESTRUTURA RODOVIARIA ESTADUAL, MUNICIPAL E REGIONAL",DESENVOLVIMENTO SUSTENTÁVEL DA INFRAESTRUTURA RODOVIÁRIA
2025,1300,"SECRETARIA DE ESTADO DE INFRAESTRUTURA, MOBILIDADE E PARCERIA - SEINFRA",3,0,1301,"SECRETARIA DE ESTADO DE INFRAESTRUTURA, MOBILIDADE E PARCERIAS - SEINFRA",4,4,90,39,10,1,10547,15,451,81,1,37,1037,1,8480862.00,8480862.00,8480862.00,0,"INTERVENÇÕES NA INFRAESTRUTURA RODOVIARIA ESTADUAL, MUNICIPAL E REGIONAL",DESENVOLVIMENTO SUSTENTÁVEL DA INFRAESTRUTURA RODOVIÁRIA
2025,1300,"SECRETARIA DE ESTADO DE INFRAESTRUTURA, MOBILIDADE E PARCERIA - SEINFRA",3,0,1301,"SECRETARIA DE ESTADO DE INFRAESTRUTURA, MOBILIDADE E PARCERIAS - SEINFRA",4,4,90,51,10,1,10547,15,451,81,1,37,1037,1,17853021.00,17853021.00,17853021.00,0,"INTERVENÇÕES NA INFRAESTRUTURA RODOVIARIA ESTADUAL, MUNICIPAL E REGIONAL",DESENVOLVIMENTO SUSTENTÁVEL DA INFRAESTRUTURA RODOVIÁRIA
2025,1300,"SECRETARIA DE ESTADO DE INFRAESTRUTURA, MOBILIDADE E PARCERIA - SEINFRA",3,0,1301,"SECRETARIA DE ESTADO DE INFRAESTRUTURA, MOBILIDADE E PARCERIAS - SEINFRA",4,4,90,51,10,3,10547,15,451,81,1,37,1037,1,837000.00,837000.00,837000.00,0,"INTERVENÇÕES NA INFRAESTRUTURA RODOVIARIA ESTADUAL, MUNICIPAL E REGIONAL",DESENVOLVIMENTO SUSTENTÁVEL DA INFRAESTRUTURA RODOVIÁRIA
2025,1300,"SECRETARIA DE ESTADO DE INFRAESTRUTURA, MOBILIDADE E PARCERIA - SEINFRA",3,0,1301,"SECRETARIA DE ESTADO DE INFRAESTRUTURA, MOBILIDADE E PARCERIAS - SEINFRA",4,4,90,51,24,1,10547,15,451,81,1,37,1037,1,78296606.00,78296606.00,78296606.00,0,"INTERVENÇÕES NA INFRAESTRUTURA RODOVIARIA ESTADUAL, MUNICIPAL E REGIONAL",DESENVOLVIMENTO SUSTENTÁVEL DA INFRAESTRUTURA RODOVIÁRIA
2025,1300,"SECRETARIA DE ESTADO DE INFRAESTRUTURA, MOBILIDADE E PARCERIA - SEINFRA",3,0,1301,"SECRETARIA DE ESTADO DE INFRAESTRUTURA, MOBILIDADE E PARCERIAS - SEINFRA",4,4,90,51,32,1,10547,15,451,81,1,37,1037,1,22505416.00,22505416.00,22505416.00,0,"INTERVENÇÕES NA INFRAESTRUTURA RODOVIARIA ESTADUAL, MUNICIPAL E REGIONAL",DESENVOLVIMENTO SUSTENTÁVEL DA INFRAESTRUTURA RODOVIÁRIA
2025,1300,"SECRETARIA DE ESTADO DE INFRAESTRUTURA, MOBILIDADE E PARCERIA - SEINFRA",3,0,1301,"SECRETARIA DE ESTADO DE INFRAESTRUTURA, MOBILIDADE E PARCERIAS - SEINFRA",3,3,20,93,24,1,10539,15,451,99,1,35,1035,1,1750000.00,1750000.00,1750000.00,0,REQUALIFICAÇÃO URBANA E AMBIENTAL DO RIBEIRÃO ARRUDAS - PAC ARRUDAS COMPLEMENTO,"DESENVOLVIMENTO DA INFRAESTRUTURA ESTADUAL, MUNICIPAL E REGIONAL"
2025,1300,"SECRETARIA DE ESTADO DE INFRAESTRUTURA, MOBILIDADE E PARCERIA - SEINFRA",3,0,1301,"SECRETARIA DE ESTADO DE INFRAESTRUTURA, MOBILIDADE E PARCERIAS - SEINFRA",4,4,90,51,32,1,10539,15,451,99,1,35,1035,1,2603633.00,2603633.00,2603633.00,0,REQUALIFICAÇÃO URBANA E AMBIENTAL DO RIBEIRÃO ARRUDAS - PAC ARRUDAS COMPLEMENTO,"DESENVOLVIMENTO DA INFRAESTRUTURA ESTADUAL, MUNICIPAL E REGIONAL"
2025,1300,"SECRETARIA DE ESTADO DE INFRAESTRUTURA, MOBILIDADE E PARCERIA - SEINFRA",3,0,1301,"SECRETARIA DE ESTADO DE INFRAESTRUTURA, MOBILIDADE E PARCERIAS - SEINFRA",4,4,90,61,10,1,10539,15,451,99,1,35,1035,1,500000.00,500000.00,500000.00,0,REQUALIFICAÇÃO URBANA E AMBIENTAL DO RIBEIRÃO ARRUDAS - PAC ARRUDAS COMPLEMENTO,"DESENVOLVIMENTO DA INFRAESTRUTURA ESTADUAL, MUNICIPAL E REGIONAL"
2025,1300,"SECRETARIA DE ESTADO DE INFRAESTRUTURA, MOBILIDADE E PARCERIA - SEINFRA",3,0,1301,"SECRETARIA DE ESTADO DE INFRAESTRUTURA, MOBILIDADE E PARCERIAS - SEINFRA",4,4,90,39,10,1,10540,15,451,99,1,36,1036,1,4120510.00,4120510.00,4120510.00,0,CONTENÇÃO DE ENCOSTAS EM ÁREAS DE RISCO - PAC ENCOSTAS,"DESENVOLVIMENTO DA INFRAESTRUTURA ESTADUAL, MUNICIPAL E REGIONAL"
2025,1300,"SECRETARIA DE ESTADO DE INFRAESTRUTURA, MOBILIDADE E PARCERIA - SEINFRA",3,0,1301,"SECRETARIA DE ESTADO DE INFRAESTRUTURA, MOBILIDADE E PARCERIAS - SEINFRA",4,4,90,51,10,1,10540,15,451,99,1,36,1036,1,13557699.00,13557699.00,13557699.00,0,CONTENÇÃO DE ENCOSTAS EM ÁREAS DE RISCO - PAC ENCOSTAS,"DESENVOLVIMENTO DA INFRAESTRUTURA ESTADUAL, MUNICIPAL E REGIONAL"
2025,1300,"SECRETARIA DE ESTADO DE INFRAESTRUTURA, MOBILIDADE E PARCERIA - SEINFRA",3,0,1301,"SECRETARIA DE ESTADO DE INFRAESTRUTURA, MOBILIDADE E PARCERIAS - SEINFRA",4,4,90,51,24,1,10540,15,451,99,1,36,1036,1,39869417.00,39869417.00,39869417.00,0,CONTENÇÃO DE ENCOSTAS EM ÁREAS DE RISCO - PAC ENCOSTAS,"DESENVOLVIMENTO DA INFRAESTRUTURA ESTADUAL, MUNICIPAL E REGIONAL"
2025,1300,"SECRETARIA DE ESTADO DE INFRAESTRUTURA, MOBILIDADE E PARCERIA - SEINFRA",3,0,1301,"SECRETARIA DE ESTADO DE INFRAESTRUTURA, MOBILIDADE E PARCERIAS - SEINFRA",3,3,20,93,24,1,10549,15,451,99,1,38,1038,1,258000.00,258000.00,258000.00,0,REQUALIFICAÇÃO URBANA E AMBIENTAL DO RIBEIRÃO ARRUDAS - PAC FNHIS,"DESENVOLVIMENTO DA INFRAESTRUTURA ESTADUAL, MUNICIPAL E REGIONAL"
2025,1300,"SECRETARIA DE ESTADO DE INFRAESTRUTURA, MOBILIDADE E PARCERIA - SEINFRA",3,0,1301,"SECRETARIA DE ESTADO DE INFRAESTRUTURA, MOBILIDADE E PARCERIAS - SEINFRA",3,3,90,36,10,1,10549,15,451,99,1,38,1038,1,20000.00,20000.00,20000.00,0,REQUALIFICAÇÃO URBANA E AMBIENTAL DO RIBEIRÃO ARRUDAS - PAC FNHIS,"DESENVOLVIMENTO DA INFRAESTRUTURA ESTADUAL, MUNICIPAL E REGIONAL"
2025,1300,"SECRETARIA DE ESTADO DE INFRAESTRUTURA, MOBILIDADE E PARCERIA - SEINFRA",3,0,1301,"SECRETARIA DE ESTADO DE INFRAESTRUTURA, MOBILIDADE E PARCERIAS - SEINFRA",3,3,90,93,10,1,10549,15,451,99,1,38,1038,1,240000.00,240000.00,240000.00,0,REQUALIFICAÇÃO URBANA E AMBIENTAL DO RIBEIRÃO ARRUDAS - PAC FNHIS,"DESENVOLVIMENTO DA INFRAESTRUTURA ESTADUAL, MUNICIPAL E REGIONAL"
2025,1300,"SECRETARIA DE ESTADO DE INFRAESTRUTURA, MOBILIDADE E PARCERIA - SEINFRA",3,0,1301,"SECRETARIA DE ESTADO DE INFRAESTRUTURA, MOBILIDADE E PARCERIAS - SEINFRA",4,4,90,51,24,1,10549,15,451,99,1,38,1038,1,2244689.00,2244689.00,2244689.00,0,REQUALIFICAÇÃO URBANA E AMBIENTAL DO RIBEIRÃO ARRUDAS - PAC FNHIS,"DESENVOLVIMENTO DA INFRAESTRUTURA ESTADUAL, MUNICIPAL E REGIONAL"
2025,1300,"SECRETARIA DE ESTADO DE INFRAESTRUTURA, MOBILIDADE E PARCERIA - SEINFRA",3,0,1301,"SECRETARIA DE ESTADO DE INFRAESTRUTURA, MOBILIDADE E PARCERIAS - SEINFRA",4,4,90,51,32,1,10549,15,451,99,1,38,1038,1,1611695.00,1611695.00,1611695.00,0,REQUALIFICAÇÃO URBANA E AMBIENTAL DO RIBEIRÃO ARRUDAS - PAC FNHIS,"DESENVOLVIMENTO DA INFRAESTRUTURA ESTADUAL, MUNICIPAL E REGIONAL"
2025,1300,"SECRETARIA DE ESTADO DE INFRAESTRUTURA, MOBILIDADE E PARCERIA - SEINFRA",3,0,1301,"SECRETARIA DE ESTADO DE INFRAESTRUTURA, MOBILIDADE E PARCERIAS - SEINFRA",4,4,90,61,10,1,10549,15,451,99,1,38,1038,1,300000.00,300000.00,300000.00,0,REQUALIFICAÇÃO URBANA E AMBIENTAL DO RIBEIRÃO ARRUDAS - PAC FNHIS,"DESENVOLVIMENTO DA INFRAESTRUTURA ESTADUAL, MUNICIPAL E REGIONAL"
2025,1300,"SECRETARIA DE ESTADO DE INFRAESTRUTURA, MOBILIDADE E PARCERIA - SEINFRA",3,0,1301,"SECRETARIA DE ESTADO DE INFRAESTRUTURA, MOBILIDADE E PARCERIAS - SEINFRA",3,3,90,36,10,1,10551,15,451,99,1,39,1039,1,20000.00,20000.00,20000.00,0,REQUALIFICAÇÃO URBANA E AMBIENTAL E CONTROLE DE CHEIAS DO CÓRREGO FERRUGEM - PAC FERRUGEM,"DESENVOLVIMENTO DA INFRAESTRUTURA ESTADUAL, MUNICIPAL E REGIONAL"
2025,1300,"SECRETARIA DE ESTADO DE INFRAESTRUTURA, MOBILIDADE E PARCERIA - SEINFRA",3,0,1301,"SECRETARIA DE ESTADO DE INFRAESTRUTURA, MOBILIDADE E PARCERIAS - SEINFRA",3,3,90,93,10,1,10551,15,451,99,1,39,1039,1,1872000.00,1872000.00,1872000.00,0,REQUALIFICAÇÃO URBANA E AMBIENTAL E CONTROLE DE CHEIAS DO CÓRREGO FERRUGEM - PAC FERRUGEM,"DESENVOLVIMENTO DA INFRAESTRUTURA ESTADUAL, MUNICIPAL E REGIONAL"
2025,1300,"SECRETARIA DE ESTADO DE INFRAESTRUTURA, MOBILIDADE E PARCERIA - SEINFRA",3,0,1301,"SECRETARIA DE ESTADO DE INFRAESTRUTURA, MOBILIDADE E PARCERIAS - SEINFRA",4,4,90,39,10,1,10551,15,451,99,1,39,1039,1,2487171.00,2487171.00,2487171.00,0,REQUALIFICAÇÃO URBANA E AMBIENTAL E CONTROLE DE CHEIAS DO CÓRREGO FERRUGEM - PAC FERRUGEM,"DESENVOLVIMENTO DA INFRAESTRUTURA ESTADUAL, MUNICIPAL E REGIONAL"
2025,1300,"SECRETARIA DE ESTADO DE INFRAESTRUTURA, MOBILIDADE E PARCERIA - SEINFRA",3,0,1301,"SECRETARIA DE ESTADO DE INFRAESTRUTURA, MOBILIDADE E PARCERIAS - SEINFRA",4,4,90,51,32,1,10551,15,451,99,1,39,1039,1,10910176.00,10910176.00,10910176.00,0,REQUALIFICAÇÃO URBANA E AMBIENTAL E CONTROLE DE CHEIAS DO CÓRREGO FERRUGEM - PAC FERRUGEM,"DESENVOLVIMENTO DA INFRAESTRUTURA ESTADUAL, MUNICIPAL E REGIONAL"
2025,1300,"SECRETARIA DE ESTADO DE INFRAESTRUTURA, MOBILIDADE E PARCERIA - SEINFRA",3,0,1301,"SECRETARIA DE ESTADO DE INFRAESTRUTURA, MOBILIDADE E PARCERIAS - SEINFRA",4,4,90,39,10,1,10552,15,451,99,1,40,1040,1,1000.00,1000.00,1000.00,0,REQUALIFICAÇÃO URBANA E AMBIENTAL E CONTROLE DE CHEIAS DO CÓRREGO FERRUGEM - PAC FERRUGEM (VALE),"DESENVOLVIMENTO DA INFRAESTRUTURA ESTADUAL, MUNICIPAL E REGIONAL"
2025,1300,"SECRETARIA DE ESTADO DE INFRAESTRUTURA, MOBILIDADE E PARCERIA - SEINFRA",3,0,1301,"SECRETARIA DE ESTADO DE INFRAESTRUTURA, MOBILIDADE E PARCERIAS - SEINFRA",4,4,90,51,32,1,10553,15,451,99,1,41,1041,1,9405694.00,9405694.00,9405694.00,0,REQUALIFICAÇÃO URBANA E AMBIENTAL E DE CONTROLE DE CHEIAS DO CÓRREGO RIACHO DAS PEDRAS - PAC RIACHO,"DESENVOLVIMENTO DA INFRAESTRUTURA ESTADUAL, MUNICIPAL E REGIONAL"
2025,1300,"SECRETARIA DE ESTADO DE INFRAESTRUTURA, MOBILIDADE E PARCERIA - SEINFRA",3,0,1301,"SECRETARIA DE ESTADO DE INFRAESTRUTURA, MOBILIDADE E PARCERIAS - SEINFRA",4,4,90,39,10,1,10554,15,451,99,1,42,1042,1,1000.00,1000.00,1000.00,0,REQUALIFICAÇÃO URBANA E AMBIENTAL E DE CONTROLE DE CHEIAS DO CÓRREGO RIACHO DAS PEDRAS (VALE),"DESENVOLVIMENTO DA INFRAESTRUTURA ESTADUAL, MUNICIPAL E REGIONAL"
2025,1300,"SECRETARIA DE ESTADO DE INFRAESTRUTURA, MOBILIDADE E PARCERIA - SEINFRA",3,0,1301,"SECRETARIA DE ESTADO DE INFRAESTRUTURA, MOBILIDADE E PARCERIAS - SEINFRA",3,3,90,39,10,1,10545,15,451,99,4,261,4261,1,573000.00,573000.00,573000.00,0,DESENVOLVIMENTO DA INFRAESTRUTURA PÚBLICA NO ESTADO DE MINAS GERAIS,"DESENVOLVIMENTO DA INFRAESTRUTURA ESTADUAL, MUNICIPAL E REGIONAL"
2025,1300,"SECRETARIA DE ESTADO DE INFRAESTRUTURA, MOBILIDADE E PARCERIA - SEINFRA",3,0,1301,"SECRETARIA DE ESTADO DE INFRAESTRUTURA, MOBILIDADE E PARCERIAS - SEINFRA",3,3,90,39,70,1,10545,15,451,99,4,261,4261,1,628677.00,628677.00,628677.00,0,DESENVOLVIMENTO DA INFRAESTRUTURA PÚBLICA NO ESTADO DE MINAS GERAIS,"DESENVOLVIMENTO DA INFRAESTRUTURA ESTADUAL, MUNICIPAL E REGIONAL"
2025,1300,"SECRETARIA DE ESTADO DE INFRAESTRUTURA, MOBILIDADE E PARCERIA - SEINFRA",3,0,1301,"SECRETARIA DE ESTADO DE INFRAESTRUTURA, MOBILIDADE E PARCERIAS - SEINFRA",4,4,90,39,10,1,10545,15,451,99,4,261,4261,1,2561176.00,2561176.00,2561176.00,0,DESENVOLVIMENTO DA INFRAESTRUTURA PÚBLICA NO ESTADO DE MINAS GERAIS,"DESENVOLVIMENTO DA INFRAESTRUTURA ESTADUAL, MUNICIPAL E REGIONAL"
2025,1300,"SECRETARIA DE ESTADO DE INFRAESTRUTURA, MOBILIDADE E PARCERIA - SEINFRA",3,0,1301,"SECRETARIA DE ESTADO DE INFRAESTRUTURA, MOBILIDADE E PARCERIAS - SEINFRA",4,4,90,51,70,1,10545,15,451,99,4,261,4261,1,12553549.00,12553549.00,12553549.00,0,DESENVOLVIMENTO DA INFRAESTRUTURA PÚBLICA NO ESTADO DE MINAS GERAIS,"DESENVOLVIMENTO DA INFRAESTRUTURA ESTADUAL, MUNICIPAL E REGIONAL"
2025,1300,"SECRETARIA DE ESTADO DE INFRAESTRUTURA, MOBILIDADE E PARCERIA - SEINFRA",3,0,1301,"SECRETARIA DE ESTADO DE INFRAESTRUTURA, MOBILIDADE E PARCERIAS - SEINFRA",4,4,40,42,15,1,10546,15,451,99,4,262,4262,1,100000000.00,100000000.00,100000000.00,0,FOMENTO À INFRAESTRUTURA PÚBLICA MUNICIPAL,"DESENVOLVIMENTO DA INFRAESTRUTURA ESTADUAL, MUNICIPAL E REGIONAL"
2025,1300,"SECRETARIA DE ESTADO DE INFRAESTRUTURA, MOBILIDADE E PARCERIA - SEINFRA",3,0,1301,"SECRETARIA DE ESTADO DE INFRAESTRUTURA, MOBILIDADE E PARCERIAS - SEINFRA",4,4,90,51,10,1,10546,15,451,99,4,262,4262,1,7995168.00,7995168.00,7995168.00,0,FOMENTO À INFRAESTRUTURA PÚBLICA MUNICIPAL,"DESENVOLVIMENTO DA INFRAESTRUTURA ESTADUAL, MUNICIPAL E REGIONAL"
2025,1300,"SECRETARIA DE ESTADO DE INFRAESTRUTURA, MOBILIDADE E PARCERIA - SEINFRA",3,0,1301,"SECRETARIA DE ESTADO DE INFRAESTRUTURA, MOBILIDADE E PARCERIAS - SEINFRA",4,4,99,99,10,8,10546,15,451,99,4,262,4262,1,1500000.00,1500000.00,12460368.00,0,FOMENTO À INFRAESTRUTURA PÚBLICA MUNICIPAL,"DESENVOLVIMENTO DA INFRAESTRUTURA ESTADUAL, MUNICIPAL E REGIONAL"
2025,1300,"SECRETARIA DE ESTADO DE INFRAESTRUTURA, MOBILIDADE E PARCERIA - SEINFRA",3,0,1301,"SECRETARIA DE ESTADO DE INFRAESTRUTURA, MOBILIDADE E PARCERIAS - SEINFRA",3,3,90,39,10,1,10555,15,451,99,4,265,4265,1,101000.00,101000.00,101000.00,0,DESENVOLVIMENTO DA INFRAESTRUTURA GOVERNAMENTAL,"DESENVOLVIMENTO DA INFRAESTRUTURA ESTADUAL, MUNICIPAL E REGIONAL"
2025,1300,"SECRETARIA DE ESTADO DE INFRAESTRUTURA, MOBILIDADE E PARCERIA - SEINFRA",3,0,1301,"SECRETARIA DE ESTADO DE INFRAESTRUTURA, MOBILIDADE E PARCERIAS - SEINFRA",3,3,90,47,10,1,10555,15,451,99,4,265,4265,1,200000.00,200000.00,200000.00,0,DESENVOLVIMENTO DA INFRAESTRUTURA GOVERNAMENTAL,"DESENVOLVIMENTO DA INFRAESTRUTURA ESTADUAL, MUNICIPAL E REGIONAL"
2025,1300,"SECRETARIA DE ESTADO DE INFRAESTRUTURA, MOBILIDADE E PARCERIA - SEINFRA",3,0,1301,"SECRETARIA DE ESTADO DE INFRAESTRUTURA, MOBILIDADE E PARCERIAS - SEINFRA",4,4,90,35,10,1,10555,15,451,99,4,265,4265,1,5410361.00,5410361.00,5410361.00,0,DESENVOLVIMENTO DA INFRAESTRUTURA GOVERNAMENTAL,"DESENVOLVIMENTO DA INFRAESTRUTURA ESTADUAL, MUNICIPAL E REGIONAL"
2025,1300,"SECRETARIA DE ESTADO DE INFRAESTRUTURA, MOBILIDADE E PARCERIA - SEINFRA",3,0,1301,"SECRETARIA DE ESTADO DE INFRAESTRUTURA, MOBILIDADE E PARCERIAS - SEINFRA",3,1,90,11,10,1,11110,15,451,705,2,417,2417,1,33171691.00,33171691.00,33171691.00,0,REMUNERAÇÃO DE PESSOAL ATIVO E ENCARGOS SOCIAIS,APOIO ÀS POLÍTICAS PÚBLICAS
2025,1300,"SECRETARIA DE ESTADO DE INFRAESTRUTURA, MOBILIDADE E PARCERIA - SEINFRA",3,0,1301,"SECRETARIA DE ESTADO DE INFRAESTRUTURA, MOBILIDADE E PARCERIAS - SEINFRA",3,1,90,13,10,1,11110,15,451,705,2,417,2417,1,2589197.00,2589197.00,2589197.00,0,REMUNERAÇÃO DE PESSOAL ATIVO E ENCARGOS SOCIAIS,APOIO ÀS POLÍTICAS PÚBLICAS
2025,1300,"SECRETARIA DE ESTADO DE INFRAESTRUTURA, MOBILIDADE E PARCERIA - SEINFRA",3,0,1301,"SECRETARIA DE ESTADO DE INFRAESTRUTURA, MOBILIDADE E PARCERIAS - SEINFRA",3,1,91,13,10,1,11110,15,451,705,2,417,2417,1,9279537.00,9279537.00,9279537.00,0,REMUNERAÇÃO DE PESSOAL ATIVO E ENCARGOS SOCIAIS,APOIO ÀS POLÍTICAS PÚBLICAS
2025,1300,"SECRETARIA DE ESTADO DE INFRAESTRUTURA, MOBILIDADE E PARCERIA - SEINFRA",3,0,1301,"SECRETARIA DE ESTADO DE INFRAESTRUTURA, MOBILIDADE E PARCERIAS - SEINFRA",3,3,90,46,10,7,11110,15,451,705,2,417,2417,1,8406268.00,8406268.00,8406268.00,0,REMUNERAÇÃO DE PESSOAL ATIVO E ENCARGOS SOCIAIS,APOIO ÀS POLÍTICAS PÚBLICAS
2025,1300,"SECRETARIA DE ESTADO DE INFRAESTRUTURA, MOBILIDADE E PARCERIA - SEINFRA",3,0,1301,"SECRETARIA DE ESTADO DE INFRAESTRUTURA, MOBILIDADE E PARCERIAS - SEINFRA",3,3,90,49,10,7,11110,15,451,705,2,417,2417,1,332640.00,332640.00,332640.00,0,REMUNERAÇÃO DE PESSOAL ATIVO E ENCARGOS SOCIAIS,APOIO ÀS POLÍTICAS PÚBLICAS
2025,1300,"SECRETARIA DE ESTADO DE INFRAESTRUTURA, MOBILIDADE E PARCERIA - SEINFRA",3,0,1301,"SECRETARIA DE ESTADO DE INFRAESTRUTURA, MOBILIDADE E PARCERIAS - SEINFRA",3,3,90,39,10,1,10585,26,453,117,4,290,4290,1,36000.00,36000.00,36000.00,0,MELHORIA DA MOBILIDADE E INFRAESTRUTURA DE TRANSPORTES EM MINAS GERAIS,"MOBILIDADE, TRANSPORTES E LOGÍSTICA"
2025,1300,"SECRETARIA DE ESTADO DE INFRAESTRUTURA, MOBILIDADE E PARCERIA - SEINFRA",3,0,1301,"SECRETARIA DE ESTADO DE INFRAESTRUTURA, MOBILIDADE E PARCERIAS - SEINFRA",4,4,90,51,10,3,10585,26,453,117,4,290,4290,1,2511303.00,2511303.00,2511303.00,0,MELHORIA DA MOBILIDADE E INFRAESTRUTURA DE TRANSPORTES EM MINAS GERAIS,"MOBILIDADE, TRANSPORTES E LOGÍSTICA"
2025,1300,"SECRETARIA DE ESTADO DE INFRAESTRUTURA, MOBILIDADE E PARCERIA - SEINFRA",3,0,1301,"SECRETARIA DE ESTADO DE INFRAESTRUTURA, MOBILIDADE E PARCERIAS - SEINFRA",4,4,90,51,24,1,10585,26,453,117,4,290,4290,1,125565148.00,125565148.00,125565148.00,0,MELHORIA DA MOBILIDADE E INFRAESTRUTURA DE TRANSPORTES EM MINAS GERAIS,"MOBILIDADE, TRANSPORTES E LOGÍSTICA"
2025,1300,"SECRETARIA DE ESTADO DE INFRAESTRUTURA, MOBILIDADE E PARCERIA - SEINFRA",3,0,1301,"SECRETARIA DE ESTADO DE INFRAESTRUTURA, MOBILIDADE E PARCERIAS - SEINFRA",4,4,99,99,10,8,10585,26,453,117,4,290,4290,1,1000.00,1000.00,1000.00,0,MELHORIA DA MOBILIDADE E INFRAESTRUTURA DE TRANSPORTES EM MINAS GERAIS,"MOBILIDADE, TRANSPORTES E LOGÍSTICA"
2025,1300,"SECRETARIA DE ESTADO DE INFRAESTRUTURA, MOBILIDADE E PARCERIA - SEINFRA",3,0,1301,"SECRETARIA DE ESTADO DE INFRAESTRUTURA, MOBILIDADE E PARCERIAS - SEINFRA",3,3,99,99,10,4,10586,26,572,117,4,291,4291,1,160000.00,160000.00,160000.00,0,"PESQUISA E DESENVOLVIMENTO TECNOLÓGICO EM TRANSPORTES, LOGÍSTICA E MOBILIDADE","MOBILIDADE, TRANSPORTES E LOGÍSTICA"
2025,1300,"SECRETARIA DE ESTADO DE INFRAESTRUTURA, MOBILIDADE E PARCERIA - SEINFRA",3,0,1301,"SECRETARIA DE ESTADO DE INFRAESTRUTURA, MOBILIDADE E PARCERIAS - SEINFRA",4,4,90,39,10,1,10586,26,572,117,4,291,4291,1,1000.00,1000.00,1000.00,0,"PESQUISA E DESENVOLVIMENTO TECNOLÓGICO EM TRANSPORTES, LOGÍSTICA E MOBILIDADE","MOBILIDADE, TRANSPORTES E LOGÍSTICA"
2025,1300,"SECRETARIA DE ESTADO DE INFRAESTRUTURA, MOBILIDADE E PARCERIA - SEINFRA",3,0,1301,"SECRETARIA DE ESTADO DE INFRAESTRUTURA, MOBILIDADE E PARCERIAS - SEINFRA",3,3,90,39,73,1,10587,26,781,117,4,292,4292,1,31000.00,31000.00,31000.00,0,GESTÃO DE AEROPORTOS REGIONAIS EM MINAS GERAIS,"MOBILIDADE, TRANSPORTES E LOGÍSTICA"
2025,1300,"SECRETARIA DE ESTADO DE INFRAESTRUTURA, MOBILIDADE E PARCERIA - SEINFRA",3,0,1301,"SECRETARIA DE ESTADO DE INFRAESTRUTURA, MOBILIDADE E PARCERIAS - SEINFRA",4,4,90,39,10,1,10587,26,781,117,4,292,4292,1,1000.00,1000.00,1000.00,0,GESTÃO DE AEROPORTOS REGIONAIS EM MINAS GERAIS,"MOBILIDADE, TRANSPORTES E LOGÍSTICA"
2025,1300,"SECRETARIA DE ESTADO DE INFRAESTRUTURA, MOBILIDADE E PARCERIA - SEINFRA",3,0,1301,"SECRETARIA DE ESTADO DE INFRAESTRUTURA, MOBILIDADE E PARCERIAS - SEINFRA",4,4,90,39,10,1,11202,26,783,117,4,501,4501,1,1000.00,1000.00,1000.00,0,TRANSPORTE FERROVIÁRIO,"MOBILIDADE, TRANSPORTES E LOGÍSTICA"
2025,1300,"SECRETARIA DE ESTADO DE INFRAESTRUTURA, MOBILIDADE E PARCERIA - SEINFRA",3,0,2301,DEPARTAMENTO DE ESTRADAS DE RODAGEM DO ESTADO DE MINAS GERAIS - DER-MG,3,3,90,14,10,1,9358,26,122,705,2,500,2500,1,611943.00,611943.00,611943.00,0,ASSESSORAMENTO E GERENCIAMENTO DE POLÍTICAS PÚBLICAS,APOIO ÀS POLÍTICAS PÚBLICAS
2025,1300,"SECRETARIA DE ESTADO DE INFRAESTRUTURA, MOBILIDADE E PARCERIA - SEINFRA",3,0,2301,DEPARTAMENTO DE ESTRADAS DE RODAGEM DO ESTADO DE MINAS GERAIS - DER-MG,3,3,90,30,10,1,9358,26,122,705,2,500,2500,1,938905.00,938905.00,938905.00,0,ASSESSORAMENTO E GERENCIAMENTO DE POLÍTICAS PÚBLICAS,APOIO ÀS POLÍTICAS PÚBLICAS
2025,1300,"SECRETARIA DE ESTADO DE INFRAESTRUTURA, MOBILIDADE E PARCERIA - SEINFRA",3,0,2301,DEPARTAMENTO DE ESTRADAS DE RODAGEM DO ESTADO DE MINAS GERAIS - DER-MG,3,3,90,33,10,1,9358,26,122,705,2,500,2500,1,289414.00,289414.00,289414.00,0,ASSESSORAMENTO E GERENCIAMENTO DE POLÍTICAS PÚBLICAS,APOIO ÀS POLÍTICAS PÚBLICAS
2025,1300,"SECRETARIA DE ESTADO DE INFRAESTRUTURA, MOBILIDADE E PARCERIA - SEINFRA",3,0,2301,DEPARTAMENTO DE ESTRADAS DE RODAGEM DO ESTADO DE MINAS GERAIS - DER-MG,3,3,90,36,10,1,9358,26,122,705,2,500,2500,1,20739.00,20739.00,20739.00,0,ASSESSORAMENTO E GERENCIAMENTO DE POLÍTICAS PÚBLICAS,APOIO ÀS POLÍTICAS PÚBLICAS
2025,1300,"SECRETARIA DE ESTADO DE INFRAESTRUTURA, MOBILIDADE E PARCERIA - SEINFRA",3,0,2301,DEPARTAMENTO DE ESTRADAS DE RODAGEM DO ESTADO DE MINAS GERAIS - DER-MG,3,3,90,37,10,1,9358,26,122,705,2,500,2500,1,19261869.00,19261869.00,19261869.00,0,ASSESSORAMENTO E GERENCIAMENTO DE POLÍTICAS PÚBLICAS,APOIO ÀS POLÍTICAS PÚBLICAS
2025,1300,"SECRETARIA DE ESTADO DE INFRAESTRUTURA, MOBILIDADE E PARCERIA - SEINFRA",3,0,2301,DEPARTAMENTO DE ESTRADAS DE RODAGEM DO ESTADO DE MINAS GERAIS - DER-MG,3,3,90,39,10,1,9358,26,122,705,2,500,2500,1,13033996.00,13033996.00,13033996.00,0,ASSESSORAMENTO E GERENCIAMENTO DE POLÍTICAS PÚBLICAS,APOIO ÀS POLÍTICAS PÚBLICAS
2025,1300,"SECRETARIA DE ESTADO DE INFRAESTRUTURA, MOBILIDADE E PARCERIA - SEINFRA",3,0,2301,DEPARTAMENTO DE ESTRADAS DE RODAGEM DO ESTADO DE MINAS GERAIS - DER-MG,3,3,90,40,10,1,9358,26,122,705,2,500,2500,1,35539828.00,35539828.00,35539828.00,0,ASSESSORAMENTO E GERENCIAMENTO DE POLÍTICAS PÚBLICAS,APOIO ÀS POLÍTICAS PÚBLICAS
2025,1300,"SECRETARIA DE ESTADO DE INFRAESTRUTURA, MOBILIDADE E PARCERIA - SEINFRA",3,0,2301,DEPARTAMENTO DE ESTRADAS DE RODAGEM DO ESTADO DE MINAS GERAIS - DER-MG,3,3,90,47,10,1,9358,26,122,705,2,500,2500,1,13558511.00,13558511.00,13558511.00,0,ASSESSORAMENTO E GERENCIAMENTO DE POLÍTICAS PÚBLICAS,APOIO ÀS POLÍTICAS PÚBLICAS
2025,1300,"SECRETARIA DE ESTADO DE INFRAESTRUTURA, MOBILIDADE E PARCERIA - SEINFRA",3,0,2301,DEPARTAMENTO DE ESTRADAS DE RODAGEM DO ESTADO DE MINAS GERAIS - DER-MG,4,4,90,40,10,1,9358,26,122,705,2,500,2500,1,1831069.00,1831069.00,1831069.00,0,ASSESSORAMENTO E GERENCIAMENTO DE POLÍTICAS PÚBLICAS,APOIO ÀS POLÍTICAS PÚBLICAS
2025,1300,"SECRETARIA DE ESTADO DE INFRAESTRUTURA, MOBILIDADE E PARCERIA - SEINFRA",3,0,2301,DEPARTAMENTO DE ESTRADAS DE RODAGEM DO ESTADO DE MINAS GERAIS - DER-MG,4,4,90,52,10,1,9358,26,122,705,2,500,2500,1,4779334.00,4779334.00,4779334.00,0,ASSESSORAMENTO E GERENCIAMENTO DE POLÍTICAS PÚBLICAS,APOIO ÀS POLÍTICAS PÚBLICAS
2025,1300,"SECRETARIA DE ESTADO DE INFRAESTRUTURA, MOBILIDADE E PARCERIA - SEINFRA",3,0,2301,DEPARTAMENTO DE ESTRADAS DE RODAGEM DO ESTADO DE MINAS GERAIS - DER-MG,4,4,90,52,47,1,9358,26,122,705,2,500,2500,1,1115301.00,1115301.00,1115301.00,0,ASSESSORAMENTO E GERENCIAMENTO DE POLÍTICAS PÚBLICAS,APOIO ÀS POLÍTICAS PÚBLICAS
2025,1300,"SECRETARIA DE ESTADO DE INFRAESTRUTURA, MOBILIDADE E PARCERIA - SEINFRA",3,0,2301,DEPARTAMENTO DE ESTRADAS DE RODAGEM DO ESTADO DE MINAS GERAIS - DER-MG,4,4,90,39,10,1,10574,26,782,47,4,280,4280,1,384256.00,384256.00,384256.00,0,MITIGAÇÃO DE DANOS PONTUAIS NAS RODOVIAS,SUPORTE ÀS AÇÕES DE COMBATE E RESPOSTA AOS DANOS CAUSADOS PELAS CHUVAS
2025,1300,"SECRETARIA DE ESTADO DE INFRAESTRUTURA, MOBILIDADE E PARCERIA - SEINFRA",3,0,2301,DEPARTAMENTO DE ESTRADAS DE RODAGEM DO ESTADO DE MINAS GERAIS - DER-MG,4,4,90,51,10,1,10574,26,782,47,4,280,4280,1,42310815.00,42310815.00,42310815.00,0,MITIGAÇÃO DE DANOS PONTUAIS NAS RODOVIAS,SUPORTE ÀS AÇÕES DE COMBATE E RESPOSTA AOS DANOS CAUSADOS PELAS CHUVAS
2025,1300,"SECRETARIA DE ESTADO DE INFRAESTRUTURA, MOBILIDADE E PARCERIA - SEINFRA",3,0,2301,DEPARTAMENTO DE ESTRADAS DE RODAGEM DO ESTADO DE MINAS GERAIS - DER-MG,3,3,90,30,10,1,11096,26,782,81,4,162,4162,1,150000.00,150000.00,150000.00,0,SUPORTE À GESTÃO DOS ATIVOS RODOVIÁRIOS,DESENVOLVIMENTO SUSTENTÁVEL DA INFRAESTRUTURA RODOVIÁRIA
2025,1300,"SECRETARIA DE ESTADO DE INFRAESTRUTURA, MOBILIDADE E PARCERIA - SEINFRA",3,0,2301,DEPARTAMENTO DE ESTRADAS DE RODAGEM DO ESTADO DE MINAS GERAIS - DER-MG,3,3,90,40,10,1,11096,26,782,81,4,162,4162,1,900000.00,900000.00,900000.00,0,SUPORTE À GESTÃO DOS ATIVOS RODOVIÁRIOS,DESENVOLVIMENTO SUSTENTÁVEL DA INFRAESTRUTURA RODOVIÁRIA
2025,1300,"SECRETARIA DE ESTADO DE INFRAESTRUTURA, MOBILIDADE E PARCERIA - SEINFRA",3,0,2301,DEPARTAMENTO DE ESTRADAS DE RODAGEM DO ESTADO DE MINAS GERAIS - DER-MG,4,4,90,35,10,1,11096,26,782,81,4,162,4162,1,19103958.00,19103958.00,19103958.00,0,SUPORTE À GESTÃO DOS ATIVOS RODOVIÁRIOS,DESENVOLVIMENTO SUSTENTÁVEL DA INFRAESTRUTURA RODOVIÁRIA
2025,1300,"SECRETARIA DE ESTADO DE INFRAESTRUTURA, MOBILIDADE E PARCERIA - SEINFRA",3,0,2301,DEPARTAMENTO DE ESTRADAS DE RODAGEM DO ESTADO DE MINAS GERAIS - DER-MG,4,4,90,39,10,1,11096,26,782,81,4,162,4162,1,36705806.00,36705806.00,36705806.00,0,SUPORTE À GESTÃO DOS ATIVOS RODOVIÁRIOS,DESENVOLVIMENTO SUSTENTÁVEL DA INFRAESTRUTURA RODOVIÁRIA
2025,1300,"SECRETARIA DE ESTADO DE INFRAESTRUTURA, MOBILIDADE E PARCERIA - SEINFRA",3,0,2301,DEPARTAMENTO DE ESTRADAS DE RODAGEM DO ESTADO DE MINAS GERAIS - DER-MG,4,4,90,40,10,1,11096,26,782,81,4,162,4162,1,3074045.00,3074045.00,3074045.00,0,SUPORTE À GESTÃO DOS ATIVOS RODOVIÁRIOS,DESENVOLVIMENTO SUSTENTÁVEL DA INFRAESTRUTURA RODOVIÁRIA
2025,1300,"SECRETARIA DE ESTADO DE INFRAESTRUTURA, MOBILIDADE E PARCERIA - SEINFRA",3,0,2301,DEPARTAMENTO DE ESTRADAS DE RODAGEM DO ESTADO DE MINAS GERAIS - DER-MG,4,4,90,51,10,1,11096,26,782,81,4,162,4162,1,13167160.00,13167160.00,13167160.00,0,SUPORTE À GESTÃO DOS ATIVOS RODOVIÁRIOS,DESENVOLVIMENTO SUSTENTÁVEL DA INFRAESTRUTURA RODOVIÁRIA
2025,1300,"SECRETARIA DE ESTADO DE INFRAESTRUTURA, MOBILIDADE E PARCERIA - SEINFRA",3,0,2301,DEPARTAMENTO DE ESTRADAS DE RODAGEM DO ESTADO DE MINAS GERAIS - DER-MG,3,3,90,14,10,1,10559,26,782,81,4,268,4268,1,160524.00,160524.00,160524.00,0,AMPLIAÇÃO DE CAPACIDADE DA MALHA VIÁRIA,DESENVOLVIMENTO SUSTENTÁVEL DA INFRAESTRUTURA RODOVIÁRIA
2025,1300,"SECRETARIA DE ESTADO DE INFRAESTRUTURA, MOBILIDADE E PARCERIA - SEINFRA",3,0,2301,DEPARTAMENTO DE ESTRADAS DE RODAGEM DO ESTADO DE MINAS GERAIS - DER-MG,4,4,90,39,10,1,10559,26,782,81,4,268,4268,1,1165576.00,1165576.00,1165576.00,0,AMPLIAÇÃO DE CAPACIDADE DA MALHA VIÁRIA,DESENVOLVIMENTO SUSTENTÁVEL DA INFRAESTRUTURA RODOVIÁRIA
2025,1300,"SECRETARIA DE ESTADO DE INFRAESTRUTURA, MOBILIDADE E PARCERIA - SEINFRA",3,0,2301,DEPARTAMENTO DE ESTRADAS DE RODAGEM DO ESTADO DE MINAS GERAIS - DER-MG,4,4,90,39,33,1,10559,26,782,81,4,268,4268,1,2134753.00,2134753.00,2134753.00,0,AMPLIAÇÃO DE CAPACIDADE DA MALHA VIÁRIA,DESENVOLVIMENTO SUSTENTÁVEL DA INFRAESTRUTURA RODOVIÁRIA
2025,1300,"SECRETARIA DE ESTADO DE INFRAESTRUTURA, MOBILIDADE E PARCERIA - SEINFRA",3,0,2301,DEPARTAMENTO DE ESTRADAS DE RODAGEM DO ESTADO DE MINAS GERAIS - DER-MG,4,4,90,51,10,1,10559,26,782,81,4,268,4268,1,46960050.00,46960050.00,46960050.00,0,AMPLIAÇÃO DE CAPACIDADE DA MALHA VIÁRIA,DESENVOLVIMENTO SUSTENTÁVEL DA INFRAESTRUTURA RODOVIÁRIA
2025,1300,"SECRETARIA DE ESTADO DE INFRAESTRUTURA, MOBILIDADE E PARCERIA - SEINFRA",3,0,2301,DEPARTAMENTO DE ESTRADAS DE RODAGEM DO ESTADO DE MINAS GERAIS - DER-MG,4,4,90,51,33,1,10559,26,782,81,4,268,4268,1,34158023.00,34158023.00,34158023.00,0,AMPLIAÇÃO DE CAPACIDADE DA MALHA VIÁRIA,DESENVOLVIMENTO SUSTENTÁVEL DA INFRAESTRUTURA RODOVIÁRIA
2025,1300,"SECRETARIA DE ESTADO DE INFRAESTRUTURA, MOBILIDADE E PARCERIA - SEINFRA",3,0,2301,DEPARTAMENTO DE ESTRADAS DE RODAGEM DO ESTADO DE MINAS GERAIS - DER-MG,4,4,90,61,10,1,10559,26,782,81,4,268,4268,1,42695.00,42695.00,42695.00,0,AMPLIAÇÃO DE CAPACIDADE DA MALHA VIÁRIA,DESENVOLVIMENTO SUSTENTÁVEL DA INFRAESTRUTURA RODOVIÁRIA
2025,1300,"SECRETARIA DE ESTADO DE INFRAESTRUTURA, MOBILIDADE E PARCERIA - SEINFRA",3,0,2301,DEPARTAMENTO DE ESTRADAS DE RODAGEM DO ESTADO DE MINAS GERAIS - DER-MG,4,4,90,61,33,1,10559,26,782,81,4,268,4268,1,59773.00,59773.00,59773.00,0,AMPLIAÇÃO DE CAPACIDADE DA MALHA VIÁRIA,DESENVOLVIMENTO SUSTENTÁVEL DA INFRAESTRUTURA RODOVIÁRIA
2025,1300,"SECRETARIA DE ESTADO DE INFRAESTRUTURA, MOBILIDADE E PARCERIA - SEINFRA",3,0,2301,DEPARTAMENTO DE ESTRADAS DE RODAGEM DO ESTADO DE MINAS GERAIS - DER-MG,4,4,99,99,10,8,10559,26,782,81,4,268,4268,1,1000.00,1000.00,2000.00,0,AMPLIAÇÃO DE CAPACIDADE DA MALHA VIÁRIA,DESENVOLVIMENTO SUSTENTÁVEL DA INFRAESTRUTURA RODOVIÁRIA
2025,1300,"SECRETARIA DE ESTADO DE INFRAESTRUTURA, MOBILIDADE E PARCERIA - SEINFRA",3,0,2301,DEPARTAMENTO DE ESTRADAS DE RODAGEM DO ESTADO DE MINAS GERAIS - DER-MG,3,3,90,14,10,1,10564,26,782,81,4,272,4272,1,133906.00,133906.00,133906.00,0,IMPLANTAÇÃO E RESTAURAÇÃO DE OBRAS DE ARTES ESPECIAIS,DESENVOLVIMENTO SUSTENTÁVEL DA INFRAESTRUTURA RODOVIÁRIA
2025,1300,"SECRETARIA DE ESTADO DE INFRAESTRUTURA, MOBILIDADE E PARCERIA - SEINFRA",3,0,2301,DEPARTAMENTO DE ESTRADAS DE RODAGEM DO ESTADO DE MINAS GERAIS - DER-MG,4,4,90,51,10,1,10564,26,782,81,4,272,4272,1,18366352.00,18366352.00,18366352.00,0,IMPLANTAÇÃO E RESTAURAÇÃO DE OBRAS DE ARTES ESPECIAIS,DESENVOLVIMENTO SUSTENTÁVEL DA INFRAESTRUTURA RODOVIÁRIA
2025,1300,"SECRETARIA DE ESTADO DE INFRAESTRUTURA, MOBILIDADE E PARCERIA - SEINFRA",3,0,2301,DEPARTAMENTO DE ESTRADAS DE RODAGEM DO ESTADO DE MINAS GERAIS - DER-MG,4,4,90,51,25,1,10564,26,782,81,4,272,4272,1,5985160.00,5985160.00,5985160.00,0,IMPLANTAÇÃO E RESTAURAÇÃO DE OBRAS DE ARTES ESPECIAIS,DESENVOLVIMENTO SUSTENTÁVEL DA INFRAESTRUTURA RODOVIÁRIA
2025,1300,"SECRETARIA DE ESTADO DE INFRAESTRUTURA, MOBILIDADE E PARCERIA - SEINFRA",3,0,2301,DEPARTAMENTO DE ESTRADAS DE RODAGEM DO ESTADO DE MINAS GERAIS - DER-MG,3,3,90,14,10,1,10568,26,782,81,4,275,4275,1,275814.00,275814.00,275814.00,0,IMPLANTAÇÃO/PAVIMENTAÇÃO DA MALHA,DESENVOLVIMENTO SUSTENTÁVEL DA INFRAESTRUTURA RODOVIÁRIA
2025,1300,"SECRETARIA DE ESTADO DE INFRAESTRUTURA, MOBILIDADE E PARCERIA - SEINFRA",3,0,2301,DEPARTAMENTO DE ESTRADAS DE RODAGEM DO ESTADO DE MINAS GERAIS - DER-MG,4,4,90,39,10,1,10568,26,782,81,4,275,4275,1,3364371.00,3364371.00,3364371.00,0,IMPLANTAÇÃO/PAVIMENTAÇÃO DA MALHA,DESENVOLVIMENTO SUSTENTÁVEL DA INFRAESTRUTURA RODOVIÁRIA
2025,1300,"SECRETARIA DE ESTADO DE INFRAESTRUTURA, MOBILIDADE E PARCERIA - SEINFRA",3,0,2301,DEPARTAMENTO DE ESTRADAS DE RODAGEM DO ESTADO DE MINAS GERAIS - DER-MG,4,4,90,51,10,1,10568,26,782,81,4,275,4275,1,62104250.00,62104250.00,62104250.00,0,IMPLANTAÇÃO/PAVIMENTAÇÃO DA MALHA,DESENVOLVIMENTO SUSTENTÁVEL DA INFRAESTRUTURA RODOVIÁRIA
2025,1300,"SECRETARIA DE ESTADO DE INFRAESTRUTURA, MOBILIDADE E PARCERIA - SEINFRA",3,0,2301,DEPARTAMENTO DE ESTRADAS DE RODAGEM DO ESTADO DE MINAS GERAIS - DER-MG,4,4,90,51,10,3,10568,26,782,81,4,275,4275,1,3612000.00,3612000.00,3612000.00,0,IMPLANTAÇÃO/PAVIMENTAÇÃO DA MALHA,DESENVOLVIMENTO SUSTENTÁVEL DA INFRAESTRUTURA RODOVIÁRIA
2025,1300,"SECRETARIA DE ESTADO DE INFRAESTRUTURA, MOBILIDADE E PARCERIA - SEINFRA",3,0,2301,DEPARTAMENTO DE ESTRADAS DE RODAGEM DO ESTADO DE MINAS GERAIS - DER-MG,4,4,90,51,25,1,10568,26,782,81,4,275,4275,1,5745753.00,5745753.00,5745753.00,0,IMPLANTAÇÃO/PAVIMENTAÇÃO DA MALHA,DESENVOLVIMENTO SUSTENTÁVEL DA INFRAESTRUTURA RODOVIÁRIA
2025,1300,"SECRETARIA DE ESTADO DE INFRAESTRUTURA, MOBILIDADE E PARCERIA - SEINFRA",3,0,2301,DEPARTAMENTO DE ESTRADAS DE RODAGEM DO ESTADO DE MINAS GERAIS - DER-MG,4,4,90,51,68,1,10568,26,782,81,4,275,4275,1,8002000.00,8002000.00,8002000.00,0,IMPLANTAÇÃO/PAVIMENTAÇÃO DA MALHA,DESENVOLVIMENTO SUSTENTÁVEL DA INFRAESTRUTURA RODOVIÁRIA
2025,1300,"SECRETARIA DE ESTADO DE INFRAESTRUTURA, MOBILIDADE E PARCERIA - SEINFRA",3,0,2301,DEPARTAMENTO DE ESTRADAS DE RODAGEM DO ESTADO DE MINAS GERAIS - DER-MG,4,4,90,51,70,1,10568,26,782,81,4,275,4275,1,4002000.00,4002000.00,4002000.00,0,IMPLANTAÇÃO/PAVIMENTAÇÃO DA MALHA,DESENVOLVIMENTO SUSTENTÁVEL DA INFRAESTRUTURA RODOVIÁRIA
2025,1300,"SECRETARIA DE ESTADO DE INFRAESTRUTURA, MOBILIDADE E PARCERIA - SEINFRA",3,0,2301,DEPARTAMENTO DE ESTRADAS DE RODAGEM DO ESTADO DE MINAS GERAIS - DER-MG,4,4,90,61,10,1,10568,26,782,81,4,275,4275,1,5695522.00,5695522.00,5695522.00,0,IMPLANTAÇÃO/PAVIMENTAÇÃO DA MALHA,DESENVOLVIMENTO SUSTENTÁVEL DA INFRAESTRUTURA RODOVIÁRIA
2025,1300,"SECRETARIA DE ESTADO DE INFRAESTRUTURA, MOBILIDADE E PARCERIA - SEINFRA",3,0,2301,DEPARTAMENTO DE ESTRADAS DE RODAGEM DO ESTADO DE MINAS GERAIS - DER-MG,4,4,99,99,10,8,10568,26,782,81,4,275,4275,1,1000.00,1000.00,3000.00,0,IMPLANTAÇÃO/PAVIMENTAÇÃO DA MALHA,DESENVOLVIMENTO SUSTENTÁVEL DA INFRAESTRUTURA RODOVIÁRIA
2025,1300,"SECRETARIA DE ESTADO DE INFRAESTRUTURA, MOBILIDADE E PARCERIA - SEINFRA",3,0,2301,DEPARTAMENTO DE ESTRADAS DE RODAGEM DO ESTADO DE MINAS GERAIS - DER-MG,3,3,90,14,10,1,10578,26,782,81,4,284,4284,1,78057.00,78057.00,78057.00,0,PREVENÇÃO E MITIGAÇÃO DE DANOS AMBIENTAIS,DESENVOLVIMENTO SUSTENTÁVEL DA INFRAESTRUTURA RODOVIÁRIA
2025,1300,"SECRETARIA DE ESTADO DE INFRAESTRUTURA, MOBILIDADE E PARCERIA - SEINFRA",3,0,2301,DEPARTAMENTO DE ESTRADAS DE RODAGEM DO ESTADO DE MINAS GERAIS - DER-MG,3,3,90,39,10,1,10578,26,782,81,4,284,4284,1,10000.00,10000.00,10000.00,0,PREVENÇÃO E MITIGAÇÃO DE DANOS AMBIENTAIS,DESENVOLVIMENTO SUSTENTÁVEL DA INFRAESTRUTURA RODOVIÁRIA
2025,1300,"SECRETARIA DE ESTADO DE INFRAESTRUTURA, MOBILIDADE E PARCERIA - SEINFRA",3,0,2301,DEPARTAMENTO DE ESTRADAS DE RODAGEM DO ESTADO DE MINAS GERAIS - DER-MG,3,3,90,47,10,1,10578,26,782,81,4,284,4284,1,500000.00,500000.00,500000.00,0,PREVENÇÃO E MITIGAÇÃO DE DANOS AMBIENTAIS,DESENVOLVIMENTO SUSTENTÁVEL DA INFRAESTRUTURA RODOVIÁRIA
2025,1300,"SECRETARIA DE ESTADO DE INFRAESTRUTURA, MOBILIDADE E PARCERIA - SEINFRA",3,0,2301,DEPARTAMENTO DE ESTRADAS DE RODAGEM DO ESTADO DE MINAS GERAIS - DER-MG,4,4,90,39,10,1,10578,26,782,81,4,284,4284,1,17496440.00,17496440.00,17496440.00,0,PREVENÇÃO E MITIGAÇÃO DE DANOS AMBIENTAIS,DESENVOLVIMENTO SUSTENTÁVEL DA INFRAESTRUTURA RODOVIÁRIA
2025,1300,"SECRETARIA DE ESTADO DE INFRAESTRUTURA, MOBILIDADE E PARCERIA - SEINFRA",3,0,2301,DEPARTAMENTO DE ESTRADAS DE RODAGEM DO ESTADO DE MINAS GERAIS - DER-MG,4,4,90,39,80,1,10582,26,782,81,4,287,4287,1,200000000.00,200000000.00,200000000.00,0,CONSTRUÇÃO E ADEQUAÇÃO DE RODOVIAS - RIO DOCE,DESENVOLVIMENTO SUSTENTÁVEL DA INFRAESTRUTURA RODOVIÁRIA
2025,1300,"SECRETARIA DE ESTADO DE INFRAESTRUTURA, MOBILIDADE E PARCERIA - SEINFRA",3,0,2301,DEPARTAMENTO DE ESTRADAS DE RODAGEM DO ESTADO DE MINAS GERAIS - DER-MG,4,4,90,51,95,1,10582,26,782,81,4,287,4287,1,20400000.00,20400000.00,20400000.00,0,CONSTRUÇÃO E ADEQUAÇÃO DE RODOVIAS - RIO DOCE,DESENVOLVIMENTO SUSTENTÁVEL DA INFRAESTRUTURA RODOVIÁRIA
2025,1300,"SECRETARIA DE ESTADO DE INFRAESTRUTURA, MOBILIDADE E PARCERIA - SEINFRA",3,0,2301,DEPARTAMENTO DE ESTRADAS DE RODAGEM DO ESTADO DE MINAS GERAIS - DER-MG,4,4,90,51,95,1,10583,26,782,81,4,288,4288,1,5000000.00,5000000.00,5000000.00,0,RECUPERAÇÃO E MANUTENÇÃO DA MALHA VIÁRIA - RECUPERAÇÃO BRUMADINHO,DESENVOLVIMENTO SUSTENTÁVEL DA INFRAESTRUTURA RODOVIÁRIA
2025,1300,"SECRETARIA DE ESTADO DE INFRAESTRUTURA, MOBILIDADE E PARCERIA - SEINFRA",3,0,2301,DEPARTAMENTO DE ESTRADAS DE RODAGEM DO ESTADO DE MINAS GERAIS - DER-MG,4,4,90,51,95,1,10584,26,782,81,4,289,4289,1,186139750.00,186139750.00,186139750.00,0,CONSTRUÇÃO E ADEQUAÇÃO DE RODOVIAS - RECUPERAÇÃO BRUMADINHO,DESENVOLVIMENTO SUSTENTÁVEL DA INFRAESTRUTURA RODOVIÁRIA
2025,1300,"SECRETARIA DE ESTADO DE INFRAESTRUTURA, MOBILIDADE E PARCERIA - SEINFRA",3,0,2301,DEPARTAMENTO DE ESTRADAS DE RODAGEM DO ESTADO DE MINAS GERAIS - DER-MG,3,3,90,30,91,1,10589,26,782,81,4,293,4293,1,720000.00,720000.00,720000.00,0,CONSERVAÇÃO ROTINEIRA DA MALHA VIÁRIA,DESENVOLVIMENTO SUSTENTÁVEL DA INFRAESTRUTURA RODOVIÁRIA
2025,1300,"SECRETARIA DE ESTADO DE INFRAESTRUTURA, MOBILIDADE E PARCERIA - SEINFRA",3,0,2301,DEPARTAMENTO DE ESTRADAS DE RODAGEM DO ESTADO DE MINAS GERAIS - DER-MG,3,3,90,37,10,1,10589,26,782,81,4,293,4293,1,14594846.00,14594846.00,14594846.00,0,CONSERVAÇÃO ROTINEIRA DA MALHA VIÁRIA,DESENVOLVIMENTO SUSTENTÁVEL DA INFRAESTRUTURA RODOVIÁRIA
2025,1300,"SECRETARIA DE ESTADO DE INFRAESTRUTURA, MOBILIDADE E PARCERIA - SEINFRA",3,0,2301,DEPARTAMENTO DE ESTRADAS DE RODAGEM DO ESTADO DE MINAS GERAIS - DER-MG,3,3,90,37,60,1,10589,26,782,81,4,293,4293,1,1005153.00,1005153.00,1005153.00,0,CONSERVAÇÃO ROTINEIRA DA MALHA VIÁRIA,DESENVOLVIMENTO SUSTENTÁVEL DA INFRAESTRUTURA RODOVIÁRIA
2025,1300,"SECRETARIA DE ESTADO DE INFRAESTRUTURA, MOBILIDADE E PARCERIA - SEINFRA",3,0,2301,DEPARTAMENTO DE ESTRADAS DE RODAGEM DO ESTADO DE MINAS GERAIS - DER-MG,3,3,90,39,91,1,10589,26,782,81,4,293,4293,1,3500000.00,3500000.00,3500000.00,0,CONSERVAÇÃO ROTINEIRA DA MALHA VIÁRIA,DESENVOLVIMENTO SUSTENTÁVEL DA INFRAESTRUTURA RODOVIÁRIA
2025,1300,"SECRETARIA DE ESTADO DE INFRAESTRUTURA, MOBILIDADE E PARCERIA - SEINFRA",3,0,2301,DEPARTAMENTO DE ESTRADAS DE RODAGEM DO ESTADO DE MINAS GERAIS - DER-MG,3,3,90,40,60,1,10589,26,782,81,4,293,4293,1,1192576.00,1192576.00,1192576.00,0,CONSERVAÇÃO ROTINEIRA DA MALHA VIÁRIA,DESENVOLVIMENTO SUSTENTÁVEL DA INFRAESTRUTURA RODOVIÁRIA
2025,1300,"SECRETARIA DE ESTADO DE INFRAESTRUTURA, MOBILIDADE E PARCERIA - SEINFRA",3,0,2301,DEPARTAMENTO DE ESTRADAS DE RODAGEM DO ESTADO DE MINAS GERAIS - DER-MG,3,3,90,40,91,1,10589,26,782,81,4,293,4293,1,156003.00,156003.00,156003.00,0,CONSERVAÇÃO ROTINEIRA DA MALHA VIÁRIA,DESENVOLVIMENTO SUSTENTÁVEL DA INFRAESTRUTURA RODOVIÁRIA
2025,1300,"SECRETARIA DE ESTADO DE INFRAESTRUTURA, MOBILIDADE E PARCERIA - SEINFRA",3,0,2301,DEPARTAMENTO DE ESTRADAS DE RODAGEM DO ESTADO DE MINAS GERAIS - DER-MG,4,4,90,39,51,1,10589,26,782,81,4,293,4293,1,5827132.00,5827132.00,5827132.00,0,CONSERVAÇÃO ROTINEIRA DA MALHA VIÁRIA,DESENVOLVIMENTO SUSTENTÁVEL DA INFRAESTRUTURA RODOVIÁRIA
2025,1300,"SECRETARIA DE ESTADO DE INFRAESTRUTURA, MOBILIDADE E PARCERIA - SEINFRA",3,0,2301,DEPARTAMENTO DE ESTRADAS DE RODAGEM DO ESTADO DE MINAS GERAIS - DER-MG,4,4,90,39,83,2,10589,26,782,81,4,293,4293,1,15184854.00,15184854.00,15184854.00,0,CONSERVAÇÃO ROTINEIRA DA MALHA VIÁRIA,DESENVOLVIMENTO SUSTENTÁVEL DA INFRAESTRUTURA RODOVIÁRIA
2025,1300,"SECRETARIA DE ESTADO DE INFRAESTRUTURA, MOBILIDADE E PARCERIA - SEINFRA",3,0,2301,DEPARTAMENTO DE ESTRADAS DE RODAGEM DO ESTADO DE MINAS GERAIS - DER-MG,4,4,90,51,10,1,10589,26,782,81,4,293,4293,1,99736222.00,99736222.00,99736222.00,0,CONSERVAÇÃO ROTINEIRA DA MALHA VIÁRIA,DESENVOLVIMENTO SUSTENTÁVEL DA INFRAESTRUTURA RODOVIÁRIA
2025,1300,"SECRETARIA DE ESTADO DE INFRAESTRUTURA, MOBILIDADE E PARCERIA - SEINFRA",3,0,2301,DEPARTAMENTO DE ESTRADAS DE RODAGEM DO ESTADO DE MINAS GERAIS - DER-MG,4,4,90,51,32,1,10589,26,782,81,4,293,4293,1,227804692.00,227804692.00,227804692.00,0,CONSERVAÇÃO ROTINEIRA DA MALHA VIÁRIA,DESENVOLVIMENTO SUSTENTÁVEL DA INFRAESTRUTURA RODOVIÁRIA
2025,1300,"SECRETARIA DE ESTADO DE INFRAESTRUTURA, MOBILIDADE E PARCERIA - SEINFRA",3,0,2301,DEPARTAMENTO DE ESTRADAS DE RODAGEM DO ESTADO DE MINAS GERAIS - DER-MG,4,4,90,51,51,1,10589,26,782,81,4,293,4293,1,68322234.00,68322234.00,68322234.00,0,CONSERVAÇÃO ROTINEIRA DA MALHA VIÁRIA,DESENVOLVIMENTO SUSTENTÁVEL DA INFRAESTRUTURA RODOVIÁRIA
2025,1300,"SECRETARIA DE ESTADO DE INFRAESTRUTURA, MOBILIDADE E PARCERIA - SEINFRA",3,0,2301,DEPARTAMENTO DE ESTRADAS DE RODAGEM DO ESTADO DE MINAS GERAIS - DER-MG,4,4,90,51,83,2,10589,26,782,81,4,293,4293,1,12855984.00,12855984.00,12855984.00,0,CONSERVAÇÃO ROTINEIRA DA MALHA VIÁRIA,DESENVOLVIMENTO SUSTENTÁVEL DA INFRAESTRUTURA RODOVIÁRIA
2025,1300,"SECRETARIA DE ESTADO DE INFRAESTRUTURA, MOBILIDADE E PARCERIA - SEINFRA",3,0,2301,DEPARTAMENTO DE ESTRADAS DE RODAGEM DO ESTADO DE MINAS GERAIS - DER-MG,4,4,90,52,10,1,10589,26,782,81,4,293,4293,1,1024682.00,1024682.00,1024682.00,0,CONSERVAÇÃO ROTINEIRA DA MALHA VIÁRIA,DESENVOLVIMENTO SUSTENTÁVEL DA INFRAESTRUTURA RODOVIÁRIA
2025,1300,"SECRETARIA DE ESTADO DE INFRAESTRUTURA, MOBILIDADE E PARCERIA - SEINFRA",3,0,2301,DEPARTAMENTO DE ESTRADAS DE RODAGEM DO ESTADO DE MINAS GERAIS - DER-MG,4,4,90,39,10,1,10722,26,782,81,4,385,4385,1,18426891.00,18426891.00,18426891.00,0,REABILITAÇÃO DA MALHA VIÁRIA,DESENVOLVIMENTO SUSTENTÁVEL DA INFRAESTRUTURA RODOVIÁRIA
2025,1300,"SECRETARIA DE ESTADO DE INFRAESTRUTURA, MOBILIDADE E PARCERIA - SEINFRA",3,0,2301,DEPARTAMENTO DE ESTRADAS DE RODAGEM DO ESTADO DE MINAS GERAIS - DER-MG,4,4,90,51,10,1,10722,26,782,81,4,385,4385,1,493431204.00,493431204.00,493431204.00,0,REABILITAÇÃO DA MALHA VIÁRIA,DESENVOLVIMENTO SUSTENTÁVEL DA INFRAESTRUTURA RODOVIÁRIA
2025,1300,"SECRETARIA DE ESTADO DE INFRAESTRUTURA, MOBILIDADE E PARCERIA - SEINFRA",3,0,2301,DEPARTAMENTO DE ESTRADAS DE RODAGEM DO ESTADO DE MINAS GERAIS - DER-MG,3,3,90,14,10,1,10976,26,782,81,4,530,4530,1,856740.00,856740.00,856740.00,0,OPERAÇÃO VIÁRIA E FISCALIZAÇÃO DE TRANSPORTE E TRÂNSITO,DESENVOLVIMENTO SUSTENTÁVEL DA INFRAESTRUTURA RODOVIÁRIA
2025,1300,"SECRETARIA DE ESTADO DE INFRAESTRUTURA, MOBILIDADE E PARCERIA - SEINFRA",3,0,2301,DEPARTAMENTO DE ESTRADAS DE RODAGEM DO ESTADO DE MINAS GERAIS - DER-MG,3,1,90,11,10,1,11097,26,782,705,2,417,2417,1,86371591.00,86371591.00,86371591.00,0,REMUNERAÇÃO DE PESSOAL ATIVO E ENCARGOS SOCIAIS,APOIO ÀS POLÍTICAS PÚBLICAS
2025,1300,"SECRETARIA DE ESTADO DE INFRAESTRUTURA, MOBILIDADE E PARCERIA - SEINFRA",3,0,2301,DEPARTAMENTO DE ESTRADAS DE RODAGEM DO ESTADO DE MINAS GERAIS - DER-MG,3,1,90,13,10,1,11097,26,782,705,2,417,2417,1,1948986.00,1948986.00,1948986.00,0,REMUNERAÇÃO DE PESSOAL ATIVO E ENCARGOS SOCIAIS,APOIO ÀS POLÍTICAS PÚBLICAS
2025,1300,"SECRETARIA DE ESTADO DE INFRAESTRUTURA, MOBILIDADE E PARCERIA - SEINFRA",3,0,2301,DEPARTAMENTO DE ESTRADAS DE RODAGEM DO ESTADO DE MINAS GERAIS - DER-MG,3,1,90,16,10,1,11097,26,782,705,2,417,2417,1,2930770.00,2930770.00,2930770.00,0,REMUNERAÇÃO DE PESSOAL ATIVO E ENCARGOS SOCIAIS,APOIO ÀS POLÍTICAS PÚBLICAS
2025,1300,"SECRETARIA DE ESTADO DE INFRAESTRUTURA, MOBILIDADE E PARCERIA - SEINFRA",3,0,2301,DEPARTAMENTO DE ESTRADAS DE RODAGEM DO ESTADO DE MINAS GERAIS - DER-MG,3,1,90,59,10,1,11097,26,782,705,2,417,2417,1,6237745.00,6237745.00,6237745.00,0,REMUNERAÇÃO DE PESSOAL ATIVO E ENCARGOS SOCIAIS,APOIO ÀS POLÍTICAS PÚBLICAS
2025,1300,"SECRETARIA DE ESTADO DE INFRAESTRUTURA, MOBILIDADE E PARCERIA - SEINFRA",3,0,2301,DEPARTAMENTO DE ESTRADAS DE RODAGEM DO ESTADO DE MINAS GERAIS - DER-MG,3,1,91,13,10,1,11097,26,782,705,2,417,2417,1,30033577.00,30033577.00,30033577.00,0,REMUNERAÇÃO DE PESSOAL ATIVO E ENCARGOS SOCIAIS,APOIO ÀS POLÍTICAS PÚBLICAS
2025,1300,"SECRETARIA DE ESTADO DE INFRAESTRUTURA, MOBILIDADE E PARCERIA - SEINFRA",3,0,2301,DEPARTAMENTO DE ESTRADAS DE RODAGEM DO ESTADO DE MINAS GERAIS - DER-MG,3,3,90,46,10,7,11097,26,782,705,2,417,2417,1,33856662.00,33856662.00,33856662.00,0,REMUNERAÇÃO DE PESSOAL ATIVO E ENCARGOS SOCIAIS,APOIO ÀS POLÍTICAS PÚBLICAS
2025,1300,"SECRETARIA DE ESTADO DE INFRAESTRUTURA, MOBILIDADE E PARCERIA - SEINFRA",3,0,2301,DEPARTAMENTO DE ESTRADAS DE RODAGEM DO ESTADO DE MINAS GERAIS - DER-MG,3,3,90,49,10,7,11097,26,782,705,2,417,2417,1,799200.00,799200.00,799200.00,0,REMUNERAÇÃO DE PESSOAL ATIVO E ENCARGOS SOCIAIS,APOIO ÀS POLÍTICAS PÚBLICAS
2025,1300,"SECRETARIA DE ESTADO DE INFRAESTRUTURA, MOBILIDADE E PARCERIA - SEINFRA",3,0,2301,DEPARTAMENTO DE ESTRADAS DE RODAGEM DO ESTADO DE MINAS GERAIS - DER-MG,3,1,90,91,10,9,1159,28,846,705,7,4,7004,1,26898818.00,26898818.00,26898818.00,0,PRECATÓRIOS E SENTENÇAS JUDICIÁRIAS,APOIO ÀS POLÍTICAS PÚBLICAS
2025,1300,"SECRETARIA DE ESTADO DE INFRAESTRUTURA, MOBILIDADE E PARCERIA - SEINFRA",3,0,2301,DEPARTAMENTO DE ESTRADAS DE RODAGEM DO ESTADO DE MINAS GERAIS - DER-MG,3,1,91,13,10,9,1159,28,846,705,7,4,7004,1,125835.00,125835.00,125835.00,0,PRECATÓRIOS E SENTENÇAS JUDICIÁRIAS,APOIO ÀS POLÍTICAS PÚBLICAS
2025,1300,"SECRETARIA DE ESTADO DE INFRAESTRUTURA, MOBILIDADE E PARCERIA - SEINFRA",3,0,2301,DEPARTAMENTO DE ESTRADAS DE RODAGEM DO ESTADO DE MINAS GERAIS - DER-MG,3,3,90,91,10,9,1159,28,846,705,7,4,7004,1,6313216.00,6313216.00,6313216.00,0,PRECATÓRIOS E SENTENÇAS JUDICIÁRIAS,APOIO ÀS POLÍTICAS PÚBLICAS
2025,1300,"SECRETARIA DE ESTADO DE INFRAESTRUTURA, MOBILIDADE E PARCERIA - SEINFRA",3,0,2301,DEPARTAMENTO DE ESTRADAS DE RODAGEM DO ESTADO DE MINAS GERAIS - DER-MG,4,4,90,91,10,9,1159,28,846,705,7,4,7004,1,1954064.00,1954064.00,1954064.00,0,PRECATÓRIOS E SENTENÇAS JUDICIÁRIAS,APOIO ÀS POLÍTICAS PÚBLICAS
2025,1300,"SECRETARIA DE ESTADO DE INFRAESTRUTURA, MOBILIDADE E PARCERIA - SEINFRA",3,0,2431,AGÊNCIA DE DESENVOLVIMENTO DA REGIÃO METROPOLITANA DE BELO HORIZONTE - AGÊNCIA RMBH,3,1,90,7,10,1,11155,15,122,705,2,417,2417,1,2016.00,2016.00,2016.00,0,REMUNERAÇÃO DE PESSOAL ATIVO E ENCARGOS SOCIAIS,APOIO ÀS POLÍTICAS PÚBLICAS
2025,1300,"SECRETARIA DE ESTADO DE INFRAESTRUTURA, MOBILIDADE E PARCERIA - SEINFRA",3,0,2431,AGÊNCIA DE DESENVOLVIMENTO DA REGIÃO METROPOLITANA DE BELO HORIZONTE - AGÊNCIA RMBH,3,1,90,11,10,1,11155,15,122,705,2,417,2417,1,3461693.00,3461693.00,3461693.00,0,REMUNERAÇÃO DE PESSOAL ATIVO E ENCARGOS SOCIAIS,APOIO ÀS POLÍTICAS PÚBLICAS
2025,1300,"SECRETARIA DE ESTADO DE INFRAESTRUTURA, MOBILIDADE E PARCERIA - SEINFRA",3,0,2431,AGÊNCIA DE DESENVOLVIMENTO DA REGIÃO METROPOLITANA DE BELO HORIZONTE - AGÊNCIA RMBH,3,1,90,13,10,1,11155,15,122,705,2,417,2417,1,334226.00,334226.00,334226.00,0,REMUNERAÇÃO DE PESSOAL ATIVO E ENCARGOS SOCIAIS,APOIO ÀS POLÍTICAS PÚBLICAS
2025,1300,"SECRETARIA DE ESTADO DE INFRAESTRUTURA, MOBILIDADE E PARCERIA - SEINFRA",3,0,2431,AGÊNCIA DE DESENVOLVIMENTO DA REGIÃO METROPOLITANA DE BELO HORIZONTE - AGÊNCIA RMBH,3,1,90,92,10,1,11155,15,122,705,2,417,2417,1,1568.00,1568.00,1568.00,0,REMUNERAÇÃO DE PESSOAL ATIVO E ENCARGOS SOCIAIS,APOIO ÀS POLÍTICAS PÚBLICAS
2025,1300,"SECRETARIA DE ESTADO DE INFRAESTRUTURA, MOBILIDADE E PARCERIA - SEINFRA",3,0,2431,AGÊNCIA DE DESENVOLVIMENTO DA REGIÃO METROPOLITANA DE BELO HORIZONTE - AGÊNCIA RMBH,3,1,91,13,10,1,11155,15,122,705,2,417,2417,1,639507.00,639507.00,639507.00,0,REMUNERAÇÃO DE PESSOAL ATIVO E ENCARGOS SOCIAIS,APOIO ÀS POLÍTICAS PÚBLICAS
2025,1300,"SECRETARIA DE ESTADO DE INFRAESTRUTURA, MOBILIDADE E PARCERIA - SEINFRA",3,0,2431,AGÊNCIA DE DESENVOLVIMENTO DA REGIÃO METROPOLITANA DE BELO HORIZONTE - AGÊNCIA RMBH,3,3,90,46,10,7,11155,15,122,705,2,417,2417,1,573822.00,573822.00,573822.00,0,REMUNERAÇÃO DE PESSOAL ATIVO E ENCARGOS SOCIAIS,APOIO ÀS POLÍTICAS PÚBLICAS
2025,1300,"SECRETARIA DE ESTADO DE INFRAESTRUTURA, MOBILIDADE E PARCERIA - SEINFRA",3,0,2431,AGÊNCIA DE DESENVOLVIMENTO DA REGIÃO METROPOLITANA DE BELO HORIZONTE - AGÊNCIA RMBH,3,3,90,49,10,7,11155,15,122,705,2,417,2417,1,4622.00,4622.00,4622.00,0,REMUNERAÇÃO DE PESSOAL ATIVO E ENCARGOS SOCIAIS,APOIO ÀS POLÍTICAS PÚBLICAS
2025,1300,"SECRETARIA DE ESTADO DE INFRAESTRUTURA, MOBILIDADE E PARCERIA - SEINFRA",3,0,2431,AGÊNCIA DE DESENVOLVIMENTO DA REGIÃO METROPOLITANA DE BELO HORIZONTE - AGÊNCIA RMBH,3,3,90,14,60,1,9331,15,122,705,2,500,2500,1,33255.00,33255.00,33255.00,0,ASSESSORAMENTO E GERENCIAMENTO DE POLÍTICAS PÚBLICAS,APOIO ÀS POLÍTICAS PÚBLICAS
2025,1300,"SECRETARIA DE ESTADO DE INFRAESTRUTURA, MOBILIDADE E PARCERIA - SEINFRA",3,0,2431,AGÊNCIA DE DESENVOLVIMENTO DA REGIÃO METROPOLITANA DE BELO HORIZONTE - AGÊNCIA RMBH,3,3,90,30,60,1,9331,15,122,705,2,500,2500,1,13336.00,13336.00,13336.00,0,ASSESSORAMENTO E GERENCIAMENTO DE POLÍTICAS PÚBLICAS,APOIO ÀS POLÍTICAS PÚBLICAS
2025,1300,"SECRETARIA DE ESTADO DE INFRAESTRUTURA, MOBILIDADE E PARCERIA - SEINFRA",3,0,2431,AGÊNCIA DE DESENVOLVIMENTO DA REGIÃO METROPOLITANA DE BELO HORIZONTE - AGÊNCIA RMBH,3,3,90,33,60,1,9331,15,122,705,2,500,2500,1,97328.00,97328.00,97328.00,0,ASSESSORAMENTO E GERENCIAMENTO DE POLÍTICAS PÚBLICAS,APOIO ÀS POLÍTICAS PÚBLICAS
2025,1300,"SECRETARIA DE ESTADO DE INFRAESTRUTURA, MOBILIDADE E PARCERIA - SEINFRA",3,0,2431,AGÊNCIA DE DESENVOLVIMENTO DA REGIÃO METROPOLITANA DE BELO HORIZONTE - AGÊNCIA RMBH,3,3,90,36,60,1,9331,15,122,705,2,500,2500,1,2800.00,2800.00,2800.00,0,ASSESSORAMENTO E GERENCIAMENTO DE POLÍTICAS PÚBLICAS,APOIO ÀS POLÍTICAS PÚBLICAS
2025,1300,"SECRETARIA DE ESTADO DE INFRAESTRUTURA, MOBILIDADE E PARCERIA - SEINFRA",3,0,2431,AGÊNCIA DE DESENVOLVIMENTO DA REGIÃO METROPOLITANA DE BELO HORIZONTE - AGÊNCIA RMBH,3,3,90,37,60,1,9331,15,122,705,2,500,2500,1,408000.00,408000.00,408000.00,0,ASSESSORAMENTO E GERENCIAMENTO DE POLÍTICAS PÚBLICAS,APOIO ÀS POLÍTICAS PÚBLICAS
2025,1300,"SECRETARIA DE ESTADO DE INFRAESTRUTURA, MOBILIDADE E PARCERIA - SEINFRA",3,0,2431,AGÊNCIA DE DESENVOLVIMENTO DA REGIÃO METROPOLITANA DE BELO HORIZONTE - AGÊNCIA RMBH,3,3,90,39,60,1,9331,15,122,705,2,500,2500,1,134592.00,134592.00,134592.00,0,ASSESSORAMENTO E GERENCIAMENTO DE POLÍTICAS PÚBLICAS,APOIO ÀS POLÍTICAS PÚBLICAS
2025,1300,"SECRETARIA DE ESTADO DE INFRAESTRUTURA, MOBILIDADE E PARCERIA - SEINFRA",3,0,2431,AGÊNCIA DE DESENVOLVIMENTO DA REGIÃO METROPOLITANA DE BELO HORIZONTE - AGÊNCIA RMBH,3,3,90,40,60,1,9331,15,122,705,2,500,2500,1,43465.00,43465.00,43465.00,0,ASSESSORAMENTO E GERENCIAMENTO DE POLÍTICAS PÚBLICAS,APOIO ÀS POLÍTICAS PÚBLICAS
2025,1300,"SECRETARIA DE ESTADO DE INFRAESTRUTURA, MOBILIDADE E PARCERIA - SEINFRA",3,0,2431,AGÊNCIA DE DESENVOLVIMENTO DA REGIÃO METROPOLITANA DE BELO HORIZONTE - AGÊNCIA RMBH,3,3,90,37,60,1,10795,15,127,77,4,446,4446,1,187200.00,187200.00,187200.00,0,REGULAÇÃO DA EXPANSÃO URBANA DA REGIÃO METROPOLITANA DE BELO HORIZONTE,CAMINHOS PARA O DESENVOLVIMENTO INTEGRADO METROPOLITANO
2025,1300,"SECRETARIA DE ESTADO DE INFRAESTRUTURA, MOBILIDADE E PARCERIA - SEINFRA",3,0,2431,AGÊNCIA DE DESENVOLVIMENTO DA REGIÃO METROPOLITANA DE BELO HORIZONTE - AGÊNCIA RMBH,3,3,90,39,60,1,10795,15,127,77,4,446,4446,1,78024.00,78024.00,78024.00,0,REGULAÇÃO DA EXPANSÃO URBANA DA REGIÃO METROPOLITANA DE BELO HORIZONTE,CAMINHOS PARA O DESENVOLVIMENTO INTEGRADO METROPOLITANO
2025,1300,"SECRETARIA DE ESTADO DE INFRAESTRUTURA, MOBILIDADE E PARCERIA - SEINFRA",3,0,2431,AGÊNCIA DE DESENVOLVIMENTO DA REGIÃO METROPOLITANA DE BELO HORIZONTE - AGÊNCIA RMBH,3,3,90,47,60,1,10795,15,127,77,4,446,4446,1,102000.00,102000.00,102000.00,0,REGULAÇÃO DA EXPANSÃO URBANA DA REGIÃO METROPOLITANA DE BELO HORIZONTE,CAMINHOS PARA O DESENVOLVIMENTO INTEGRADO METROPOLITANO
2025,1300,"SECRETARIA DE ESTADO DE INFRAESTRUTURA, MOBILIDADE E PARCERIA - SEINFRA",3,0,2431,AGÊNCIA DE DESENVOLVIMENTO DA REGIÃO METROPOLITANA DE BELO HORIZONTE - AGÊNCIA RMBH,3,3,90,37,10,1,10801,15,127,77,4,447,4447,1,337725.00,337725.00,337725.00,0,GESTÃO METROPOLITANA,CAMINHOS PARA O DESENVOLVIMENTO INTEGRADO METROPOLITANO
2025,1300,"SECRETARIA DE ESTADO DE INFRAESTRUTURA, MOBILIDADE E PARCERIA - SEINFRA",3,0,2431,AGÊNCIA DE DESENVOLVIMENTO DA REGIÃO METROPOLITANA DE BELO HORIZONTE - AGÊNCIA RMBH,3,1,90,91,10,9,5734,28,846,705,7,4,7004,1,1000.00,1000.00,1000.00,0,PRECATÓRIOS E SENTENÇAS JUDICIÁRIAS,APOIO ÀS POLÍTICAS PÚBLICAS
2025,1300,"SECRETARIA DE ESTADO DE INFRAESTRUTURA, MOBILIDADE E PARCERIA - SEINFRA",3,0,2461,AGÊNCIA DE DESENVOLVIMENTO DA REGIÃO METROPOLITANA DO VALE DO AÇO - ARMVA,3,1,90,11,10,1,11164,15,122,705,2,417,2417,1,1528897.00,1528897.00,1528897.00,0,REMUNERAÇÃO DE PESSOAL ATIVO E ENCARGOS SOCIAIS,APOIO ÀS POLÍTICAS PÚBLICAS
2025,1300,"SECRETARIA DE ESTADO DE INFRAESTRUTURA, MOBILIDADE E PARCERIA - SEINFRA",3,0,2461,AGÊNCIA DE DESENVOLVIMENTO DA REGIÃO METROPOLITANA DO VALE DO AÇO - ARMVA,3,1,90,13,10,1,11164,15,122,705,2,417,2417,1,180411.00,180411.00,180411.00,0,REMUNERAÇÃO DE PESSOAL ATIVO E ENCARGOS SOCIAIS,APOIO ÀS POLÍTICAS PÚBLICAS
2025,1300,"SECRETARIA DE ESTADO DE INFRAESTRUTURA, MOBILIDADE E PARCERIA - SEINFRA",3,0,2461,AGÊNCIA DE DESENVOLVIMENTO DA REGIÃO METROPOLITANA DO VALE DO AÇO - ARMVA,3,1,91,13,10,1,11164,15,122,705,2,417,2417,1,238981.00,238981.00,238981.00,0,REMUNERAÇÃO DE PESSOAL ATIVO E ENCARGOS SOCIAIS,APOIO ÀS POLÍTICAS PÚBLICAS
2025,1300,"SECRETARIA DE ESTADO DE INFRAESTRUTURA, MOBILIDADE E PARCERIA - SEINFRA",3,0,2461,AGÊNCIA DE DESENVOLVIMENTO DA REGIÃO METROPOLITANA DO VALE DO AÇO - ARMVA,3,3,90,46,10,7,11164,15,122,705,2,417,2417,1,250163.00,250163.00,250163.00,0,REMUNERAÇÃO DE PESSOAL ATIVO E ENCARGOS SOCIAIS,APOIO ÀS POLÍTICAS PÚBLICAS
2025,1300,"SECRETARIA DE ESTADO DE INFRAESTRUTURA, MOBILIDADE E PARCERIA - SEINFRA",3,0,2461,AGÊNCIA DE DESENVOLVIMENTO DA REGIÃO METROPOLITANA DO VALE DO AÇO - ARMVA,3,3,90,49,10,7,11164,15,122,705,2,417,2417,1,1000.00,1000.00,1000.00,0,REMUNERAÇÃO DE PESSOAL ATIVO E ENCARGOS SOCIAIS,APOIO ÀS POLÍTICAS PÚBLICAS
2025,1300,"SECRETARIA DE ESTADO DE INFRAESTRUTURA, MOBILIDADE E PARCERIA - SEINFRA",3,0,2461,AGÊNCIA DE DESENVOLVIMENTO DA REGIÃO METROPOLITANA DO VALE DO AÇO - ARMVA,3,3,90,14,10,1,9726,15,122,705,2,500,2500,1,131520.00,131520.00,131520.00,0,ASSESSORAMENTO E GERENCIAMENTO DE POLÍTICAS PÚBLICAS,APOIO ÀS POLÍTICAS PÚBLICAS
2025,1300,"SECRETARIA DE ESTADO DE INFRAESTRUTURA, MOBILIDADE E PARCERIA - SEINFRA",3,0,2461,AGÊNCIA DE DESENVOLVIMENTO DA REGIÃO METROPOLITANA DO VALE DO AÇO - ARMVA,3,3,90,33,10,1,9726,15,122,705,2,500,2500,1,110400.00,110400.00,110400.00,0,ASSESSORAMENTO E GERENCIAMENTO DE POLÍTICAS PÚBLICAS,APOIO ÀS POLÍTICAS PÚBLICAS
2025,1300,"SECRETARIA DE ESTADO DE INFRAESTRUTURA, MOBILIDADE E PARCERIA - SEINFRA",3,0,2461,AGÊNCIA DE DESENVOLVIMENTO DA REGIÃO METROPOLITANA DO VALE DO AÇO - ARMVA,3,3,90,36,10,1,9726,15,122,705,2,500,2500,1,8400.00,8400.00,8400.00,0,ASSESSORAMENTO E GERENCIAMENTO DE POLÍTICAS PÚBLICAS,APOIO ÀS POLÍTICAS PÚBLICAS
2025,1300,"SECRETARIA DE ESTADO DE INFRAESTRUTURA, MOBILIDADE E PARCERIA - SEINFRA",3,0,2461,AGÊNCIA DE DESENVOLVIMENTO DA REGIÃO METROPOLITANA DO VALE DO AÇO - ARMVA,3,3,90,40,10,1,9726,15,122,705,2,500,2500,1,1000.00,1000.00,1000.00,0,ASSESSORAMENTO E GERENCIAMENTO DE POLÍTICAS PÚBLICAS,APOIO ÀS POLÍTICAS PÚBLICAS
2025,1300,"SECRETARIA DE ESTADO DE INFRAESTRUTURA, MOBILIDADE E PARCERIA - SEINFRA",3,0,2461,AGÊNCIA DE DESENVOLVIMENTO DA REGIÃO METROPOLITANA DO VALE DO AÇO - ARMVA,3,3,90,93,10,1,9726,15,122,705,2,500,2500,1,6000.00,6000.00,6000.00,0,ASSESSORAMENTO E GERENCIAMENTO DE POLÍTICAS PÚBLICAS,APOIO ÀS POLÍTICAS PÚBLICAS
2025,1300,"SECRETARIA DE ESTADO DE INFRAESTRUTURA, MOBILIDADE E PARCERIA - SEINFRA",3,0,2461,AGÊNCIA DE DESENVOLVIMENTO DA REGIÃO METROPOLITANA DO VALE DO AÇO - ARMVA,3,3,90,14,60,1,10565,15,127,77,4,273,4273,1,33840.00,33840.00,33840.00,0,REGULAÇÃO METROPOLITANA,CAMINHOS PARA O DESENVOLVIMENTO INTEGRADO METROPOLITANO
2025,1300,"SECRETARIA DE ESTADO DE INFRAESTRUTURA, MOBILIDADE E PARCERIA - SEINFRA",3,0,2461,AGÊNCIA DE DESENVOLVIMENTO DA REGIÃO METROPOLITANA DO VALE DO AÇO - ARMVA,3,3,90,30,10,1,10565,15,127,77,4,273,4273,1,12290.00,12290.00,12290.00,0,REGULAÇÃO METROPOLITANA,CAMINHOS PARA O DESENVOLVIMENTO INTEGRADO METROPOLITANO
2025,1300,"SECRETARIA DE ESTADO DE INFRAESTRUTURA, MOBILIDADE E PARCERIA - SEINFRA",3,0,2461,AGÊNCIA DE DESENVOLVIMENTO DA REGIÃO METROPOLITANA DO VALE DO AÇO - ARMVA,3,3,90,30,32,1,10565,15,127,77,4,273,4273,1,7710.00,7710.00,7710.00,0,REGULAÇÃO METROPOLITANA,CAMINHOS PARA O DESENVOLVIMENTO INTEGRADO METROPOLITANO
2025,1300,"SECRETARIA DE ESTADO DE INFRAESTRUTURA, MOBILIDADE E PARCERIA - SEINFRA",3,0,2461,AGÊNCIA DE DESENVOLVIMENTO DA REGIÃO METROPOLITANA DO VALE DO AÇO - ARMVA,3,3,90,33,60,1,10565,15,127,77,4,273,4273,1,8160.00,8160.00,8160.00,0,REGULAÇÃO METROPOLITANA,CAMINHOS PARA O DESENVOLVIMENTO INTEGRADO METROPOLITANO
2025,1300,"SECRETARIA DE ESTADO DE INFRAESTRUTURA, MOBILIDADE E PARCERIA - SEINFRA",3,0,2461,AGÊNCIA DE DESENVOLVIMENTO DA REGIÃO METROPOLITANA DO VALE DO AÇO - ARMVA,3,3,90,37,10,1,10565,15,127,77,4,273,4273,1,146400.00,146400.00,146400.00,0,REGULAÇÃO METROPOLITANA,CAMINHOS PARA O DESENVOLVIMENTO INTEGRADO METROPOLITANO
2025,1300,"SECRETARIA DE ESTADO DE INFRAESTRUTURA, MOBILIDADE E PARCERIA - SEINFRA",3,0,2461,AGÊNCIA DE DESENVOLVIMENTO DA REGIÃO METROPOLITANA DO VALE DO AÇO - ARMVA,3,3,90,39,32,1,10565,15,127,77,4,273,4273,1,154862.00,154862.00,154862.00,0,REGULAÇÃO METROPOLITANA,CAMINHOS PARA O DESENVOLVIMENTO INTEGRADO METROPOLITANO
2025,1300,"SECRETARIA DE ESTADO DE INFRAESTRUTURA, MOBILIDADE E PARCERIA - SEINFRA",3,0,2461,AGÊNCIA DE DESENVOLVIMENTO DA REGIÃO METROPOLITANA DO VALE DO AÇO - ARMVA,3,3,90,39,60,1,10565,15,127,77,4,273,4273,1,18000.00,18000.00,18000.00,0,REGULAÇÃO METROPOLITANA,CAMINHOS PARA O DESENVOLVIMENTO INTEGRADO METROPOLITANO
2025,1300,"SECRETARIA DE ESTADO DE INFRAESTRUTURA, MOBILIDADE E PARCERIA - SEINFRA",3,0,2461,AGÊNCIA DE DESENVOLVIMENTO DA REGIÃO METROPOLITANA DO VALE DO AÇO - ARMVA,3,3,90,40,32,1,10565,15,127,77,4,273,4273,1,60000.00,60000.00,60000.00,0,REGULAÇÃO METROPOLITANA,CAMINHOS PARA O DESENVOLVIMENTO INTEGRADO METROPOLITANO
2025,1300,"SECRETARIA DE ESTADO DE INFRAESTRUTURA, MOBILIDADE E PARCERIA - SEINFRA",3,0,2461,AGÊNCIA DE DESENVOLVIMENTO DA REGIÃO METROPOLITANA DO VALE DO AÇO - ARMVA,3,3,90,31,32,1,10580,15,127,77,4,286,4286,1,10000.00,10000.00,10000.00,0,FOMENTO AO DESENVOLVIMENTO SUSTENTÁVEL DA REGIÃO METROPOLITANA DO VALE DO AÇO,CAMINHOS PARA O DESENVOLVIMENTO INTEGRADO METROPOLITANO
2025,1300,"SECRETARIA DE ESTADO DE INFRAESTRUTURA, MOBILIDADE E PARCERIA - SEINFRA",3,0,2461,AGÊNCIA DE DESENVOLVIMENTO DA REGIÃO METROPOLITANA DO VALE DO AÇO - ARMVA,3,3,90,33,32,1,10580,15,127,77,4,286,4286,1,12000.00,12000.00,12000.00,0,FOMENTO AO DESENVOLVIMENTO SUSTENTÁVEL DA REGIÃO METROPOLITANA DO VALE DO AÇO,CAMINHOS PARA O DESENVOLVIMENTO INTEGRADO METROPOLITANO
2025,1300,"SECRETARIA DE ESTADO DE INFRAESTRUTURA, MOBILIDADE E PARCERIA - SEINFRA",3,0,2461,AGÊNCIA DE DESENVOLVIMENTO DA REGIÃO METROPOLITANA DO VALE DO AÇO - ARMVA,3,3,90,36,32,1,10580,15,127,77,4,286,4286,1,2820.00,2820.00,2820.00,0,FOMENTO AO DESENVOLVIMENTO SUSTENTÁVEL DA REGIÃO METROPOLITANA DO VALE DO AÇO,CAMINHOS PARA O DESENVOLVIMENTO INTEGRADO METROPOLITANO
2025,1300,"SECRETARIA DE ESTADO DE INFRAESTRUTURA, MOBILIDADE E PARCERIA - SEINFRA",3,0,2461,AGÊNCIA DE DESENVOLVIMENTO DA REGIÃO METROPOLITANA DO VALE DO AÇO - ARMVA,3,3,90,39,32,1,10580,15,127,77,4,286,4286,1,211500.00,211500.00,211500.00,0,FOMENTO AO DESENVOLVIMENTO SUSTENTÁVEL DA REGIÃO METROPOLITANA DO VALE DO AÇO,CAMINHOS PARA O DESENVOLVIMENTO INTEGRADO METROPOLITANO
2025,1300,"SECRETARIA DE ESTADO DE INFRAESTRUTURA, MOBILIDADE E PARCERIA - SEINFRA",3,0,2461,AGÊNCIA DE DESENVOLVIMENTO DA REGIÃO METROPOLITANA DO VALE DO AÇO - ARMVA,4,4,90,52,10,1,10580,15,127,77,4,286,4286,1,100100.00,100100.00,100100.00,0,FOMENTO AO DESENVOLVIMENTO SUSTENTÁVEL DA REGIÃO METROPOLITANA DO VALE DO AÇO,CAMINHOS PARA O DESENVOLVIMENTO INTEGRADO METROPOLITANO
2025,1300,"SECRETARIA DE ESTADO DE INFRAESTRUTURA, MOBILIDADE E PARCERIA - SEINFRA",3,0,2461,AGÊNCIA DE DESENVOLVIMENTO DA REGIÃO METROPOLITANA DO VALE DO AÇO - ARMVA,3,3,90,30,32,1,10973,15,127,125,4,528,4528,1,50000.00,50000.00,50000.00,1,MINAS REURB ARMVA,POLÍTICA DE REGULARIZAÇÃO FUNDIÁRIA E DE GESTÃO DE IMÓVEIS
2025,1300,"SECRETARIA DE ESTADO DE INFRAESTRUTURA, MOBILIDADE E PARCERIA - SEINFRA",3,0,2461,AGÊNCIA DE DESENVOLVIMENTO DA REGIÃO METROPOLITANA DO VALE DO AÇO - ARMVA,3,3,90,37,32,1,10973,15,127,125,4,528,4528,1,1092000.00,1092000.00,1092000.00,1,MINAS REURB ARMVA,POLÍTICA DE REGULARIZAÇÃO FUNDIÁRIA E DE GESTÃO DE IMÓVEIS
2025,1300,"SECRETARIA DE ESTADO DE INFRAESTRUTURA, MOBILIDADE E PARCERIA - SEINFRA",3,0,2461,AGÊNCIA DE DESENVOLVIMENTO DA REGIÃO METROPOLITANA DO VALE DO AÇO - ARMVA,3,3,90,39,10,3,10973,15,127,125,4,528,4528,1,96325.00,96325.00,96325.00,1,MINAS REURB ARMVA,POLÍTICA DE REGULARIZAÇÃO FUNDIÁRIA E DE GESTÃO DE IMÓVEIS
2025,1300,"SECRETARIA DE ESTADO DE INFRAESTRUTURA, MOBILIDADE E PARCERIA - SEINFRA",3,0,2461,AGÊNCIA DE DESENVOLVIMENTO DA REGIÃO METROPOLITANA DO VALE DO AÇO - ARMVA,3,3,90,39,24,1,10973,15,127,125,4,528,4528,1,3433022.00,3433022.00,3433022.00,1,MINAS REURB ARMVA,POLÍTICA DE REGULARIZAÇÃO FUNDIÁRIA E DE GESTÃO DE IMÓVEIS
2025,1300,"SECRETARIA DE ESTADO DE INFRAESTRUTURA, MOBILIDADE E PARCERIA - SEINFRA",3,0,2461,AGÊNCIA DE DESENVOLVIMENTO DA REGIÃO METROPOLITANA DO VALE DO AÇO - ARMVA,3,3,90,39,32,1,10973,15,127,125,4,528,4528,1,968068.00,968068.00,968068.00,1,MINAS REURB ARMVA,POLÍTICA DE REGULARIZAÇÃO FUNDIÁRIA E DE GESTÃO DE IMÓVEIS
2025,1300,"SECRETARIA DE ESTADO DE INFRAESTRUTURA, MOBILIDADE E PARCERIA - SEINFRA",3,0,2461,AGÊNCIA DE DESENVOLVIMENTO DA REGIÃO METROPOLITANA DO VALE DO AÇO - ARMVA,3,3,90,40,32,1,10973,15,127,125,4,528,4528,1,254400.00,254400.00,254400.00,1,MINAS REURB ARMVA,POLÍTICA DE REGULARIZAÇÃO FUNDIÁRIA E DE GESTÃO DE IMÓVEIS
2025,1300,"SECRETARIA DE ESTADO DE INFRAESTRUTURA, MOBILIDADE E PARCERIA - SEINFRA",3,0,2461,AGÊNCIA DE DESENVOLVIMENTO DA REGIÃO METROPOLITANA DO VALE DO AÇO - ARMVA,3,3,90,47,32,1,10973,15,127,125,4,528,4528,1,66100.00,66100.00,66100.00,1,MINAS REURB ARMVA,POLÍTICA DE REGULARIZAÇÃO FUNDIÁRIA E DE GESTÃO DE IMÓVEIS
2025,1300,"SECRETARIA DE ESTADO DE INFRAESTRUTURA, MOBILIDADE E PARCERIA - SEINFRA",3,0,2461,AGÊNCIA DE DESENVOLVIMENTO DA REGIÃO METROPOLITANA DO VALE DO AÇO - ARMVA,3,1,90,91,10,9,8386,28,846,705,7,4,7004,1,1000.00,1000.00,1000.00,0,PRECATÓRIOS E SENTENÇAS JUDICIÁRIAS,APOIO ÀS POLÍTICAS PÚBLICAS
2025,1300,"SECRETARIA DE ESTADO DE INFRAESTRUTURA, MOBILIDADE E PARCERIA - SEINFRA",3,0,4331,FUNDO DE DESENVOLVIMENTO METROPOLITANO - FDM,3,3,90,35,59,1,10834,15,127,77,4,471,4471,1,1000.00,1000.00,1000.00,0,METRÓPOLE PLANEJADA,CAMINHOS PARA O DESENVOLVIMENTO INTEGRADO METROPOLITANO
2025,1300,"SECRETARIA DE ESTADO DE INFRAESTRUTURA, MOBILIDADE E PARCERIA - SEINFRA",3,0,4331,FUNDO DE DESENVOLVIMENTO METROPOLITANO - FDM,3,3,90,40,10,1,10960,15,127,77,4,518,4518,1,89000.00,89000.00,89000.00,0,METRÓPOLE DIGITAL,CAMINHOS PARA O DESENVOLVIMENTO INTEGRADO METROPOLITANO
2025,1300,"SECRETARIA DE ESTADO DE INFRAESTRUTURA, MOBILIDADE E PARCERIA - SEINFRA",3,0,4331,FUNDO DE DESENVOLVIMENTO METROPOLITANO - FDM,3,3,90,40,59,1,10960,15,127,77,4,518,4518,1,89000.00,89000.00,89000.00,0,METRÓPOLE DIGITAL,CAMINHOS PARA O DESENVOLVIMENTO INTEGRADO METROPOLITANO
2025,1300,"SECRETARIA DE ESTADO DE INFRAESTRUTURA, MOBILIDADE E PARCERIA - SEINFRA",3,0,4331,FUNDO DE DESENVOLVIMENTO METROPOLITANO - FDM,3,3,90,35,10,1,10974,15,127,77,4,529,4529,1,1000.00,1000.00,1000.00,0,INTEGRAÇÃO DO PLANEJAMENTO NA REGIÃO METROPOLITANA DO VALE DO AÇO,CAMINHOS PARA O DESENVOLVIMENTO INTEGRADO METROPOLITANO
2025,1300,"SECRETARIA DE ESTADO DE INFRAESTRUTURA, MOBILIDADE E PARCERIA - SEINFRA",3,0,4381,FUNDO ESTADUAL DE DESENVOLVIMENTO DE TRANSPORTES - FUNTRANS,3,3,90,30,83,1,3412,26,129,705,2,29,2029,1,530000.00,530000.00,530000.00,0,ADMINISTRAÇÃO E OPERACIONALIZAÇÃO DA ARRECADAÇÃO DO FUNTRANS,APOIO ÀS POLÍTICAS PÚBLICAS
2025,1300,"SECRETARIA DE ESTADO DE INFRAESTRUTURA, MOBILIDADE E PARCERIA - SEINFRA",3,0,4381,FUNDO ESTADUAL DE DESENVOLVIMENTO DE TRANSPORTES - FUNTRANS,3,3,90,37,83,1,3412,26,129,705,2,29,2029,1,4412280.00,4412280.00,4412280.00,0,ADMINISTRAÇÃO E OPERACIONALIZAÇÃO DA ARRECADAÇÃO DO FUNTRANS,APOIO ÀS POLÍTICAS PÚBLICAS
2025,1300,"SECRETARIA DE ESTADO DE INFRAESTRUTURA, MOBILIDADE E PARCERIA - SEINFRA",3,0,4381,FUNDO ESTADUAL DE DESENVOLVIMENTO DE TRANSPORTES - FUNTRANS,3,3,90,39,83,1,3412,26,129,705,2,29,2029,1,9866000.00,9866000.00,9866000.00,0,ADMINISTRAÇÃO E OPERACIONALIZAÇÃO DA ARRECADAÇÃO DO FUNTRANS,APOIO ÀS POLÍTICAS PÚBLICAS
2025,1300,"SECRETARIA DE ESTADO DE INFRAESTRUTURA, MOBILIDADE E PARCERIA - SEINFRA",3,0,4381,FUNDO ESTADUAL DE DESENVOLVIMENTO DE TRANSPORTES - FUNTRANS,3,3,90,40,83,1,3412,26,129,705,2,29,2029,1,10385193.00,10385193.00,10385193.00,0,ADMINISTRAÇÃO E OPERACIONALIZAÇÃO DA ARRECADAÇÃO DO FUNTRANS,APOIO ÀS POLÍTICAS PÚBLICAS
2025,1300,"SECRETARIA DE ESTADO DE INFRAESTRUTURA, MOBILIDADE E PARCERIA - SEINFRA",3,0,4381,FUNDO ESTADUAL DE DESENVOLVIMENTO DE TRANSPORTES - FUNTRANS,4,4,90,39,83,1,10472,26,782,82,4,201,4201,1,38490000.00,38490000.00,38490000.00,0,CONTROLE DE VELOCIDADE,PROMOÇÃO DA SEGURANÇA VIÁRIA
2025,1300,"SECRETARIA DE ESTADO DE INFRAESTRUTURA, MOBILIDADE E PARCERIA - SEINFRA",3,0,4381,FUNDO ESTADUAL DE DESENVOLVIMENTO DE TRANSPORTES - FUNTRANS,3,3,90,39,83,1,10488,26,782,82,4,209,4209,1,70000.00,70000.00,70000.00,0,EDUCAÇÃO PARA O TRÂNSITO,PROMOÇÃO DA SEGURANÇA VIÁRIA
2025,1300,"SECRETARIA DE ESTADO DE INFRAESTRUTURA, MOBILIDADE E PARCERIA - SEINFRA",3,0,4381,FUNDO ESTADUAL DE DESENVOLVIMENTO DE TRANSPORTES - FUNTRANS,4,4,90,39,54,1,10490,26,782,82,4,210,4210,1,3871712.00,3871712.00,3871712.00,0,REGULAÇÃO DO USO E OCUPAÇÃO DA FAIXA DE DOMÍNIO,PROMOÇÃO DA SEGURANÇA VIÁRIA
2025,1300,"SECRETARIA DE ESTADO DE INFRAESTRUTURA, MOBILIDADE E PARCERIA - SEINFRA",3,0,4381,FUNDO ESTADUAL DE DESENVOLVIMENTO DE TRANSPORTES - FUNTRANS,4,4,90,39,83,1,10491,26,782,82,4,211,4211,1,11128288.00,11128288.00,11128288.00,0,SERVIÇO DE APOIO INTEGRADO AO USUÁRIO,PROMOÇÃO DA SEGURANÇA VIÁRIA
2025,1300,"SECRETARIA DE ESTADO DE INFRAESTRUTURA, MOBILIDADE E PARCERIA - SEINFRA",3,0,4381,FUNDO ESTADUAL DE DESENVOLVIMENTO DE TRANSPORTES - FUNTRANS,4,4,90,51,83,1,10719,26,782,82,4,382,4382,1,20000000.00,20000000.00,20000000.00,0,INTERVENÇÕES DE SEGURANÇA VIÁRIA,PROMOÇÃO DA SEGURANÇA VIÁRIA
2025,1300,"SECRETARIA DE ESTADO DE INFRAESTRUTURA, MOBILIDADE E PARCERIA - SEINFRA",3,0,4381,FUNDO ESTADUAL DE DESENVOLVIMENTO DE TRANSPORTES - FUNTRANS,4,4,90,39,83,1,10970,26,782,82,4,526,4526,1,57700000.00,57700000.00,57700000.00,0,CONTROLE DE CARGAS,PROMOÇÃO DA SEGURANÇA VIÁRIA
2025,1300,"SECRETARIA DE ESTADO DE INFRAESTRUTURA, MOBILIDADE E PARCERIA - SEINFRA",3,0,4631,FUNDO DE PAGAMENTO DE PARCERIAS PÚBLICO - PRIVADAS DE MINAS GERAIS - FPP - MG,4,5,67,82,10,1,11043,4,130,85,4,128,4128,1,62400000.00,62400000.00,62400000.00,0,LOTE OURO PRETO,PROMOÇÃO DE CONCESSÕES E PARCERIAS
2025,1300,"SECRETARIA DE ESTADO DE INFRAESTRUTURA, MOBILIDADE E PARCERIA - SEINFRA",3,0,4631,FUNDO DE PAGAMENTO DE PARCERIAS PÚBLICO - PRIVADAS DE MINAS GERAIS - FPP - MG,4,5,67,82,10,1,11045,4,130,85,4,139,4139,1,1000.00,1000.00,1000.00,0,"CONCESSÕES DE TRANSPORTES NAS MODALIDADES RODOVIÁRIAS, FERROVIÁRIAS, AEROVIÁRIAS, AQUAVIÁRIAS E HIDROVIÁRIAS",PROMOÇÃO DE CONCESSÕES E PARCERIAS
2025,1300,"SECRETARIA DE ESTADO DE INFRAESTRUTURA, MOBILIDADE E PARCERIA - SEINFRA",3,0,4631,FUNDO DE PAGAMENTO DE PARCERIAS PÚBLICO - PRIVADAS DE MINAS GERAIS - FPP - MG,3,3,67,45,10,1,10493,4,130,85,4,213,4213,1,5917851.00,5917851.00,5917851.00,0,AEROPORTOS REGIONAIS,PROMOÇÃO DE CONCESSÕES E PARCERIAS
2025,1300,"SECRETARIA DE ESTADO DE INFRAESTRUTURA, MOBILIDADE E PARCERIA - SEINFRA",3,0,4631,FUNDO DE PAGAMENTO DE PARCERIAS PÚBLICO - PRIVADAS DE MINAS GERAIS - FPP - MG,3,3,67,45,59,2,10493,4,130,85,4,213,4213,1,1114825.00,1114825.00,1114825.00,0,AEROPORTOS REGIONAIS,PROMOÇÃO DE CONCESSÕES E PARCERIAS
2025,1300,"SECRETARIA DE ESTADO DE INFRAESTRUTURA, MOBILIDADE E PARCERIA - SEINFRA",3,0,4631,FUNDO DE PAGAMENTO DE PARCERIAS PÚBLICO - PRIVADAS DE MINAS GERAIS - FPP - MG,4,5,67,83,10,1,10494,4,130,85,4,214,4214,1,100727991.00,100727991.00,100727991.00,0,COMPLEXO MINEIRÃO,PROMOÇÃO DE CONCESSÕES E PARCERIAS
2025,1300,"SECRETARIA DE ESTADO DE INFRAESTRUTURA, MOBILIDADE E PARCERIA - SEINFRA",3,0,4631,FUNDO DE PAGAMENTO DE PARCERIAS PÚBLICO - PRIVADAS DE MINAS GERAIS - FPP - MG,3,3,67,83,10,1,10495,4,130,85,4,215,4215,1,76764042.00,76764042.00,76764042.00,0,COMPLEXO PENAL,PROMOÇÃO DE CONCESSÕES E PARCERIAS
2025,1300,"SECRETARIA DE ESTADO DE INFRAESTRUTURA, MOBILIDADE E PARCERIA - SEINFRA",3,0,4631,FUNDO DE PAGAMENTO DE PARCERIAS PÚBLICO - PRIVADAS DE MINAS GERAIS - FPP - MG,4,5,67,83,10,1,10495,4,130,85,4,215,4215,1,86136863.00,86136863.00,86136863.00,0,COMPLEXO PENAL,PROMOÇÃO DE CONCESSÕES E PARCERIAS
2025,1300,"SECRETARIA DE ESTADO DE INFRAESTRUTURA, MOBILIDADE E PARCERIA - SEINFRA",3,0,4631,FUNDO DE PAGAMENTO DE PARCERIAS PÚBLICO - PRIVADAS DE MINAS GERAIS - FPP - MG,4,5,67,83,10,1,10496,4,130,85,4,216,4216,1,72142114.00,72142114.00,72142114.00,0,RODOVIA MG 050,PROMOÇÃO DE CONCESSÕES E PARCERIAS
2025,1300,"SECRETARIA DE ESTADO DE INFRAESTRUTURA, MOBILIDADE E PARCERIA - SEINFRA",3,0,4631,FUNDO DE PAGAMENTO DE PARCERIAS PÚBLICO - PRIVADAS DE MINAS GERAIS - FPP - MG,3,3,67,83,10,1,10497,4,130,85,4,217,4217,1,49987840.00,49987840.00,49987840.00,0,UNIDADES DE ATENDIMENTO INTEGRAL UAI FASE I,PROMOÇÃO DE CONCESSÕES E PARCERIAS
2025,1300,"SECRETARIA DE ESTADO DE INFRAESTRUTURA, MOBILIDADE E PARCERIA - SEINFRA",3,0,4631,FUNDO DE PAGAMENTO DE PARCERIAS PÚBLICO - PRIVADAS DE MINAS GERAIS - FPP - MG,3,3,67,83,10,1,10498,4,130,85,4,218,4218,1,46927053.00,46927053.00,46927053.00,0,UNIDADES DE ATENDIMENTO INTEGRAL UAI FASE I I,PROMOÇÃO DE CONCESSÕES E PARCERIAS
2025,1300,"SECRETARIA DE ESTADO DE INFRAESTRUTURA, MOBILIDADE E PARCERIA - SEINFRA",3,0,4631,FUNDO DE PAGAMENTO DE PARCERIAS PÚBLICO - PRIVADAS DE MINAS GERAIS - FPP - MG,3,3,67,83,10,1,10499,4,130,85,4,219,4219,1,19316485.00,19316485.00,19316485.00,0,UNIDADES DE ATENDIMENTO INTEGRAL UAI FASE I I I,PROMOÇÃO DE CONCESSÕES E PARCERIAS
2025,1300,"SECRETARIA DE ESTADO DE INFRAESTRUTURA, MOBILIDADE E PARCERIA - SEINFRA",3,0,4631,FUNDO DE PAGAMENTO DE PARCERIAS PÚBLICO - PRIVADAS DE MINAS GERAIS - FPP - MG,4,5,67,83,95,1,10500,4,130,85,4,220,4220,1,737946767.00,737946767.00,737946767.00,0,RODOANEL METROPOLITANO DE BELO HORIZONTE,PROMOÇÃO DE CONCESSÕES E PARCERIAS
2025,1300,"SECRETARIA DE ESTADO DE INFRAESTRUTURA, MOBILIDADE E PARCERIA - SEINFRA",3,0,4631,FUNDO DE PAGAMENTO DE PARCERIAS PÚBLICO - PRIVADAS DE MINAS GERAIS - FPP - MG,4,5,67,82,60,2,10501,4,130,85,4,221,4221,1,1000.00,1000.00,1000.00,0,LOTES RODOVIÁRIOS,PROMOÇÃO DE CONCESSÕES E PARCERIAS
2025,1300,"SECRETARIA DE ESTADO DE INFRAESTRUTURA, MOBILIDADE E PARCERIA - SEINFRA",3,0,4631,FUNDO DE PAGAMENTO DE PARCERIAS PÚBLICO - PRIVADAS DE MINAS GERAIS - FPP - MG,4,5,67,82,10,1,10503,4,130,85,4,223,4223,1,70264443.00,70264443.00,70264443.00,0,LOTE 2: SUL DE MINAS,PROMOÇÃO DE CONCESSÕES E PARCERIAS
2025,1300,"SECRETARIA DE ESTADO DE INFRAESTRUTURA, MOBILIDADE E PARCERIA - SEINFRA",3,0,4631,FUNDO DE PAGAMENTO DE PARCERIAS PÚBLICO - PRIVADAS DE MINAS GERAIS - FPP - MG,4,5,67,82,60,2,10503,4,130,85,4,223,4223,1,105697643.00,105697643.00,105697643.00,0,LOTE 2: SUL DE MINAS,PROMOÇÃO DE CONCESSÕES E PARCERIAS
2025,1300,"SECRETARIA DE ESTADO DE INFRAESTRUTURA, MOBILIDADE E PARCERIA - SEINFRA",3,0,4631,FUNDO DE PAGAMENTO DE PARCERIAS PÚBLICO - PRIVADAS DE MINAS GERAIS - FPP - MG,4,5,67,82,60,2,10644,4,130,85,4,334,4334,1,1000.00,1000.00,1000.00,0,"IMPLANTAÇÃO, RECUPERAÇÃO, MODERNIZAÇÃO, MANUTENÇÃO E OPERAÇÃO DE TERMINAIS E ESTAÇÕES DE TRANSPORTE DE PASSAGEIROS",PROMOÇÃO DE CONCESSÕES E PARCERIAS
2025,1300,"SECRETARIA DE ESTADO DE INFRAESTRUTURA, MOBILIDADE E PARCERIA - SEINFRA",3,0,4631,FUNDO DE PAGAMENTO DE PARCERIAS PÚBLICO - PRIVADAS DE MINAS GERAIS - FPP - MG,4,5,67,83,10,1,10504,6,130,85,4,224,4224,1,1000.00,1000.00,1000.00,0,MODELOS ALTERNATIVOS DE PRESTAÇÃO DA MEDIDA DE ATENDIMENTO SOCIOEDUCATIVA DE PRIVAÇÃO DE LIBERDADE,PROMOÇÃO DE CONCESSÕES E PARCERIAS
2025,1300,"SECRETARIA DE ESTADO DE INFRAESTRUTURA, MOBILIDADE E PARCERIA - SEINFRA",3,0,4631,FUNDO DE PAGAMENTO DE PARCERIAS PÚBLICO - PRIVADAS DE MINAS GERAIS - FPP - MG,4,5,67,83,10,1,10506,10,130,85,4,226,4226,1,1000.00,1000.00,1000.00,0,COMPLEXO DE SAÚDE (FHEMIG),PROMOÇÃO DE CONCESSÕES E PARCERIAS
2025,1300,"SECRETARIA DE ESTADO DE INFRAESTRUTURA, MOBILIDADE E PARCERIA - SEINFRA",3,0,4631,FUNDO DE PAGAMENTO DE PARCERIAS PÚBLICO - PRIVADAS DE MINAS GERAIS - FPP - MG,4,5,67,83,10,1,10507,10,130,85,4,227,4227,1,1000.00,1000.00,1000.00,0,COMPLEXO DE SAÚDE (FUNED),PROMOÇÃO DE CONCESSÕES E PARCERIAS
2025,1300,"SECRETARIA DE ESTADO DE INFRAESTRUTURA, MOBILIDADE E PARCERIA - SEINFRA",3,0,4631,FUNDO DE PAGAMENTO DE PARCERIAS PÚBLICO - PRIVADAS DE MINAS GERAIS - FPP - MG,4,5,67,83,10,1,10505,12,130,85,4,225,4225,1,1000.00,1000.00,1000.00,0,MANUTENÇÃO E REFORMA DE ESCOLAS,PROMOÇÃO DE CONCESSÕES E PARCERIAS
2025,1300,"SECRETARIA DE ESTADO DE INFRAESTRUTURA, MOBILIDADE E PARCERIA - SEINFRA",3,0,4641,FUNDO DE GARANTIAS DE PARCERIAS PÚBLICO - PRIVADAS DE MINAS GERAIS - FGP - MG,3,3,67,83,10,1,10776,4,130,85,4,432,4432,1,1000.00,1000.00,1000.00,0,GESTÃO E APRIMORAMENTO DO FUNDO GARANTIDOR DE PPP,PROMOÇÃO DE CONCESSÕES E PARCERIAS
2025,1320,SECRETARIA DE ESTADO DE SAÚDE - SES,3,0,2261,FUNDAÇÃO EZEQUIEL DIAS - FUNED,3,3,90,8,10,1,9813,10,122,705,2,500,2500,1,168888.00,168888.00,168888.00,0,ASSESSORAMENTO E GERENCIAMENTO DE POLÍTICAS PÚBLICAS,APOIO ÀS POLÍTICAS PÚBLICAS
2025,1320,SECRETARIA DE ESTADO DE SAÚDE - SES,3,0,2261,FUNDAÇÃO EZEQUIEL DIAS - FUNED,3,3,90,14,10,1,9813,10,122,705,2,500,2500,1,72000.00,72000.00,72000.00,0,ASSESSORAMENTO E GERENCIAMENTO DE POLÍTICAS PÚBLICAS,APOIO ÀS POLÍTICAS PÚBLICAS
2025,1320,SECRETARIA DE ESTADO DE SAÚDE - SES,3,0,2261,FUNDAÇÃO EZEQUIEL DIAS - FUNED,3,3,90,30,10,1,9813,10,122,705,2,500,2500,1,204208.00,204208.00,204208.00,0,ASSESSORAMENTO E GERENCIAMENTO DE POLÍTICAS PÚBLICAS,APOIO ÀS POLÍTICAS PÚBLICAS
2025,1320,SECRETARIA DE ESTADO DE SAÚDE - SES,3,0,2261,FUNDAÇÃO EZEQUIEL DIAS - FUNED,3,3,90,33,10,1,9813,10,122,705,2,500,2500,1,206550.00,206550.00,206550.00,0,ASSESSORAMENTO E GERENCIAMENTO DE POLÍTICAS PÚBLICAS,APOIO ÀS POLÍTICAS PÚBLICAS
2025,1320,SECRETARIA DE ESTADO DE SAÚDE - SES,3,0,2261,FUNDAÇÃO EZEQUIEL DIAS - FUNED,3,3,90,36,10,1,9813,10,122,705,2,500,2500,1,380725.00,380725.00,380725.00,0,ASSESSORAMENTO E GERENCIAMENTO DE POLÍTICAS PÚBLICAS,APOIO ÀS POLÍTICAS PÚBLICAS
2025,1320,SECRETARIA DE ESTADO DE SAÚDE - SES,3,0,2261,FUNDAÇÃO EZEQUIEL DIAS - FUNED,3,3,90,37,10,1,9813,10,122,705,2,500,2500,1,4306489.00,4306489.00,4306489.00,0,ASSESSORAMENTO E GERENCIAMENTO DE POLÍTICAS PÚBLICAS,APOIO ÀS POLÍTICAS PÚBLICAS
2025,1320,SECRETARIA DE ESTADO DE SAÚDE - SES,3,0,2261,FUNDAÇÃO EZEQUIEL DIAS - FUNED,3,3,90,39,10,1,9813,10,122,705,2,500,2500,1,2568545.00,2568545.00,2568545.00,0,ASSESSORAMENTO E GERENCIAMENTO DE POLÍTICAS PÚBLICAS,APOIO ÀS POLÍTICAS PÚBLICAS
2025,1320,SECRETARIA DE ESTADO DE SAÚDE - SES,3,0,2261,FUNDAÇÃO EZEQUIEL DIAS - FUNED,3,3,90,40,10,1,9813,10,122,705,2,500,2500,1,1330296.00,1330296.00,1330296.00,0,ASSESSORAMENTO E GERENCIAMENTO DE POLÍTICAS PÚBLICAS,APOIO ÀS POLÍTICAS PÚBLICAS
2025,1320,SECRETARIA DE ESTADO DE SAÚDE - SES,3,0,2261,FUNDAÇÃO EZEQUIEL DIAS - FUNED,3,3,90,47,10,1,9813,10,122,705,2,500,2500,1,265538.00,265538.00,265538.00,0,ASSESSORAMENTO E GERENCIAMENTO DE POLÍTICAS PÚBLICAS,APOIO ÀS POLÍTICAS PÚBLICAS
2025,1320,SECRETARIA DE ESTADO DE SAÚDE - SES,3,0,2261,FUNDAÇÃO EZEQUIEL DIAS - FUNED,3,3,90,49,10,1,9813,10,122,705,2,500,2500,1,25920.00,25920.00,25920.00,0,ASSESSORAMENTO E GERENCIAMENTO DE POLÍTICAS PÚBLICAS,APOIO ÀS POLÍTICAS PÚBLICAS
2025,1320,SECRETARIA DE ESTADO DE SAÚDE - SES,3,0,2261,FUNDAÇÃO EZEQUIEL DIAS - FUNED,4,4,90,40,10,1,9813,10,122,705,2,500,2500,1,4325359.00,4325359.00,4325359.00,0,ASSESSORAMENTO E GERENCIAMENTO DE POLÍTICAS PÚBLICAS,APOIO ÀS POLÍTICAS PÚBLICAS
2025,1320,SECRETARIA DE ESTADO DE SAÚDE - SES,3,0,2261,FUNDAÇÃO EZEQUIEL DIAS - FUNED,4,4,90,51,10,1,9813,10,122,705,2,500,2500,1,20650000.00,20650000.00,20650000.00,0,ASSESSORAMENTO E GERENCIAMENTO DE POLÍTICAS PÚBLICAS,APOIO ÀS POLÍTICAS PÚBLICAS
2025,1320,SECRETARIA DE ESTADO DE SAÚDE - SES,3,0,2261,FUNDAÇÃO EZEQUIEL DIAS - FUNED,4,4,90,52,10,1,9813,10,122,705,2,500,2500,1,1111816.00,1111816.00,1111816.00,0,ASSESSORAMENTO E GERENCIAMENTO DE POLÍTICAS PÚBLICAS,APOIO ÀS POLÍTICAS PÚBLICAS
2025,1320,SECRETARIA DE ESTADO DE SAÚDE - SES,3,0,2261,FUNDAÇÃO EZEQUIEL DIAS - FUNED,4,4,90,52,47,1,9813,10,122,705,2,500,2500,1,35500.00,35500.00,35500.00,0,ASSESSORAMENTO E GERENCIAMENTO DE POLÍTICAS PÚBLICAS,APOIO ÀS POLÍTICAS PÚBLICAS
2025,1320,SECRETARIA DE ESTADO DE SAÚDE - SES,3,0,2261,FUNDAÇÃO EZEQUIEL DIAS - FUNED,3,3,90,8,10,1,10814,10,303,153,4,457,4457,1,143555.00,143555.00,143555.00,0,ATENDIMENTO DE ANÁLISES LABORATORIAIS DE INTERESSE DA SAÚDE PÚBLICA,VIGILÂNCIA LABORATORIAL EM SAÚDE PÚBLICA
2025,1320,SECRETARIA DE ESTADO DE SAÚDE - SES,3,0,2261,FUNDAÇÃO EZEQUIEL DIAS - FUNED,3,3,90,13,10,1,10814,10,303,153,4,457,4457,1,1500.00,1500.00,1500.00,0,ATENDIMENTO DE ANÁLISES LABORATORIAIS DE INTERESSE DA SAÚDE PÚBLICA,VIGILÂNCIA LABORATORIAL EM SAÚDE PÚBLICA
2025,1320,SECRETARIA DE ESTADO DE SAÚDE - SES,3,0,2261,FUNDAÇÃO EZEQUIEL DIAS - FUNED,3,3,90,14,10,1,10814,10,303,153,4,457,4457,1,48000.00,48000.00,48000.00,0,ATENDIMENTO DE ANÁLISES LABORATORIAIS DE INTERESSE DA SAÚDE PÚBLICA,VIGILÂNCIA LABORATORIAL EM SAÚDE PÚBLICA
2025,1320,SECRETARIA DE ESTADO DE SAÚDE - SES,3,0,2261,FUNDAÇÃO EZEQUIEL DIAS - FUNED,3,3,90,30,10,1,10814,10,303,153,4,457,4457,1,8704279.00,8704279.00,8704279.00,0,ATENDIMENTO DE ANÁLISES LABORATORIAIS DE INTERESSE DA SAÚDE PÚBLICA,VIGILÂNCIA LABORATORIAL EM SAÚDE PÚBLICA
2025,1320,SECRETARIA DE ESTADO DE SAÚDE - SES,3,0,2261,FUNDAÇÃO EZEQUIEL DIAS - FUNED,3,3,90,32,10,1,10814,10,303,153,4,457,4457,1,10000.00,10000.00,10000.00,0,ATENDIMENTO DE ANÁLISES LABORATORIAIS DE INTERESSE DA SAÚDE PÚBLICA,VIGILÂNCIA LABORATORIAL EM SAÚDE PÚBLICA
2025,1320,SECRETARIA DE ESTADO DE SAÚDE - SES,3,0,2261,FUNDAÇÃO EZEQUIEL DIAS - FUNED,3,3,90,33,10,1,10814,10,303,153,4,457,4457,1,75700.00,75700.00,75700.00,0,ATENDIMENTO DE ANÁLISES LABORATORIAIS DE INTERESSE DA SAÚDE PÚBLICA,VIGILÂNCIA LABORATORIAL EM SAÚDE PÚBLICA
2025,1320,SECRETARIA DE ESTADO DE SAÚDE - SES,3,0,2261,FUNDAÇÃO EZEQUIEL DIAS - FUNED,3,3,90,35,10,1,10814,10,303,153,4,457,4457,1,40777.00,40777.00,40777.00,0,ATENDIMENTO DE ANÁLISES LABORATORIAIS DE INTERESSE DA SAÚDE PÚBLICA,VIGILÂNCIA LABORATORIAL EM SAÚDE PÚBLICA
2025,1320,SECRETARIA DE ESTADO DE SAÚDE - SES,3,0,2261,FUNDAÇÃO EZEQUIEL DIAS - FUNED,3,3,90,36,10,1,10814,10,303,153,4,457,4457,1,423804.00,423804.00,423804.00,0,ATENDIMENTO DE ANÁLISES LABORATORIAIS DE INTERESSE DA SAÚDE PÚBLICA,VIGILÂNCIA LABORATORIAL EM SAÚDE PÚBLICA
2025,1320,SECRETARIA DE ESTADO DE SAÚDE - SES,3,0,2261,FUNDAÇÃO EZEQUIEL DIAS - FUNED,3,3,90,37,10,1,10814,10,303,153,4,457,4457,1,1821429.00,1821429.00,1821429.00,0,ATENDIMENTO DE ANÁLISES LABORATORIAIS DE INTERESSE DA SAÚDE PÚBLICA,VIGILÂNCIA LABORATORIAL EM SAÚDE PÚBLICA
2025,1320,SECRETARIA DE ESTADO DE SAÚDE - SES,3,0,2261,FUNDAÇÃO EZEQUIEL DIAS - FUNED,3,3,90,39,10,1,10814,10,303,153,4,457,4457,1,8771798.00,8771798.00,8771798.00,0,ATENDIMENTO DE ANÁLISES LABORATORIAIS DE INTERESSE DA SAÚDE PÚBLICA,VIGILÂNCIA LABORATORIAL EM SAÚDE PÚBLICA
2025,1320,SECRETARIA DE ESTADO DE SAÚDE - SES,3,0,2261,FUNDAÇÃO EZEQUIEL DIAS - FUNED,3,3,90,40,10,1,10814,10,303,153,4,457,4457,1,896669.00,896669.00,896669.00,0,ATENDIMENTO DE ANÁLISES LABORATORIAIS DE INTERESSE DA SAÚDE PÚBLICA,VIGILÂNCIA LABORATORIAL EM SAÚDE PÚBLICA
2025,1320,SECRETARIA DE ESTADO DE SAÚDE - SES,3,0,2261,FUNDAÇÃO EZEQUIEL DIAS - FUNED,3,3,90,47,10,1,10814,10,303,153,4,457,4457,1,184419.00,184419.00,184419.00,0,ATENDIMENTO DE ANÁLISES LABORATORIAIS DE INTERESSE DA SAÚDE PÚBLICA,VIGILÂNCIA LABORATORIAL EM SAÚDE PÚBLICA
2025,1320,SECRETARIA DE ESTADO DE SAÚDE - SES,3,0,2261,FUNDAÇÃO EZEQUIEL DIAS - FUNED,3,3,90,49,10,1,10814,10,303,153,4,457,4457,1,47520.00,47520.00,47520.00,0,ATENDIMENTO DE ANÁLISES LABORATORIAIS DE INTERESSE DA SAÚDE PÚBLICA,VIGILÂNCIA LABORATORIAL EM SAÚDE PÚBLICA
2025,1320,SECRETARIA DE ESTADO DE SAÚDE - SES,3,0,2261,FUNDAÇÃO EZEQUIEL DIAS - FUNED,4,4,90,40,10,1,10814,10,303,153,4,457,4457,1,2430504.00,2430504.00,2430504.00,0,ATENDIMENTO DE ANÁLISES LABORATORIAIS DE INTERESSE DA SAÚDE PÚBLICA,VIGILÂNCIA LABORATORIAL EM SAÚDE PÚBLICA
2025,1320,SECRETARIA DE ESTADO DE SAÚDE - SES,3,0,2261,FUNDAÇÃO EZEQUIEL DIAS - FUNED,4,4,90,51,10,1,10814,10,303,153,4,457,4457,1,7850000.00,7850000.00,7850000.00,0,ATENDIMENTO DE ANÁLISES LABORATORIAIS DE INTERESSE DA SAÚDE PÚBLICA,VIGILÂNCIA LABORATORIAL EM SAÚDE PÚBLICA
2025,1320,SECRETARIA DE ESTADO DE SAÚDE - SES,3,0,2261,FUNDAÇÃO EZEQUIEL DIAS - FUNED,4,4,90,52,10,1,10814,10,303,153,4,457,4457,1,13125563.00,13125563.00,13125563.00,0,ATENDIMENTO DE ANÁLISES LABORATORIAIS DE INTERESSE DA SAÚDE PÚBLICA,VIGILÂNCIA LABORATORIAL EM SAÚDE PÚBLICA
2025,1320,SECRETARIA DE ESTADO DE SAÚDE - SES,3,0,2261,FUNDAÇÃO EZEQUIEL DIAS - FUNED,3,3,90,8,10,1,10816,10,303,154,4,459,4459,1,105555.00,105555.00,105555.00,0,"PRODUÇÃO DE VACINA, SOROS E OUTROS PRODUTOS BIOLÓGICOS",DESENVOLVIMENTO E PRODUÇÃO DE MEDICAMENTOS PARA O SISTEMA ÚNICO DE SAÚDE (SUS)
2025,1320,SECRETARIA DE ESTADO DE SAÚDE - SES,3,0,2261,FUNDAÇÃO EZEQUIEL DIAS - FUNED,3,3,90,14,10,1,10816,10,303,154,4,459,4459,1,72000.00,72000.00,72000.00,0,"PRODUÇÃO DE VACINA, SOROS E OUTROS PRODUTOS BIOLÓGICOS",DESENVOLVIMENTO E PRODUÇÃO DE MEDICAMENTOS PARA O SISTEMA ÚNICO DE SAÚDE (SUS)
2025,1320,SECRETARIA DE ESTADO DE SAÚDE - SES,3,0,2261,FUNDAÇÃO EZEQUIEL DIAS - FUNED,3,3,90,30,10,1,10816,10,303,154,4,459,4459,1,28850219.00,28850219.00,28850219.00,0,"PRODUÇÃO DE VACINA, SOROS E OUTROS PRODUTOS BIOLÓGICOS",DESENVOLVIMENTO E PRODUÇÃO DE MEDICAMENTOS PARA O SISTEMA ÚNICO DE SAÚDE (SUS)
2025,1320,SECRETARIA DE ESTADO DE SAÚDE - SES,3,0,2261,FUNDAÇÃO EZEQUIEL DIAS - FUNED,3,3,90,33,10,1,10816,10,303,154,4,459,4459,1,191250.00,191250.00,191250.00,0,"PRODUÇÃO DE VACINA, SOROS E OUTROS PRODUTOS BIOLÓGICOS",DESENVOLVIMENTO E PRODUÇÃO DE MEDICAMENTOS PARA O SISTEMA ÚNICO DE SAÚDE (SUS)
2025,1320,SECRETARIA DE ESTADO DE SAÚDE - SES,3,0,2261,FUNDAÇÃO EZEQUIEL DIAS - FUNED,3,3,90,35,10,1,10816,10,303,154,4,459,4459,1,80000.00,80000.00,80000.00,0,"PRODUÇÃO DE VACINA, SOROS E OUTROS PRODUTOS BIOLÓGICOS",DESENVOLVIMENTO E PRODUÇÃO DE MEDICAMENTOS PARA O SISTEMA ÚNICO DE SAÚDE (SUS)
2025,1320,SECRETARIA DE ESTADO DE SAÚDE - SES,3,0,2261,FUNDAÇÃO EZEQUIEL DIAS - FUNED,3,3,90,36,10,1,10816,10,303,154,4,459,4459,1,661692.00,661692.00,661692.00,0,"PRODUÇÃO DE VACINA, SOROS E OUTROS PRODUTOS BIOLÓGICOS",DESENVOLVIMENTO E PRODUÇÃO DE MEDICAMENTOS PARA O SISTEMA ÚNICO DE SAÚDE (SUS)
2025,1320,SECRETARIA DE ESTADO DE SAÚDE - SES,3,0,2261,FUNDAÇÃO EZEQUIEL DIAS - FUNED,3,3,90,37,10,1,10816,10,303,154,4,459,4459,1,2310448.00,2310448.00,2310448.00,0,"PRODUÇÃO DE VACINA, SOROS E OUTROS PRODUTOS BIOLÓGICOS",DESENVOLVIMENTO E PRODUÇÃO DE MEDICAMENTOS PARA O SISTEMA ÚNICO DE SAÚDE (SUS)
2025,1320,SECRETARIA DE ESTADO DE SAÚDE - SES,3,0,2261,FUNDAÇÃO EZEQUIEL DIAS - FUNED,3,3,90,39,10,1,10816,10,303,154,4,459,4459,1,288152404.00,288152404.00,288152404.00,0,"PRODUÇÃO DE VACINA, SOROS E OUTROS PRODUTOS BIOLÓGICOS",DESENVOLVIMENTO E PRODUÇÃO DE MEDICAMENTOS PARA O SISTEMA ÚNICO DE SAÚDE (SUS)
2025,1320,SECRETARIA DE ESTADO DE SAÚDE - SES,3,0,2261,FUNDAÇÃO EZEQUIEL DIAS - FUNED,3,3,90,40,10,1,10816,10,303,154,4,459,4459,1,827362.00,827362.00,827362.00,0,"PRODUÇÃO DE VACINA, SOROS E OUTROS PRODUTOS BIOLÓGICOS",DESENVOLVIMENTO E PRODUÇÃO DE MEDICAMENTOS PARA O SISTEMA ÚNICO DE SAÚDE (SUS)
2025,1320,SECRETARIA DE ESTADO DE SAÚDE - SES,3,0,2261,FUNDAÇÃO EZEQUIEL DIAS - FUNED,3,3,90,47,10,1,10816,10,303,154,4,459,4459,1,120000.00,120000.00,120000.00,0,"PRODUÇÃO DE VACINA, SOROS E OUTROS PRODUTOS BIOLÓGICOS",DESENVOLVIMENTO E PRODUÇÃO DE MEDICAMENTOS PARA O SISTEMA ÚNICO DE SAÚDE (SUS)
2025,1320,SECRETARIA DE ESTADO DE SAÚDE - SES,3,0,2261,FUNDAÇÃO EZEQUIEL DIAS - FUNED,3,3,90,49,10,1,10816,10,303,154,4,459,4459,1,10800.00,10800.00,10800.00,0,"PRODUÇÃO DE VACINA, SOROS E OUTROS PRODUTOS BIOLÓGICOS",DESENVOLVIMENTO E PRODUÇÃO DE MEDICAMENTOS PARA O SISTEMA ÚNICO DE SAÚDE (SUS)
2025,1320,SECRETARIA DE ESTADO DE SAÚDE - SES,3,0,2261,FUNDAÇÃO EZEQUIEL DIAS - FUNED,4,4,90,40,10,1,10816,10,303,154,4,459,4459,1,1739544.00,1739544.00,1739544.00,0,"PRODUÇÃO DE VACINA, SOROS E OUTROS PRODUTOS BIOLÓGICOS",DESENVOLVIMENTO E PRODUÇÃO DE MEDICAMENTOS PARA O SISTEMA ÚNICO DE SAÚDE (SUS)
2025,1320,SECRETARIA DE ESTADO DE SAÚDE - SES,3,0,2261,FUNDAÇÃO EZEQUIEL DIAS - FUNED,4,4,90,51,10,1,10816,10,303,154,4,459,4459,1,3055000.00,3055000.00,3055000.00,0,"PRODUÇÃO DE VACINA, SOROS E OUTROS PRODUTOS BIOLÓGICOS",DESENVOLVIMENTO E PRODUÇÃO DE MEDICAMENTOS PARA O SISTEMA ÚNICO DE SAÚDE (SUS)
2025,1320,SECRETARIA DE ESTADO DE SAÚDE - SES,3,0,2261,FUNDAÇÃO EZEQUIEL DIAS - FUNED,4,4,90,52,10,1,10816,10,303,154,4,459,4459,1,1133088.00,1133088.00,1133088.00,0,"PRODUÇÃO DE VACINA, SOROS E OUTROS PRODUTOS BIOLÓGICOS",DESENVOLVIMENTO E PRODUÇÃO DE MEDICAMENTOS PARA O SISTEMA ÚNICO DE SAÚDE (SUS)
2025,1320,SECRETARIA DE ESTADO DE SAÚDE - SES,3,0,2261,FUNDAÇÃO EZEQUIEL DIAS - FUNED,3,3,90,8,10,1,10817,10,303,154,4,460,4460,1,46445.00,46445.00,46445.00,0,PRODUÇÃO DE MEDICAMENTOS SINTÉTICOS,DESENVOLVIMENTO E PRODUÇÃO DE MEDICAMENTOS PARA O SISTEMA ÚNICO DE SAÚDE (SUS)
2025,1320,SECRETARIA DE ESTADO DE SAÚDE - SES,3,0,2261,FUNDAÇÃO EZEQUIEL DIAS - FUNED,3,3,90,14,10,1,10817,10,303,154,4,460,4460,1,48000.00,48000.00,48000.00,0,PRODUÇÃO DE MEDICAMENTOS SINTÉTICOS,DESENVOLVIMENTO E PRODUÇÃO DE MEDICAMENTOS PARA O SISTEMA ÚNICO DE SAÚDE (SUS)
2025,1320,SECRETARIA DE ESTADO DE SAÚDE - SES,3,0,2261,FUNDAÇÃO EZEQUIEL DIAS - FUNED,3,3,90,30,10,1,10817,10,303,154,4,460,4460,1,25576879.00,25576879.00,25576879.00,0,PRODUÇÃO DE MEDICAMENTOS SINTÉTICOS,DESENVOLVIMENTO E PRODUÇÃO DE MEDICAMENTOS PARA O SISTEMA ÚNICO DE SAÚDE (SUS)
2025,1320,SECRETARIA DE ESTADO DE SAÚDE - SES,3,0,2261,FUNDAÇÃO EZEQUIEL DIAS - FUNED,3,3,90,33,10,1,10817,10,303,154,4,460,4460,1,41500.00,41500.00,41500.00,0,PRODUÇÃO DE MEDICAMENTOS SINTÉTICOS,DESENVOLVIMENTO E PRODUÇÃO DE MEDICAMENTOS PARA O SISTEMA ÚNICO DE SAÚDE (SUS)
2025,1320,SECRETARIA DE ESTADO DE SAÚDE - SES,3,0,2261,FUNDAÇÃO EZEQUIEL DIAS - FUNED,3,3,90,35,10,1,10817,10,303,154,4,460,4460,1,25500.00,25500.00,25500.00,0,PRODUÇÃO DE MEDICAMENTOS SINTÉTICOS,DESENVOLVIMENTO E PRODUÇÃO DE MEDICAMENTOS PARA O SISTEMA ÚNICO DE SAÚDE (SUS)
2025,1320,SECRETARIA DE ESTADO DE SAÚDE - SES,3,0,2261,FUNDAÇÃO EZEQUIEL DIAS - FUNED,3,3,90,36,10,1,10817,10,303,154,4,460,4460,1,91758.00,91758.00,91758.00,0,PRODUÇÃO DE MEDICAMENTOS SINTÉTICOS,DESENVOLVIMENTO E PRODUÇÃO DE MEDICAMENTOS PARA O SISTEMA ÚNICO DE SAÚDE (SUS)
2025,1320,SECRETARIA DE ESTADO DE SAÚDE - SES,3,0,2261,FUNDAÇÃO EZEQUIEL DIAS - FUNED,3,3,90,37,10,1,10817,10,303,154,4,460,4460,1,2132985.00,2132985.00,2132985.00,0,PRODUÇÃO DE MEDICAMENTOS SINTÉTICOS,DESENVOLVIMENTO E PRODUÇÃO DE MEDICAMENTOS PARA O SISTEMA ÚNICO DE SAÚDE (SUS)
2025,1320,SECRETARIA DE ESTADO DE SAÚDE - SES,3,0,2261,FUNDAÇÃO EZEQUIEL DIAS - FUNED,3,3,90,39,10,1,10817,10,303,154,4,460,4460,1,10770191.00,10770191.00,10770191.00,0,PRODUÇÃO DE MEDICAMENTOS SINTÉTICOS,DESENVOLVIMENTO E PRODUÇÃO DE MEDICAMENTOS PARA O SISTEMA ÚNICO DE SAÚDE (SUS)
2025,1320,SECRETARIA DE ESTADO DE SAÚDE - SES,3,0,2261,FUNDAÇÃO EZEQUIEL DIAS - FUNED,3,3,90,40,10,1,10817,10,303,154,4,460,4460,1,140324.00,140324.00,140324.00,0,PRODUÇÃO DE MEDICAMENTOS SINTÉTICOS,DESENVOLVIMENTO E PRODUÇÃO DE MEDICAMENTOS PARA O SISTEMA ÚNICO DE SAÚDE (SUS)
2025,1320,SECRETARIA DE ESTADO DE SAÚDE - SES,3,0,2261,FUNDAÇÃO EZEQUIEL DIAS - FUNED,3,3,90,47,10,1,10817,10,303,154,4,460,4460,1,61051.00,61051.00,61051.00,0,PRODUÇÃO DE MEDICAMENTOS SINTÉTICOS,DESENVOLVIMENTO E PRODUÇÃO DE MEDICAMENTOS PARA O SISTEMA ÚNICO DE SAÚDE (SUS)
2025,1320,SECRETARIA DE ESTADO DE SAÚDE - SES,3,0,2261,FUNDAÇÃO EZEQUIEL DIAS - FUNED,3,3,90,49,10,1,10817,10,303,154,4,460,4460,1,4320.00,4320.00,4320.00,0,PRODUÇÃO DE MEDICAMENTOS SINTÉTICOS,DESENVOLVIMENTO E PRODUÇÃO DE MEDICAMENTOS PARA O SISTEMA ÚNICO DE SAÚDE (SUS)
2025,1320,SECRETARIA DE ESTADO DE SAÚDE - SES,3,0,2261,FUNDAÇÃO EZEQUIEL DIAS - FUNED,4,4,90,40,10,1,10817,10,303,154,4,460,4460,1,1253570.00,1253570.00,1253570.00,0,PRODUÇÃO DE MEDICAMENTOS SINTÉTICOS,DESENVOLVIMENTO E PRODUÇÃO DE MEDICAMENTOS PARA O SISTEMA ÚNICO DE SAÚDE (SUS)
2025,1320,SECRETARIA DE ESTADO DE SAÚDE - SES,3,0,2261,FUNDAÇÃO EZEQUIEL DIAS - FUNED,4,4,90,51,10,1,10817,10,303,154,4,460,4460,1,17875000.00,17875000.00,17875000.00,0,PRODUÇÃO DE MEDICAMENTOS SINTÉTICOS,DESENVOLVIMENTO E PRODUÇÃO DE MEDICAMENTOS PARA O SISTEMA ÚNICO DE SAÚDE (SUS)
2025,1320,SECRETARIA DE ESTADO DE SAÚDE - SES,3,0,2261,FUNDAÇÃO EZEQUIEL DIAS - FUNED,4,4,90,52,10,1,10817,10,303,154,4,460,4460,1,369400.00,369400.00,369400.00,0,PRODUÇÃO DE MEDICAMENTOS SINTÉTICOS,DESENVOLVIMENTO E PRODUÇÃO DE MEDICAMENTOS PARA O SISTEMA ÚNICO DE SAÚDE (SUS)
2025,1320,SECRETARIA DE ESTADO DE SAÚDE - SES,3,0,2261,FUNDAÇÃO EZEQUIEL DIAS - FUNED,4,4,90,52,24,1,10817,10,303,154,4,460,4460,1,4031000.00,4031000.00,4031000.00,0,PRODUÇÃO DE MEDICAMENTOS SINTÉTICOS,DESENVOLVIMENTO E PRODUÇÃO DE MEDICAMENTOS PARA O SISTEMA ÚNICO DE SAÚDE (SUS)
2025,1320,SECRETARIA DE ESTADO DE SAÚDE - SES,3,0,2261,FUNDAÇÃO EZEQUIEL DIAS - FUNED,3,1,90,11,10,1,11140,10,303,705,2,417,2417,1,73261740.00,73261740.00,73261740.00,0,REMUNERAÇÃO DE PESSOAL ATIVO E ENCARGOS SOCIAIS,APOIO ÀS POLÍTICAS PÚBLICAS
2025,1320,SECRETARIA DE ESTADO DE SAÚDE - SES,3,0,2261,FUNDAÇÃO EZEQUIEL DIAS - FUNED,3,1,90,11,57,2,11140,10,303,705,2,417,2417,1,13849.00,13849.00,13849.00,0,REMUNERAÇÃO DE PESSOAL ATIVO E ENCARGOS SOCIAIS,APOIO ÀS POLÍTICAS PÚBLICAS
2025,1320,SECRETARIA DE ESTADO DE SAÚDE - SES,3,0,2261,FUNDAÇÃO EZEQUIEL DIAS - FUNED,3,1,91,13,10,1,11140,10,303,705,2,417,2417,1,22602703.00,22602703.00,22602703.00,0,REMUNERAÇÃO DE PESSOAL ATIVO E ENCARGOS SOCIAIS,APOIO ÀS POLÍTICAS PÚBLICAS
2025,1320,SECRETARIA DE ESTADO DE SAÚDE - SES,3,0,2261,FUNDAÇÃO EZEQUIEL DIAS - FUNED,3,3,90,46,10,7,11140,10,303,705,2,417,2417,1,14966097.00,14966097.00,14966097.00,0,REMUNERAÇÃO DE PESSOAL ATIVO E ENCARGOS SOCIAIS,APOIO ÀS POLÍTICAS PÚBLICAS
2025,1320,SECRETARIA DE ESTADO DE SAÚDE - SES,3,0,2261,FUNDAÇÃO EZEQUIEL DIAS - FUNED,3,3,90,8,10,1,10812,10,571,150,4,455,4455,1,12667.00,12667.00,12667.00,0,POPULARIZAÇÃO DA CIÊNCIA,UNIVERSALIZAÇÃO DO ACESSO AO CONHECIMENTO CIENTÍFICO E TECNOLÓGICO
2025,1320,SECRETARIA DE ESTADO DE SAÚDE - SES,3,0,2261,FUNDAÇÃO EZEQUIEL DIAS - FUNED,3,3,90,14,10,1,10812,10,571,150,4,455,4455,1,96000.00,96000.00,96000.00,0,POPULARIZAÇÃO DA CIÊNCIA,UNIVERSALIZAÇÃO DO ACESSO AO CONHECIMENTO CIENTÍFICO E TECNOLÓGICO
2025,1320,SECRETARIA DE ESTADO DE SAÚDE - SES,3,0,2261,FUNDAÇÃO EZEQUIEL DIAS - FUNED,3,3,90,30,10,1,10812,10,571,150,4,455,4455,1,50492.00,50492.00,50492.00,0,POPULARIZAÇÃO DA CIÊNCIA,UNIVERSALIZAÇÃO DO ACESSO AO CONHECIMENTO CIENTÍFICO E TECNOLÓGICO
2025,1320,SECRETARIA DE ESTADO DE SAÚDE - SES,3,0,2261,FUNDAÇÃO EZEQUIEL DIAS - FUNED,3,3,90,33,10,1,10812,10,571,150,4,455,4455,1,10150.00,10150.00,10150.00,0,POPULARIZAÇÃO DA CIÊNCIA,UNIVERSALIZAÇÃO DO ACESSO AO CONHECIMENTO CIENTÍFICO E TECNOLÓGICO
2025,1320,SECRETARIA DE ESTADO DE SAÚDE - SES,3,0,2261,FUNDAÇÃO EZEQUIEL DIAS - FUNED,3,3,90,36,10,1,10812,10,571,150,4,455,4455,1,15493.00,15493.00,15493.00,0,POPULARIZAÇÃO DA CIÊNCIA,UNIVERSALIZAÇÃO DO ACESSO AO CONHECIMENTO CIENTÍFICO E TECNOLÓGICO
2025,1320,SECRETARIA DE ESTADO DE SAÚDE - SES,3,0,2261,FUNDAÇÃO EZEQUIEL DIAS - FUNED,3,3,90,37,10,1,10812,10,571,150,4,455,4455,1,672873.00,672873.00,672873.00,0,POPULARIZAÇÃO DA CIÊNCIA,UNIVERSALIZAÇÃO DO ACESSO AO CONHECIMENTO CIENTÍFICO E TECNOLÓGICO
2025,1320,SECRETARIA DE ESTADO DE SAÚDE - SES,3,0,2261,FUNDAÇÃO EZEQUIEL DIAS - FUNED,3,3,90,39,10,1,10812,10,571,150,4,455,4455,1,750049.00,750049.00,750049.00,0,POPULARIZAÇÃO DA CIÊNCIA,UNIVERSALIZAÇÃO DO ACESSO AO CONHECIMENTO CIENTÍFICO E TECNOLÓGICO
2025,1320,SECRETARIA DE ESTADO DE SAÚDE - SES,3,0,2261,FUNDAÇÃO EZEQUIEL DIAS - FUNED,3,3,90,40,10,1,10812,10,571,150,4,455,4455,1,52107.00,52107.00,52107.00,0,POPULARIZAÇÃO DA CIÊNCIA,UNIVERSALIZAÇÃO DO ACESSO AO CONHECIMENTO CIENTÍFICO E TECNOLÓGICO
2025,1320,SECRETARIA DE ESTADO DE SAÚDE - SES,3,0,2261,FUNDAÇÃO EZEQUIEL DIAS - FUNED,3,3,90,47,10,1,10812,10,571,150,4,455,4455,1,23897.00,23897.00,23897.00,0,POPULARIZAÇÃO DA CIÊNCIA,UNIVERSALIZAÇÃO DO ACESSO AO CONHECIMENTO CIENTÍFICO E TECNOLÓGICO
2025,1320,SECRETARIA DE ESTADO DE SAÚDE - SES,3,0,2261,FUNDAÇÃO EZEQUIEL DIAS - FUNED,3,3,90,49,10,1,10812,10,571,150,4,455,4455,1,180.00,180.00,180.00,0,POPULARIZAÇÃO DA CIÊNCIA,UNIVERSALIZAÇÃO DO ACESSO AO CONHECIMENTO CIENTÍFICO E TECNOLÓGICO
2025,1320,SECRETARIA DE ESTADO DE SAÚDE - SES,3,0,2261,FUNDAÇÃO EZEQUIEL DIAS - FUNED,4,4,90,40,10,1,10812,10,571,150,4,455,4455,1,549536.00,549536.00,549536.00,0,POPULARIZAÇÃO DA CIÊNCIA,UNIVERSALIZAÇÃO DO ACESSO AO CONHECIMENTO CIENTÍFICO E TECNOLÓGICO
2025,1320,SECRETARIA DE ESTADO DE SAÚDE - SES,3,0,2261,FUNDAÇÃO EZEQUIEL DIAS - FUNED,4,4,90,52,10,1,10812,10,571,150,4,455,4455,1,500000.00,500000.00,500000.00,0,POPULARIZAÇÃO DA CIÊNCIA,UNIVERSALIZAÇÃO DO ACESSO AO CONHECIMENTO CIENTÍFICO E TECNOLÓGICO
2025,1320,SECRETARIA DE ESTADO DE SAÚDE - SES,3,0,2261,FUNDAÇÃO EZEQUIEL DIAS - FUNED,3,3,90,8,10,1,10813,10,571,152,4,456,4456,1,46444.00,46444.00,46444.00,0,PESQUISA E DESENVOLVIMENTO,INOVAÇÃO CIENTÍFICA E TECNOLÓGICA
2025,1320,SECRETARIA DE ESTADO DE SAÚDE - SES,3,0,2261,FUNDAÇÃO EZEQUIEL DIAS - FUNED,3,3,90,14,10,1,10813,10,571,152,4,456,4456,1,28200.00,28200.00,28200.00,0,PESQUISA E DESENVOLVIMENTO,INOVAÇÃO CIENTÍFICA E TECNOLÓGICA
2025,1320,SECRETARIA DE ESTADO DE SAÚDE - SES,3,0,2261,FUNDAÇÃO EZEQUIEL DIAS - FUNED,3,3,90,30,10,1,10813,10,571,152,4,456,4456,1,1063795.00,1063795.00,1063795.00,0,PESQUISA E DESENVOLVIMENTO,INOVAÇÃO CIENTÍFICA E TECNOLÓGICA
2025,1320,SECRETARIA DE ESTADO DE SAÚDE - SES,3,0,2261,FUNDAÇÃO EZEQUIEL DIAS - FUNED,3,3,90,33,10,1,10813,10,571,152,4,456,4456,1,43900.00,43900.00,43900.00,0,PESQUISA E DESENVOLVIMENTO,INOVAÇÃO CIENTÍFICA E TECNOLÓGICA
2025,1320,SECRETARIA DE ESTADO DE SAÚDE - SES,3,0,2261,FUNDAÇÃO EZEQUIEL DIAS - FUNED,3,3,90,36,10,1,10813,10,571,152,4,456,4456,1,295060.00,295060.00,295060.00,0,PESQUISA E DESENVOLVIMENTO,INOVAÇÃO CIENTÍFICA E TECNOLÓGICA
2025,1320,SECRETARIA DE ESTADO DE SAÚDE - SES,3,0,2261,FUNDAÇÃO EZEQUIEL DIAS - FUNED,3,3,90,37,10,1,10813,10,571,152,4,456,4456,1,809979.00,809979.00,809979.00,0,PESQUISA E DESENVOLVIMENTO,INOVAÇÃO CIENTÍFICA E TECNOLÓGICA
2025,1320,SECRETARIA DE ESTADO DE SAÚDE - SES,3,0,2261,FUNDAÇÃO EZEQUIEL DIAS - FUNED,3,3,90,39,10,1,10813,10,571,152,4,456,4456,1,5590273.00,5590273.00,5590273.00,0,PESQUISA E DESENVOLVIMENTO,INOVAÇÃO CIENTÍFICA E TECNOLÓGICA
2025,1320,SECRETARIA DE ESTADO DE SAÚDE - SES,3,0,2261,FUNDAÇÃO EZEQUIEL DIAS - FUNED,3,3,90,40,10,1,10813,10,571,152,4,456,4456,1,1308635.00,1308635.00,1308635.00,0,PESQUISA E DESENVOLVIMENTO,INOVAÇÃO CIENTÍFICA E TECNOLÓGICA
2025,1320,SECRETARIA DE ESTADO DE SAÚDE - SES,3,0,2261,FUNDAÇÃO EZEQUIEL DIAS - FUNED,3,3,90,47,10,1,10813,10,571,152,4,456,4456,1,82434.00,82434.00,82434.00,0,PESQUISA E DESENVOLVIMENTO,INOVAÇÃO CIENTÍFICA E TECNOLÓGICA
2025,1320,SECRETARIA DE ESTADO DE SAÚDE - SES,3,0,2261,FUNDAÇÃO EZEQUIEL DIAS - FUNED,3,3,90,49,10,1,10813,10,571,152,4,456,4456,1,28080.00,28080.00,28080.00,0,PESQUISA E DESENVOLVIMENTO,INOVAÇÃO CIENTÍFICA E TECNOLÓGICA
2025,1320,SECRETARIA DE ESTADO DE SAÚDE - SES,3,0,2261,FUNDAÇÃO EZEQUIEL DIAS - FUNED,4,4,90,40,10,1,10813,10,571,152,4,456,4456,1,1478775.00,1478775.00,1478775.00,0,PESQUISA E DESENVOLVIMENTO,INOVAÇÃO CIENTÍFICA E TECNOLÓGICA
2025,1320,SECRETARIA DE ESTADO DE SAÚDE - SES,3,0,2261,FUNDAÇÃO EZEQUIEL DIAS - FUNED,4,4,90,51,10,1,10813,10,571,152,4,456,4456,1,5750000.00,5750000.00,5750000.00,0,PESQUISA E DESENVOLVIMENTO,INOVAÇÃO CIENTÍFICA E TECNOLÓGICA
2025,1320,SECRETARIA DE ESTADO DE SAÚDE - SES,3,0,2261,FUNDAÇÃO EZEQUIEL DIAS - FUNED,4,4,90,52,10,1,10813,10,571,152,4,456,4456,1,14802845.00,14802845.00,14802845.00,0,PESQUISA E DESENVOLVIMENTO,INOVAÇÃO CIENTÍFICA E TECNOLÓGICA
2025,1320,SECRETARIA DE ESTADO DE SAÚDE - SES,3,0,2261,FUNDAÇÃO EZEQUIEL DIAS - FUNED,3,1,90,91,60,9,1256,28,846,705,7,4,7004,1,8630047.00,8630047.00,8630047.00,0,PRECATÓRIOS E SENTENÇAS JUDICIÁRIAS,APOIO ÀS POLÍTICAS PÚBLICAS
2025,1320,SECRETARIA DE ESTADO DE SAÚDE - SES,3,0,2261,FUNDAÇÃO EZEQUIEL DIAS - FUNED,3,3,90,91,60,9,1256,28,846,705,7,4,7004,1,55782.00,55782.00,55782.00,0,PRECATÓRIOS E SENTENÇAS JUDICIÁRIAS,APOIO ÀS POLÍTICAS PÚBLICAS
2025,1320,SECRETARIA DE ESTADO DE SAÚDE - SES,3,0,2271,FUNDAÇÃO HOSPITALAR DO ESTADO DE MINAS GERAIS - FHEMIG,3,1,90,4,10,1,11060,10,122,705,2,417,2417,1,249462333.00,249462333.00,249462333.00,0,REMUNERAÇÃO DE PESSOAL ATIVO E ENCARGOS SOCIAIS,APOIO ÀS POLÍTICAS PÚBLICAS
2025,1320,SECRETARIA DE ESTADO DE SAÚDE - SES,3,0,2271,FUNDAÇÃO HOSPITALAR DO ESTADO DE MINAS GERAIS - FHEMIG,3,1,90,11,10,1,11060,10,122,705,2,417,2417,1,703858344.00,703858344.00,703858344.00,0,REMUNERAÇÃO DE PESSOAL ATIVO E ENCARGOS SOCIAIS,APOIO ÀS POLÍTICAS PÚBLICAS
2025,1320,SECRETARIA DE ESTADO DE SAÚDE - SES,3,0,2271,FUNDAÇÃO HOSPITALAR DO ESTADO DE MINAS GERAIS - FHEMIG,3,1,90,11,57,2,11060,10,122,705,2,417,2417,1,31102717.00,31102717.00,31102717.00,0,REMUNERAÇÃO DE PESSOAL ATIVO E ENCARGOS SOCIAIS,APOIO ÀS POLÍTICAS PÚBLICAS
2025,1320,SECRETARIA DE ESTADO DE SAÚDE - SES,3,0,2271,FUNDAÇÃO HOSPITALAR DO ESTADO DE MINAS GERAIS - FHEMIG,3,1,90,13,10,1,11060,10,122,705,2,417,2417,1,419599.00,419599.00,419599.00,0,REMUNERAÇÃO DE PESSOAL ATIVO E ENCARGOS SOCIAIS,APOIO ÀS POLÍTICAS PÚBLICAS
2025,1320,SECRETARIA DE ESTADO DE SAÚDE - SES,3,0,2271,FUNDAÇÃO HOSPITALAR DO ESTADO DE MINAS GERAIS - FHEMIG,3,1,90,16,10,1,11060,10,122,705,2,417,2417,1,7534977.00,7534977.00,7534977.00,0,REMUNERAÇÃO DE PESSOAL ATIVO E ENCARGOS SOCIAIS,APOIO ÀS POLÍTICAS PÚBLICAS
2025,1320,SECRETARIA DE ESTADO DE SAÚDE - SES,3,0,2271,FUNDAÇÃO HOSPITALAR DO ESTADO DE MINAS GERAIS - FHEMIG,3,1,91,13,10,1,11060,10,122,705,2,417,2417,1,293880396.00,293880396.00,293880396.00,0,REMUNERAÇÃO DE PESSOAL ATIVO E ENCARGOS SOCIAIS,APOIO ÀS POLÍTICAS PÚBLICAS
2025,1320,SECRETARIA DE ESTADO DE SAÚDE - SES,3,0,2271,FUNDAÇÃO HOSPITALAR DO ESTADO DE MINAS GERAIS - FHEMIG,3,3,90,46,10,7,11060,10,122,705,2,417,2417,1,176551605.00,176551605.00,176551605.00,0,REMUNERAÇÃO DE PESSOAL ATIVO E ENCARGOS SOCIAIS,APOIO ÀS POLÍTICAS PÚBLICAS
2025,1320,SECRETARIA DE ESTADO DE SAÚDE - SES,3,0,2271,FUNDAÇÃO HOSPITALAR DO ESTADO DE MINAS GERAIS - FHEMIG,3,3,90,49,10,7,11060,10,122,705,2,417,2417,1,6146845.00,6146845.00,6146845.00,0,REMUNERAÇÃO DE PESSOAL ATIVO E ENCARGOS SOCIAIS,APOIO ÀS POLÍTICAS PÚBLICAS
2025,1320,SECRETARIA DE ESTADO DE SAÚDE - SES,3,0,2271,FUNDAÇÃO HOSPITALAR DO ESTADO DE MINAS GERAIS - FHEMIG,3,3,90,14,10,1,9815,10,122,705,2,500,2500,1,475580.00,475580.00,475580.00,0,ASSESSORAMENTO E GERENCIAMENTO DE POLÍTICAS PÚBLICAS,APOIO ÀS POLÍTICAS PÚBLICAS
2025,1320,SECRETARIA DE ESTADO DE SAÚDE - SES,3,0,2271,FUNDAÇÃO HOSPITALAR DO ESTADO DE MINAS GERAIS - FHEMIG,3,3,90,30,10,1,9815,10,122,705,2,500,2500,1,4786838.00,4786838.00,4786838.00,0,ASSESSORAMENTO E GERENCIAMENTO DE POLÍTICAS PÚBLICAS,APOIO ÀS POLÍTICAS PÚBLICAS
2025,1320,SECRETARIA DE ESTADO DE SAÚDE - SES,3,0,2271,FUNDAÇÃO HOSPITALAR DO ESTADO DE MINAS GERAIS - FHEMIG,3,3,90,32,10,1,9815,10,122,705,2,500,2500,1,3430.00,3430.00,3430.00,0,ASSESSORAMENTO E GERENCIAMENTO DE POLÍTICAS PÚBLICAS,APOIO ÀS POLÍTICAS PÚBLICAS
2025,1320,SECRETARIA DE ESTADO DE SAÚDE - SES,3,0,2271,FUNDAÇÃO HOSPITALAR DO ESTADO DE MINAS GERAIS - FHEMIG,3,3,90,33,10,1,9815,10,122,705,2,500,2500,1,3446810.00,3446810.00,3446810.00,0,ASSESSORAMENTO E GERENCIAMENTO DE POLÍTICAS PÚBLICAS,APOIO ÀS POLÍTICAS PÚBLICAS
2025,1320,SECRETARIA DE ESTADO DE SAÚDE - SES,3,0,2271,FUNDAÇÃO HOSPITALAR DO ESTADO DE MINAS GERAIS - FHEMIG,3,3,90,36,10,1,9815,10,122,705,2,500,2500,1,12853.00,12853.00,12853.00,0,ASSESSORAMENTO E GERENCIAMENTO DE POLÍTICAS PÚBLICAS,APOIO ÀS POLÍTICAS PÚBLICAS
2025,1320,SECRETARIA DE ESTADO DE SAÚDE - SES,3,0,2271,FUNDAÇÃO HOSPITALAR DO ESTADO DE MINAS GERAIS - FHEMIG,3,3,90,37,10,1,9815,10,122,705,2,500,2500,1,10911152.00,10911152.00,10911152.00,0,ASSESSORAMENTO E GERENCIAMENTO DE POLÍTICAS PÚBLICAS,APOIO ÀS POLÍTICAS PÚBLICAS
2025,1320,SECRETARIA DE ESTADO DE SAÚDE - SES,3,0,2271,FUNDAÇÃO HOSPITALAR DO ESTADO DE MINAS GERAIS - FHEMIG,3,3,90,39,10,1,9815,10,122,705,2,500,2500,1,10795697.00,10795697.00,10795697.00,0,ASSESSORAMENTO E GERENCIAMENTO DE POLÍTICAS PÚBLICAS,APOIO ÀS POLÍTICAS PÚBLICAS
2025,1320,SECRETARIA DE ESTADO DE SAÚDE - SES,3,0,2271,FUNDAÇÃO HOSPITALAR DO ESTADO DE MINAS GERAIS - FHEMIG,3,3,90,39,68,1,9815,10,122,705,2,500,2500,1,7589669.00,7589669.00,7589669.00,0,ASSESSORAMENTO E GERENCIAMENTO DE POLÍTICAS PÚBLICAS,APOIO ÀS POLÍTICAS PÚBLICAS
2025,1320,SECRETARIA DE ESTADO DE SAÚDE - SES,3,0,2271,FUNDAÇÃO HOSPITALAR DO ESTADO DE MINAS GERAIS - FHEMIG,3,3,90,40,10,1,9815,10,122,705,2,500,2500,1,26923805.00,26923805.00,26923805.00,0,ASSESSORAMENTO E GERENCIAMENTO DE POLÍTICAS PÚBLICAS,APOIO ÀS POLÍTICAS PÚBLICAS
2025,1320,SECRETARIA DE ESTADO DE SAÚDE - SES,3,0,2271,FUNDAÇÃO HOSPITALAR DO ESTADO DE MINAS GERAIS - FHEMIG,3,3,90,41,10,1,9815,10,122,705,2,500,2500,1,5843.00,5843.00,5843.00,0,ASSESSORAMENTO E GERENCIAMENTO DE POLÍTICAS PÚBLICAS,APOIO ÀS POLÍTICAS PÚBLICAS
2025,1320,SECRETARIA DE ESTADO DE SAÚDE - SES,3,0,2271,FUNDAÇÃO HOSPITALAR DO ESTADO DE MINAS GERAIS - FHEMIG,3,3,90,47,10,1,9815,10,122,705,2,500,2500,1,9823415.00,9823415.00,9823415.00,0,ASSESSORAMENTO E GERENCIAMENTO DE POLÍTICAS PÚBLICAS,APOIO ÀS POLÍTICAS PÚBLICAS
2025,1320,SECRETARIA DE ESTADO DE SAÚDE - SES,3,0,2271,FUNDAÇÃO HOSPITALAR DO ESTADO DE MINAS GERAIS - FHEMIG,3,3,90,49,10,1,9815,10,122,705,2,500,2500,1,435234.00,435234.00,435234.00,0,ASSESSORAMENTO E GERENCIAMENTO DE POLÍTICAS PÚBLICAS,APOIO ÀS POLÍTICAS PÚBLICAS
2025,1320,SECRETARIA DE ESTADO DE SAÚDE - SES,3,0,2271,FUNDAÇÃO HOSPITALAR DO ESTADO DE MINAS GERAIS - FHEMIG,3,3,90,59,10,1,9815,10,122,705,2,500,2500,1,469758.00,469758.00,469758.00,0,ASSESSORAMENTO E GERENCIAMENTO DE POLÍTICAS PÚBLICAS,APOIO ÀS POLÍTICAS PÚBLICAS
2025,1320,SECRETARIA DE ESTADO DE SAÚDE - SES,3,0,2271,FUNDAÇÃO HOSPITALAR DO ESTADO DE MINAS GERAIS - FHEMIG,4,4,90,39,10,1,9815,10,122,705,2,500,2500,1,65556.00,65556.00,65556.00,0,ASSESSORAMENTO E GERENCIAMENTO DE POLÍTICAS PÚBLICAS,APOIO ÀS POLÍTICAS PÚBLICAS
2025,1320,SECRETARIA DE ESTADO DE SAÚDE - SES,3,0,2271,FUNDAÇÃO HOSPITALAR DO ESTADO DE MINAS GERAIS - FHEMIG,4,4,90,52,10,1,9815,10,122,705,2,500,2500,1,1000000.00,1000000.00,1000000.00,0,ASSESSORAMENTO E GERENCIAMENTO DE POLÍTICAS PÚBLICAS,APOIO ÀS POLÍTICAS PÚBLICAS
2025,1320,SECRETARIA DE ESTADO DE SAÚDE - SES,3,0,2271,FUNDAÇÃO HOSPITALAR DO ESTADO DE MINAS GERAIS - FHEMIG,4,4,90,52,47,1,9815,10,122,705,2,500,2500,1,186829.00,186829.00,186829.00,0,ASSESSORAMENTO E GERENCIAMENTO DE POLÍTICAS PÚBLICAS,APOIO ÀS POLÍTICAS PÚBLICAS
2025,1320,SECRETARIA DE ESTADO DE SAÚDE - SES,3,0,2271,FUNDAÇÃO HOSPITALAR DO ESTADO DE MINAS GERAIS - FHEMIG,3,3,90,14,10,1,10247,10,302,19,4,29,4029,1,23400.00,23400.00,23400.00,0,ATENÇÃO AO SISTEMA ESTADUAL DE TRANSPLANTES,ATENÇÃO HOSPITALAR ESPECIALIZADA
2025,1320,SECRETARIA DE ESTADO DE SAÚDE - SES,3,0,2271,FUNDAÇÃO HOSPITALAR DO ESTADO DE MINAS GERAIS - FHEMIG,3,3,90,15,10,1,10247,10,302,19,4,29,4029,1,203290.00,203290.00,203290.00,0,ATENÇÃO AO SISTEMA ESTADUAL DE TRANSPLANTES,ATENÇÃO HOSPITALAR ESPECIALIZADA
2025,1320,SECRETARIA DE ESTADO DE SAÚDE - SES,3,0,2271,FUNDAÇÃO HOSPITALAR DO ESTADO DE MINAS GERAIS - FHEMIG,3,3,90,30,10,1,10247,10,302,19,4,29,4029,1,87284.00,87284.00,87284.00,0,ATENÇÃO AO SISTEMA ESTADUAL DE TRANSPLANTES,ATENÇÃO HOSPITALAR ESPECIALIZADA
2025,1320,SECRETARIA DE ESTADO DE SAÚDE - SES,3,0,2271,FUNDAÇÃO HOSPITALAR DO ESTADO DE MINAS GERAIS - FHEMIG,3,3,90,33,10,1,10247,10,302,19,4,29,4029,1,9543.00,9543.00,9543.00,0,ATENÇÃO AO SISTEMA ESTADUAL DE TRANSPLANTES,ATENÇÃO HOSPITALAR ESPECIALIZADA
2025,1320,SECRETARIA DE ESTADO DE SAÚDE - SES,3,0,2271,FUNDAÇÃO HOSPITALAR DO ESTADO DE MINAS GERAIS - FHEMIG,3,3,90,36,10,1,10247,10,302,19,4,29,4029,1,7567.00,7567.00,7567.00,0,ATENÇÃO AO SISTEMA ESTADUAL DE TRANSPLANTES,ATENÇÃO HOSPITALAR ESPECIALIZADA
2025,1320,SECRETARIA DE ESTADO DE SAÚDE - SES,3,0,2271,FUNDAÇÃO HOSPITALAR DO ESTADO DE MINAS GERAIS - FHEMIG,3,3,90,37,10,1,10247,10,302,19,4,29,4029,1,2253160.00,2253160.00,2253160.00,0,ATENÇÃO AO SISTEMA ESTADUAL DE TRANSPLANTES,ATENÇÃO HOSPITALAR ESPECIALIZADA
2025,1320,SECRETARIA DE ESTADO DE SAÚDE - SES,3,0,2271,FUNDAÇÃO HOSPITALAR DO ESTADO DE MINAS GERAIS - FHEMIG,3,3,90,39,10,1,10247,10,302,19,4,29,4029,1,1395380.00,1395380.00,1395380.00,0,ATENÇÃO AO SISTEMA ESTADUAL DE TRANSPLANTES,ATENÇÃO HOSPITALAR ESPECIALIZADA
2025,1320,SECRETARIA DE ESTADO DE SAÚDE - SES,3,0,2271,FUNDAÇÃO HOSPITALAR DO ESTADO DE MINAS GERAIS - FHEMIG,3,3,90,40,10,1,10247,10,302,19,4,29,4029,1,25672.00,25672.00,25672.00,0,ATENÇÃO AO SISTEMA ESTADUAL DE TRANSPLANTES,ATENÇÃO HOSPITALAR ESPECIALIZADA
2025,1320,SECRETARIA DE ESTADO DE SAÚDE - SES,3,0,2271,FUNDAÇÃO HOSPITALAR DO ESTADO DE MINAS GERAIS - FHEMIG,3,3,90,47,10,1,10247,10,302,19,4,29,4029,1,28.00,28.00,28.00,0,ATENÇÃO AO SISTEMA ESTADUAL DE TRANSPLANTES,ATENÇÃO HOSPITALAR ESPECIALIZADA
2025,1320,SECRETARIA DE ESTADO DE SAÚDE - SES,3,0,2271,FUNDAÇÃO HOSPITALAR DO ESTADO DE MINAS GERAIS - FHEMIG,3,3,90,49,10,1,10247,10,302,19,4,29,4029,1,24129.00,24129.00,24129.00,0,ATENÇÃO AO SISTEMA ESTADUAL DE TRANSPLANTES,ATENÇÃO HOSPITALAR ESPECIALIZADA
2025,1320,SECRETARIA DE ESTADO DE SAÚDE - SES,3,0,2271,FUNDAÇÃO HOSPITALAR DO ESTADO DE MINAS GERAIS - FHEMIG,3,3,90,13,10,1,10248,10,302,19,4,30,4030,1,112615.00,112615.00,112615.00,0,ATENÇÃO À SAÚDE NAS UNIDADES ASSISTENCIAIS DE REABILITAÇÃO E CUIDADOS INTEGRADOS,ATENÇÃO HOSPITALAR ESPECIALIZADA
2025,1320,SECRETARIA DE ESTADO DE SAÚDE - SES,3,0,2271,FUNDAÇÃO HOSPITALAR DO ESTADO DE MINAS GERAIS - FHEMIG,3,3,90,14,10,1,10248,10,302,19,4,30,4030,1,150320.00,150320.00,150320.00,0,ATENÇÃO À SAÚDE NAS UNIDADES ASSISTENCIAIS DE REABILITAÇÃO E CUIDADOS INTEGRADOS,ATENÇÃO HOSPITALAR ESPECIALIZADA
2025,1320,SECRETARIA DE ESTADO DE SAÚDE - SES,3,0,2271,FUNDAÇÃO HOSPITALAR DO ESTADO DE MINAS GERAIS - FHEMIG,3,3,90,30,10,1,10248,10,302,19,4,30,4030,1,11027103.00,11027103.00,11027103.00,0,ATENÇÃO À SAÚDE NAS UNIDADES ASSISTENCIAIS DE REABILITAÇÃO E CUIDADOS INTEGRADOS,ATENÇÃO HOSPITALAR ESPECIALIZADA
2025,1320,SECRETARIA DE ESTADO DE SAÚDE - SES,3,0,2271,FUNDAÇÃO HOSPITALAR DO ESTADO DE MINAS GERAIS - FHEMIG,3,3,90,30,70,1,10248,10,302,19,4,30,4030,1,2370260.00,2370260.00,2370260.00,0,ATENÇÃO À SAÚDE NAS UNIDADES ASSISTENCIAIS DE REABILITAÇÃO E CUIDADOS INTEGRADOS,ATENÇÃO HOSPITALAR ESPECIALIZADA
2025,1320,SECRETARIA DE ESTADO DE SAÚDE - SES,3,0,2271,FUNDAÇÃO HOSPITALAR DO ESTADO DE MINAS GERAIS - FHEMIG,3,3,90,33,10,1,10248,10,302,19,4,30,4030,1,1248.00,1248.00,1248.00,0,ATENÇÃO À SAÚDE NAS UNIDADES ASSISTENCIAIS DE REABILITAÇÃO E CUIDADOS INTEGRADOS,ATENÇÃO HOSPITALAR ESPECIALIZADA
2025,1320,SECRETARIA DE ESTADO DE SAÚDE - SES,3,0,2271,FUNDAÇÃO HOSPITALAR DO ESTADO DE MINAS GERAIS - FHEMIG,3,3,90,36,10,1,10248,10,302,19,4,30,4030,1,100586.00,100586.00,100586.00,0,ATENÇÃO À SAÚDE NAS UNIDADES ASSISTENCIAIS DE REABILITAÇÃO E CUIDADOS INTEGRADOS,ATENÇÃO HOSPITALAR ESPECIALIZADA
2025,1320,SECRETARIA DE ESTADO DE SAÚDE - SES,3,0,2271,FUNDAÇÃO HOSPITALAR DO ESTADO DE MINAS GERAIS - FHEMIG,3,3,90,37,10,1,10248,10,302,19,4,30,4030,1,18567735.00,18567735.00,18567735.00,0,ATENÇÃO À SAÚDE NAS UNIDADES ASSISTENCIAIS DE REABILITAÇÃO E CUIDADOS INTEGRADOS,ATENÇÃO HOSPITALAR ESPECIALIZADA
2025,1320,SECRETARIA DE ESTADO DE SAÚDE - SES,3,0,2271,FUNDAÇÃO HOSPITALAR DO ESTADO DE MINAS GERAIS - FHEMIG,3,3,90,39,10,1,10248,10,302,19,4,30,4030,1,28589594.00,28589594.00,28589594.00,0,ATENÇÃO À SAÚDE NAS UNIDADES ASSISTENCIAIS DE REABILITAÇÃO E CUIDADOS INTEGRADOS,ATENÇÃO HOSPITALAR ESPECIALIZADA
2025,1320,SECRETARIA DE ESTADO DE SAÚDE - SES,3,0,2271,FUNDAÇÃO HOSPITALAR DO ESTADO DE MINAS GERAIS - FHEMIG,3,3,90,40,10,1,10248,10,302,19,4,30,4030,1,88769.00,88769.00,88769.00,0,ATENÇÃO À SAÚDE NAS UNIDADES ASSISTENCIAIS DE REABILITAÇÃO E CUIDADOS INTEGRADOS,ATENÇÃO HOSPITALAR ESPECIALIZADA
2025,1320,SECRETARIA DE ESTADO DE SAÚDE - SES,3,0,2271,FUNDAÇÃO HOSPITALAR DO ESTADO DE MINAS GERAIS - FHEMIG,3,3,90,47,10,1,10248,10,302,19,4,30,4030,1,1305.00,1305.00,1305.00,0,ATENÇÃO À SAÚDE NAS UNIDADES ASSISTENCIAIS DE REABILITAÇÃO E CUIDADOS INTEGRADOS,ATENÇÃO HOSPITALAR ESPECIALIZADA
2025,1320,SECRETARIA DE ESTADO DE SAÚDE - SES,3,0,2271,FUNDAÇÃO HOSPITALAR DO ESTADO DE MINAS GERAIS - FHEMIG,3,3,90,49,10,1,10248,10,302,19,4,30,4030,1,638515.00,638515.00,638515.00,0,ATENÇÃO À SAÚDE NAS UNIDADES ASSISTENCIAIS DE REABILITAÇÃO E CUIDADOS INTEGRADOS,ATENÇÃO HOSPITALAR ESPECIALIZADA
2025,1320,SECRETARIA DE ESTADO DE SAÚDE - SES,3,0,2271,FUNDAÇÃO HOSPITALAR DO ESTADO DE MINAS GERAIS - FHEMIG,4,4,90,39,10,1,10248,10,302,19,4,30,4030,1,9366441.00,9366441.00,9366441.00,0,ATENÇÃO À SAÚDE NAS UNIDADES ASSISTENCIAIS DE REABILITAÇÃO E CUIDADOS INTEGRADOS,ATENÇÃO HOSPITALAR ESPECIALIZADA
2025,1320,SECRETARIA DE ESTADO DE SAÚDE - SES,3,0,2271,FUNDAÇÃO HOSPITALAR DO ESTADO DE MINAS GERAIS - FHEMIG,3,3,50,85,10,1,10249,10,302,19,4,31,4031,1,73943905.00,73943905.00,73943905.00,0,ATENÇÃO À SAÚDE NAS UNIDADES ASSISTENCIAIS DE REFERÊNCIA,ATENÇÃO HOSPITALAR ESPECIALIZADA
2025,1320,SECRETARIA DE ESTADO DE SAÚDE - SES,3,0,2271,FUNDAÇÃO HOSPITALAR DO ESTADO DE MINAS GERAIS - FHEMIG,3,3,90,13,10,1,10249,10,302,19,4,31,4031,1,1109679.00,1109679.00,1109679.00,0,ATENÇÃO À SAÚDE NAS UNIDADES ASSISTENCIAIS DE REFERÊNCIA,ATENÇÃO HOSPITALAR ESPECIALIZADA
2025,1320,SECRETARIA DE ESTADO DE SAÚDE - SES,3,0,2271,FUNDAÇÃO HOSPITALAR DO ESTADO DE MINAS GERAIS - FHEMIG,3,3,90,14,10,1,10249,10,302,19,4,31,4031,1,111499.00,111499.00,111499.00,0,ATENÇÃO À SAÚDE NAS UNIDADES ASSISTENCIAIS DE REFERÊNCIA,ATENÇÃO HOSPITALAR ESPECIALIZADA
2025,1320,SECRETARIA DE ESTADO DE SAÚDE - SES,3,0,2271,FUNDAÇÃO HOSPITALAR DO ESTADO DE MINAS GERAIS - FHEMIG,3,3,90,30,9,1,10249,10,302,19,4,31,4031,1,52500.00,52500.00,52500.00,0,ATENÇÃO À SAÚDE NAS UNIDADES ASSISTENCIAIS DE REFERÊNCIA,ATENÇÃO HOSPITALAR ESPECIALIZADA
2025,1320,SECRETARIA DE ESTADO DE SAÚDE - SES,3,0,2271,FUNDAÇÃO HOSPITALAR DO ESTADO DE MINAS GERAIS - FHEMIG,3,3,90,30,10,1,10249,10,302,19,4,31,4031,1,23640948.00,23640948.00,23640948.00,0,ATENÇÃO À SAÚDE NAS UNIDADES ASSISTENCIAIS DE REFERÊNCIA,ATENÇÃO HOSPITALAR ESPECIALIZADA
2025,1320,SECRETARIA DE ESTADO DE SAÚDE - SES,3,0,2271,FUNDAÇÃO HOSPITALAR DO ESTADO DE MINAS GERAIS - FHEMIG,3,3,90,30,70,1,10249,10,302,19,4,31,4031,1,22500000.00,22500000.00,22500000.00,0,ATENÇÃO À SAÚDE NAS UNIDADES ASSISTENCIAIS DE REFERÊNCIA,ATENÇÃO HOSPITALAR ESPECIALIZADA
2025,1320,SECRETARIA DE ESTADO DE SAÚDE - SES,3,0,2271,FUNDAÇÃO HOSPITALAR DO ESTADO DE MINAS GERAIS - FHEMIG,3,3,90,32,10,1,10249,10,302,19,4,31,4031,1,20678.00,20678.00,20678.00,0,ATENÇÃO À SAÚDE NAS UNIDADES ASSISTENCIAIS DE REFERÊNCIA,ATENÇÃO HOSPITALAR ESPECIALIZADA
2025,1320,SECRETARIA DE ESTADO DE SAÚDE - SES,3,0,2271,FUNDAÇÃO HOSPITALAR DO ESTADO DE MINAS GERAIS - FHEMIG,3,3,90,33,10,1,10249,10,302,19,4,31,4031,1,55637.00,55637.00,55637.00,0,ATENÇÃO À SAÚDE NAS UNIDADES ASSISTENCIAIS DE REFERÊNCIA,ATENÇÃO HOSPITALAR ESPECIALIZADA
2025,1320,SECRETARIA DE ESTADO DE SAÚDE - SES,3,0,2271,FUNDAÇÃO HOSPITALAR DO ESTADO DE MINAS GERAIS - FHEMIG,3,3,90,36,10,1,10249,10,302,19,4,31,4031,1,5568473.00,5568473.00,5568473.00,0,ATENÇÃO À SAÚDE NAS UNIDADES ASSISTENCIAIS DE REFERÊNCIA,ATENÇÃO HOSPITALAR ESPECIALIZADA
2025,1320,SECRETARIA DE ESTADO DE SAÚDE - SES,3,0,2271,FUNDAÇÃO HOSPITALAR DO ESTADO DE MINAS GERAIS - FHEMIG,3,3,90,37,10,1,10249,10,302,19,4,31,4031,1,27481185.00,27481185.00,27481185.00,0,ATENÇÃO À SAÚDE NAS UNIDADES ASSISTENCIAIS DE REFERÊNCIA,ATENÇÃO HOSPITALAR ESPECIALIZADA
2025,1320,SECRETARIA DE ESTADO DE SAÚDE - SES,3,0,2271,FUNDAÇÃO HOSPITALAR DO ESTADO DE MINAS GERAIS - FHEMIG,3,3,90,39,10,1,10249,10,302,19,4,31,4031,1,44917836.00,44917836.00,44917836.00,0,ATENÇÃO À SAÚDE NAS UNIDADES ASSISTENCIAIS DE REFERÊNCIA,ATENÇÃO HOSPITALAR ESPECIALIZADA
2025,1320,SECRETARIA DE ESTADO DE SAÚDE - SES,3,0,2271,FUNDAÇÃO HOSPITALAR DO ESTADO DE MINAS GERAIS - FHEMIG,3,3,90,39,70,1,10249,10,302,19,4,31,4031,1,19609565.00,19609565.00,19609565.00,0,ATENÇÃO À SAÚDE NAS UNIDADES ASSISTENCIAIS DE REFERÊNCIA,ATENÇÃO HOSPITALAR ESPECIALIZADA
2025,1320,SECRETARIA DE ESTADO DE SAÚDE - SES,3,0,2271,FUNDAÇÃO HOSPITALAR DO ESTADO DE MINAS GERAIS - FHEMIG,3,3,90,40,10,1,10249,10,302,19,4,31,4031,1,441330.00,441330.00,441330.00,0,ATENÇÃO À SAÚDE NAS UNIDADES ASSISTENCIAIS DE REFERÊNCIA,ATENÇÃO HOSPITALAR ESPECIALIZADA
2025,1320,SECRETARIA DE ESTADO DE SAÚDE - SES,3,0,2271,FUNDAÇÃO HOSPITALAR DO ESTADO DE MINAS GERAIS - FHEMIG,3,3,90,41,10,1,10249,10,302,19,4,31,4031,1,67.00,67.00,67.00,0,ATENÇÃO À SAÚDE NAS UNIDADES ASSISTENCIAIS DE REFERÊNCIA,ATENÇÃO HOSPITALAR ESPECIALIZADA
2025,1320,SECRETARIA DE ESTADO DE SAÚDE - SES,3,0,2271,FUNDAÇÃO HOSPITALAR DO ESTADO DE MINAS GERAIS - FHEMIG,3,3,90,47,10,1,10249,10,302,19,4,31,4031,1,136016.00,136016.00,136016.00,0,ATENÇÃO À SAÚDE NAS UNIDADES ASSISTENCIAIS DE REFERÊNCIA,ATENÇÃO HOSPITALAR ESPECIALIZADA
2025,1320,SECRETARIA DE ESTADO DE SAÚDE - SES,3,0,2271,FUNDAÇÃO HOSPITALAR DO ESTADO DE MINAS GERAIS - FHEMIG,3,3,90,49,10,1,10249,10,302,19,4,31,4031,1,3513701.00,3513701.00,3513701.00,0,ATENÇÃO À SAÚDE NAS UNIDADES ASSISTENCIAIS DE REFERÊNCIA,ATENÇÃO HOSPITALAR ESPECIALIZADA
2025,1320,SECRETARIA DE ESTADO DE SAÚDE - SES,3,0,2271,FUNDAÇÃO HOSPITALAR DO ESTADO DE MINAS GERAIS - FHEMIG,4,4,90,39,10,1,10249,10,302,19,4,31,4031,1,5105988.00,5105988.00,5105988.00,0,ATENÇÃO À SAÚDE NAS UNIDADES ASSISTENCIAIS DE REFERÊNCIA,ATENÇÃO HOSPITALAR ESPECIALIZADA
2025,1320,SECRETARIA DE ESTADO DE SAÚDE - SES,3,0,2271,FUNDAÇÃO HOSPITALAR DO ESTADO DE MINAS GERAIS - FHEMIG,4,4,90,39,24,1,10249,10,302,19,4,31,4031,1,153000000.00,153000000.00,153000000.00,0,ATENÇÃO À SAÚDE NAS UNIDADES ASSISTENCIAIS DE REFERÊNCIA,ATENÇÃO HOSPITALAR ESPECIALIZADA
2025,1320,SECRETARIA DE ESTADO DE SAÚDE - SES,3,0,2271,FUNDAÇÃO HOSPITALAR DO ESTADO DE MINAS GERAIS - FHEMIG,3,3,90,13,10,1,10250,10,302,19,4,32,4032,1,239990.00,239990.00,239990.00,0,ATENÇÃO À SAÚDE NAS UNIDADES ASSISTENCIAIS DE SAÚDE MENTAL,ATENÇÃO HOSPITALAR ESPECIALIZADA
2025,1320,SECRETARIA DE ESTADO DE SAÚDE - SES,3,0,2271,FUNDAÇÃO HOSPITALAR DO ESTADO DE MINAS GERAIS - FHEMIG,3,3,90,14,10,1,10250,10,302,19,4,32,4032,1,321.00,321.00,321.00,0,ATENÇÃO À SAÚDE NAS UNIDADES ASSISTENCIAIS DE SAÚDE MENTAL,ATENÇÃO HOSPITALAR ESPECIALIZADA
2025,1320,SECRETARIA DE ESTADO DE SAÚDE - SES,3,0,2271,FUNDAÇÃO HOSPITALAR DO ESTADO DE MINAS GERAIS - FHEMIG,3,3,90,30,10,1,10250,10,302,19,4,32,4032,1,847762.00,847762.00,847762.00,0,ATENÇÃO À SAÚDE NAS UNIDADES ASSISTENCIAIS DE SAÚDE MENTAL,ATENÇÃO HOSPITALAR ESPECIALIZADA
2025,1320,SECRETARIA DE ESTADO DE SAÚDE - SES,3,0,2271,FUNDAÇÃO HOSPITALAR DO ESTADO DE MINAS GERAIS - FHEMIG,3,3,90,31,10,1,10250,10,302,19,4,32,4032,1,344.00,344.00,344.00,0,ATENÇÃO À SAÚDE NAS UNIDADES ASSISTENCIAIS DE SAÚDE MENTAL,ATENÇÃO HOSPITALAR ESPECIALIZADA
2025,1320,SECRETARIA DE ESTADO DE SAÚDE - SES,3,0,2271,FUNDAÇÃO HOSPITALAR DO ESTADO DE MINAS GERAIS - FHEMIG,3,3,90,33,10,1,10250,10,302,19,4,32,4032,1,124.00,124.00,124.00,0,ATENÇÃO À SAÚDE NAS UNIDADES ASSISTENCIAIS DE SAÚDE MENTAL,ATENÇÃO HOSPITALAR ESPECIALIZADA
2025,1320,SECRETARIA DE ESTADO DE SAÚDE - SES,3,0,2271,FUNDAÇÃO HOSPITALAR DO ESTADO DE MINAS GERAIS - FHEMIG,3,3,90,36,10,1,10250,10,302,19,4,32,4032,1,1211673.00,1211673.00,1211673.00,0,ATENÇÃO À SAÚDE NAS UNIDADES ASSISTENCIAIS DE SAÚDE MENTAL,ATENÇÃO HOSPITALAR ESPECIALIZADA
2025,1320,SECRETARIA DE ESTADO DE SAÚDE - SES,3,0,2271,FUNDAÇÃO HOSPITALAR DO ESTADO DE MINAS GERAIS - FHEMIG,3,3,90,37,10,1,10250,10,302,19,4,32,4032,1,5402185.00,5402185.00,5402185.00,0,ATENÇÃO À SAÚDE NAS UNIDADES ASSISTENCIAIS DE SAÚDE MENTAL,ATENÇÃO HOSPITALAR ESPECIALIZADA
2025,1320,SECRETARIA DE ESTADO DE SAÚDE - SES,3,0,2271,FUNDAÇÃO HOSPITALAR DO ESTADO DE MINAS GERAIS - FHEMIG,3,3,90,39,10,1,10250,10,302,19,4,32,4032,1,10790894.00,10790894.00,10790894.00,0,ATENÇÃO À SAÚDE NAS UNIDADES ASSISTENCIAIS DE SAÚDE MENTAL,ATENÇÃO HOSPITALAR ESPECIALIZADA
2025,1320,SECRETARIA DE ESTADO DE SAÚDE - SES,3,0,2271,FUNDAÇÃO HOSPITALAR DO ESTADO DE MINAS GERAIS - FHEMIG,3,3,90,40,10,1,10250,10,302,19,4,32,4032,1,17835.00,17835.00,17835.00,0,ATENÇÃO À SAÚDE NAS UNIDADES ASSISTENCIAIS DE SAÚDE MENTAL,ATENÇÃO HOSPITALAR ESPECIALIZADA
2025,1320,SECRETARIA DE ESTADO DE SAÚDE - SES,3,0,2271,FUNDAÇÃO HOSPITALAR DO ESTADO DE MINAS GERAIS - FHEMIG,3,3,90,47,10,1,10250,10,302,19,4,32,4032,1,1220.00,1220.00,1220.00,0,ATENÇÃO À SAÚDE NAS UNIDADES ASSISTENCIAIS DE SAÚDE MENTAL,ATENÇÃO HOSPITALAR ESPECIALIZADA
2025,1320,SECRETARIA DE ESTADO DE SAÚDE - SES,3,0,2271,FUNDAÇÃO HOSPITALAR DO ESTADO DE MINAS GERAIS - FHEMIG,3,3,90,49,10,1,10250,10,302,19,4,32,4032,1,572884.00,572884.00,572884.00,0,ATENÇÃO À SAÚDE NAS UNIDADES ASSISTENCIAIS DE SAÚDE MENTAL,ATENÇÃO HOSPITALAR ESPECIALIZADA
2025,1320,SECRETARIA DE ESTADO DE SAÚDE - SES,3,0,2271,FUNDAÇÃO HOSPITALAR DO ESTADO DE MINAS GERAIS - FHEMIG,4,4,90,39,10,1,10250,10,302,19,4,32,4032,1,2481495.00,2481495.00,2481495.00,0,ATENÇÃO À SAÚDE NAS UNIDADES ASSISTENCIAIS DE SAÚDE MENTAL,ATENÇÃO HOSPITALAR ESPECIALIZADA
2025,1320,SECRETARIA DE ESTADO DE SAÚDE - SES,3,0,2271,FUNDAÇÃO HOSPITALAR DO ESTADO DE MINAS GERAIS - FHEMIG,3,3,90,13,10,1,10251,10,302,19,4,34,4034,1,308179.00,308179.00,308179.00,0,ATENÇÃO À SAÚDE NO COMPLEXO HOSPITALAR DE BARBACENA,ATENÇÃO HOSPITALAR ESPECIALIZADA
2025,1320,SECRETARIA DE ESTADO DE SAÚDE - SES,3,0,2271,FUNDAÇÃO HOSPITALAR DO ESTADO DE MINAS GERAIS - FHEMIG,3,3,90,14,10,1,10251,10,302,19,4,34,4034,1,115618.00,115618.00,115618.00,0,ATENÇÃO À SAÚDE NO COMPLEXO HOSPITALAR DE BARBACENA,ATENÇÃO HOSPITALAR ESPECIALIZADA
2025,1320,SECRETARIA DE ESTADO DE SAÚDE - SES,3,0,2271,FUNDAÇÃO HOSPITALAR DO ESTADO DE MINAS GERAIS - FHEMIG,3,3,90,30,10,1,10251,10,302,19,4,34,4034,1,13884615.00,13884615.00,13884615.00,0,ATENÇÃO À SAÚDE NO COMPLEXO HOSPITALAR DE BARBACENA,ATENÇÃO HOSPITALAR ESPECIALIZADA
2025,1320,SECRETARIA DE ESTADO DE SAÚDE - SES,3,0,2271,FUNDAÇÃO HOSPITALAR DO ESTADO DE MINAS GERAIS - FHEMIG,3,3,90,33,10,1,10251,10,302,19,4,34,4034,1,6413.00,6413.00,6413.00,0,ATENÇÃO À SAÚDE NO COMPLEXO HOSPITALAR DE BARBACENA,ATENÇÃO HOSPITALAR ESPECIALIZADA
2025,1320,SECRETARIA DE ESTADO DE SAÚDE - SES,3,0,2271,FUNDAÇÃO HOSPITALAR DO ESTADO DE MINAS GERAIS - FHEMIG,3,3,90,36,10,1,10251,10,302,19,4,34,4034,1,1461832.00,1461832.00,1461832.00,0,ATENÇÃO À SAÚDE NO COMPLEXO HOSPITALAR DE BARBACENA,ATENÇÃO HOSPITALAR ESPECIALIZADA
2025,1320,SECRETARIA DE ESTADO DE SAÚDE - SES,3,0,2271,FUNDAÇÃO HOSPITALAR DO ESTADO DE MINAS GERAIS - FHEMIG,3,3,90,37,10,1,10251,10,302,19,4,34,4034,1,10380241.00,10380241.00,10380241.00,0,ATENÇÃO À SAÚDE NO COMPLEXO HOSPITALAR DE BARBACENA,ATENÇÃO HOSPITALAR ESPECIALIZADA
2025,1320,SECRETARIA DE ESTADO DE SAÚDE - SES,3,0,2271,FUNDAÇÃO HOSPITALAR DO ESTADO DE MINAS GERAIS - FHEMIG,3,3,90,39,10,1,10251,10,302,19,4,34,4034,1,26297434.00,26297434.00,26297434.00,0,ATENÇÃO À SAÚDE NO COMPLEXO HOSPITALAR DE BARBACENA,ATENÇÃO HOSPITALAR ESPECIALIZADA
2025,1320,SECRETARIA DE ESTADO DE SAÚDE - SES,3,0,2271,FUNDAÇÃO HOSPITALAR DO ESTADO DE MINAS GERAIS - FHEMIG,3,3,90,39,10,3,10251,10,302,19,4,34,4034,1,558873.00,558873.00,558873.00,0,ATENÇÃO À SAÚDE NO COMPLEXO HOSPITALAR DE BARBACENA,ATENÇÃO HOSPITALAR ESPECIALIZADA
2025,1320,SECRETARIA DE ESTADO DE SAÚDE - SES,3,0,2271,FUNDAÇÃO HOSPITALAR DO ESTADO DE MINAS GERAIS - FHEMIG,3,3,90,40,10,1,10251,10,302,19,4,34,4034,1,123673.00,123673.00,123673.00,0,ATENÇÃO À SAÚDE NO COMPLEXO HOSPITALAR DE BARBACENA,ATENÇÃO HOSPITALAR ESPECIALIZADA
2025,1320,SECRETARIA DE ESTADO DE SAÚDE - SES,3,0,2271,FUNDAÇÃO HOSPITALAR DO ESTADO DE MINAS GERAIS - FHEMIG,3,3,90,47,10,1,10251,10,302,19,4,34,4034,1,40048.00,40048.00,40048.00,0,ATENÇÃO À SAÚDE NO COMPLEXO HOSPITALAR DE BARBACENA,ATENÇÃO HOSPITALAR ESPECIALIZADA
2025,1320,SECRETARIA DE ESTADO DE SAÚDE - SES,3,0,2271,FUNDAÇÃO HOSPITALAR DO ESTADO DE MINAS GERAIS - FHEMIG,3,3,90,49,10,1,10251,10,302,19,4,34,4034,1,539378.00,539378.00,539378.00,0,ATENÇÃO À SAÚDE NO COMPLEXO HOSPITALAR DE BARBACENA,ATENÇÃO HOSPITALAR ESPECIALIZADA
2025,1320,SECRETARIA DE ESTADO DE SAÚDE - SES,3,0,2271,FUNDAÇÃO HOSPITALAR DO ESTADO DE MINAS GERAIS - FHEMIG,4,4,90,39,1,1,10251,10,302,19,4,34,4034,1,279927.00,279927.00,279927.00,0,ATENÇÃO À SAÚDE NO COMPLEXO HOSPITALAR DE BARBACENA,ATENÇÃO HOSPITALAR ESPECIALIZADA
2025,1320,SECRETARIA DE ESTADO DE SAÚDE - SES,3,0,2271,FUNDAÇÃO HOSPITALAR DO ESTADO DE MINAS GERAIS - FHEMIG,4,4,90,39,10,1,10251,10,302,19,4,34,4034,1,1746816.00,1746816.00,1746816.00,0,ATENÇÃO À SAÚDE NO COMPLEXO HOSPITALAR DE BARBACENA,ATENÇÃO HOSPITALAR ESPECIALIZADA
2025,1320,SECRETARIA DE ESTADO DE SAÚDE - SES,3,0,2271,FUNDAÇÃO HOSPITALAR DO ESTADO DE MINAS GERAIS - FHEMIG,3,3,90,13,10,1,10252,10,302,19,4,35,4035,1,1598056.00,1598056.00,1598056.00,0,ATENÇÃO À SAÚDE NO COMPLEXO HOSPITALAR DE ESPECIALIDADES,ATENÇÃO HOSPITALAR ESPECIALIZADA
2025,1320,SECRETARIA DE ESTADO DE SAÚDE - SES,3,0,2271,FUNDAÇÃO HOSPITALAR DO ESTADO DE MINAS GERAIS - FHEMIG,3,3,90,14,10,1,10252,10,302,19,4,35,4035,1,9200.00,9200.00,9200.00,0,ATENÇÃO À SAÚDE NO COMPLEXO HOSPITALAR DE ESPECIALIDADES,ATENÇÃO HOSPITALAR ESPECIALIZADA
2025,1320,SECRETARIA DE ESTADO DE SAÚDE - SES,3,0,2271,FUNDAÇÃO HOSPITALAR DO ESTADO DE MINAS GERAIS - FHEMIG,3,3,90,30,10,1,10252,10,302,19,4,35,4035,1,25045528.00,25045528.00,25045528.00,0,ATENÇÃO À SAÚDE NO COMPLEXO HOSPITALAR DE ESPECIALIDADES,ATENÇÃO HOSPITALAR ESPECIALIZADA
2025,1320,SECRETARIA DE ESTADO DE SAÚDE - SES,3,0,2271,FUNDAÇÃO HOSPITALAR DO ESTADO DE MINAS GERAIS - FHEMIG,3,3,90,30,70,1,10252,10,302,19,4,35,4035,1,7500000.00,7500000.00,7500000.00,0,ATENÇÃO À SAÚDE NO COMPLEXO HOSPITALAR DE ESPECIALIDADES,ATENÇÃO HOSPITALAR ESPECIALIZADA
2025,1320,SECRETARIA DE ESTADO DE SAÚDE - SES,3,0,2271,FUNDAÇÃO HOSPITALAR DO ESTADO DE MINAS GERAIS - FHEMIG,3,3,90,31,10,1,10252,10,302,19,4,35,4035,1,151.00,151.00,151.00,0,ATENÇÃO À SAÚDE NO COMPLEXO HOSPITALAR DE ESPECIALIDADES,ATENÇÃO HOSPITALAR ESPECIALIZADA
2025,1320,SECRETARIA DE ESTADO DE SAÚDE - SES,3,0,2271,FUNDAÇÃO HOSPITALAR DO ESTADO DE MINAS GERAIS - FHEMIG,3,3,90,33,10,1,10252,10,302,19,4,35,4035,1,2762.00,2762.00,2762.00,0,ATENÇÃO À SAÚDE NO COMPLEXO HOSPITALAR DE ESPECIALIDADES,ATENÇÃO HOSPITALAR ESPECIALIZADA
2025,1320,SECRETARIA DE ESTADO DE SAÚDE - SES,3,0,2271,FUNDAÇÃO HOSPITALAR DO ESTADO DE MINAS GERAIS - FHEMIG,3,3,90,36,10,1,10252,10,302,19,4,35,4035,1,7357157.00,7357157.00,7357157.00,0,ATENÇÃO À SAÚDE NO COMPLEXO HOSPITALAR DE ESPECIALIDADES,ATENÇÃO HOSPITALAR ESPECIALIZADA
2025,1320,SECRETARIA DE ESTADO DE SAÚDE - SES,3,0,2271,FUNDAÇÃO HOSPITALAR DO ESTADO DE MINAS GERAIS - FHEMIG,3,3,90,37,10,1,10252,10,302,19,4,35,4035,1,17026134.00,17026134.00,17026134.00,0,ATENÇÃO À SAÚDE NO COMPLEXO HOSPITALAR DE ESPECIALIDADES,ATENÇÃO HOSPITALAR ESPECIALIZADA
2025,1320,SECRETARIA DE ESTADO DE SAÚDE - SES,3,0,2271,FUNDAÇÃO HOSPITALAR DO ESTADO DE MINAS GERAIS - FHEMIG,3,3,90,39,10,1,10252,10,302,19,4,35,4035,1,58292482.00,58292482.00,58292482.00,0,ATENÇÃO À SAÚDE NO COMPLEXO HOSPITALAR DE ESPECIALIDADES,ATENÇÃO HOSPITALAR ESPECIALIZADA
2025,1320,SECRETARIA DE ESTADO DE SAÚDE - SES,3,0,2271,FUNDAÇÃO HOSPITALAR DO ESTADO DE MINAS GERAIS - FHEMIG,3,3,90,39,70,1,10252,10,302,19,4,35,4035,1,5000000.00,5000000.00,5000000.00,0,ATENÇÃO À SAÚDE NO COMPLEXO HOSPITALAR DE ESPECIALIDADES,ATENÇÃO HOSPITALAR ESPECIALIZADA
2025,1320,SECRETARIA DE ESTADO DE SAÚDE - SES,3,0,2271,FUNDAÇÃO HOSPITALAR DO ESTADO DE MINAS GERAIS - FHEMIG,3,3,90,40,10,1,10252,10,302,19,4,35,4035,1,388108.00,388108.00,388108.00,0,ATENÇÃO À SAÚDE NO COMPLEXO HOSPITALAR DE ESPECIALIDADES,ATENÇÃO HOSPITALAR ESPECIALIZADA
2025,1320,SECRETARIA DE ESTADO DE SAÚDE - SES,3,0,2271,FUNDAÇÃO HOSPITALAR DO ESTADO DE MINAS GERAIS - FHEMIG,3,3,90,47,10,1,10252,10,302,19,4,35,4035,1,1594.00,1594.00,1594.00,0,ATENÇÃO À SAÚDE NO COMPLEXO HOSPITALAR DE ESPECIALIDADES,ATENÇÃO HOSPITALAR ESPECIALIZADA
2025,1320,SECRETARIA DE ESTADO DE SAÚDE - SES,3,0,2271,FUNDAÇÃO HOSPITALAR DO ESTADO DE MINAS GERAIS - FHEMIG,3,3,90,49,10,1,10252,10,302,19,4,35,4035,1,2797702.00,2797702.00,2797702.00,0,ATENÇÃO À SAÚDE NO COMPLEXO HOSPITALAR DE ESPECIALIDADES,ATENÇÃO HOSPITALAR ESPECIALIZADA
2025,1320,SECRETARIA DE ESTADO DE SAÚDE - SES,3,0,2271,FUNDAÇÃO HOSPITALAR DO ESTADO DE MINAS GERAIS - FHEMIG,4,4,90,39,10,1,10252,10,302,19,4,35,4035,1,3607841.00,3607841.00,3607841.00,0,ATENÇÃO À SAÚDE NO COMPLEXO HOSPITALAR DE ESPECIALIDADES,ATENÇÃO HOSPITALAR ESPECIALIZADA
2025,1320,SECRETARIA DE ESTADO DE SAÚDE - SES,3,0,2271,FUNDAÇÃO HOSPITALAR DO ESTADO DE MINAS GERAIS - FHEMIG,4,4,90,52,45,1,10252,10,302,19,4,35,4035,1,5542.00,5542.00,5542.00,0,ATENÇÃO À SAÚDE NO COMPLEXO HOSPITALAR DE ESPECIALIDADES,ATENÇÃO HOSPITALAR ESPECIALIZADA
2025,1320,SECRETARIA DE ESTADO DE SAÚDE - SES,3,0,2271,FUNDAÇÃO HOSPITALAR DO ESTADO DE MINAS GERAIS - FHEMIG,3,3,90,13,10,1,10253,10,302,19,4,36,4036,1,1713387.00,1713387.00,1713387.00,0,ATENÇÃO À SAÚDE NO COMPLEXO HOSPITALAR DE URGÊNCIA E EMERGÊNCIA,ATENÇÃO HOSPITALAR ESPECIALIZADA
2025,1320,SECRETARIA DE ESTADO DE SAÚDE - SES,3,0,2271,FUNDAÇÃO HOSPITALAR DO ESTADO DE MINAS GERAIS - FHEMIG,3,3,90,14,10,1,10253,10,302,19,4,36,4036,1,49825.00,49825.00,49825.00,0,ATENÇÃO À SAÚDE NO COMPLEXO HOSPITALAR DE URGÊNCIA E EMERGÊNCIA,ATENÇÃO HOSPITALAR ESPECIALIZADA
2025,1320,SECRETARIA DE ESTADO DE SAÚDE - SES,3,0,2271,FUNDAÇÃO HOSPITALAR DO ESTADO DE MINAS GERAIS - FHEMIG,3,3,90,30,10,1,10253,10,302,19,4,36,4036,1,56451120.00,56451120.00,56451120.00,0,ATENÇÃO À SAÚDE NO COMPLEXO HOSPITALAR DE URGÊNCIA E EMERGÊNCIA,ATENÇÃO HOSPITALAR ESPECIALIZADA
2025,1320,SECRETARIA DE ESTADO DE SAÚDE - SES,3,0,2271,FUNDAÇÃO HOSPITALAR DO ESTADO DE MINAS GERAIS - FHEMIG,3,3,90,31,10,1,10253,10,302,19,4,36,4036,1,4312.00,4312.00,4312.00,0,ATENÇÃO À SAÚDE NO COMPLEXO HOSPITALAR DE URGÊNCIA E EMERGÊNCIA,ATENÇÃO HOSPITALAR ESPECIALIZADA
2025,1320,SECRETARIA DE ESTADO DE SAÚDE - SES,3,0,2271,FUNDAÇÃO HOSPITALAR DO ESTADO DE MINAS GERAIS - FHEMIG,3,3,90,33,10,1,10253,10,302,19,4,36,4036,1,4792.00,4792.00,4792.00,0,ATENÇÃO À SAÚDE NO COMPLEXO HOSPITALAR DE URGÊNCIA E EMERGÊNCIA,ATENÇÃO HOSPITALAR ESPECIALIZADA
2025,1320,SECRETARIA DE ESTADO DE SAÚDE - SES,3,0,2271,FUNDAÇÃO HOSPITALAR DO ESTADO DE MINAS GERAIS - FHEMIG,3,3,90,36,10,1,10253,10,302,19,4,36,4036,1,8262522.00,8262522.00,8262522.00,0,ATENÇÃO À SAÚDE NO COMPLEXO HOSPITALAR DE URGÊNCIA E EMERGÊNCIA,ATENÇÃO HOSPITALAR ESPECIALIZADA
2025,1320,SECRETARIA DE ESTADO DE SAÚDE - SES,3,0,2271,FUNDAÇÃO HOSPITALAR DO ESTADO DE MINAS GERAIS - FHEMIG,3,3,90,37,10,1,10253,10,302,19,4,36,4036,1,29690031.00,29690031.00,29690031.00,0,ATENÇÃO À SAÚDE NO COMPLEXO HOSPITALAR DE URGÊNCIA E EMERGÊNCIA,ATENÇÃO HOSPITALAR ESPECIALIZADA
2025,1320,SECRETARIA DE ESTADO DE SAÚDE - SES,3,0,2271,FUNDAÇÃO HOSPITALAR DO ESTADO DE MINAS GERAIS - FHEMIG,3,3,90,39,10,1,10253,10,302,19,4,36,4036,1,81132147.00,81132147.00,81132147.00,0,ATENÇÃO À SAÚDE NO COMPLEXO HOSPITALAR DE URGÊNCIA E EMERGÊNCIA,ATENÇÃO HOSPITALAR ESPECIALIZADA
2025,1320,SECRETARIA DE ESTADO DE SAÚDE - SES,3,0,2271,FUNDAÇÃO HOSPITALAR DO ESTADO DE MINAS GERAIS - FHEMIG,3,3,90,40,10,1,10253,10,302,19,4,36,4036,1,819927.00,819927.00,819927.00,0,ATENÇÃO À SAÚDE NO COMPLEXO HOSPITALAR DE URGÊNCIA E EMERGÊNCIA,ATENÇÃO HOSPITALAR ESPECIALIZADA
2025,1320,SECRETARIA DE ESTADO DE SAÚDE - SES,3,0,2271,FUNDAÇÃO HOSPITALAR DO ESTADO DE MINAS GERAIS - FHEMIG,3,3,90,47,10,1,10253,10,302,19,4,36,4036,1,6155.00,6155.00,6155.00,0,ATENÇÃO À SAÚDE NO COMPLEXO HOSPITALAR DE URGÊNCIA E EMERGÊNCIA,ATENÇÃO HOSPITALAR ESPECIALIZADA
2025,1320,SECRETARIA DE ESTADO DE SAÚDE - SES,3,0,2271,FUNDAÇÃO HOSPITALAR DO ESTADO DE MINAS GERAIS - FHEMIG,3,3,90,49,10,1,10253,10,302,19,4,36,4036,1,6169887.00,6169887.00,6169887.00,0,ATENÇÃO À SAÚDE NO COMPLEXO HOSPITALAR DE URGÊNCIA E EMERGÊNCIA,ATENÇÃO HOSPITALAR ESPECIALIZADA
2025,1320,SECRETARIA DE ESTADO DE SAÚDE - SES,3,0,2271,FUNDAÇÃO HOSPITALAR DO ESTADO DE MINAS GERAIS - FHEMIG,4,4,90,39,10,1,10253,10,302,19,4,36,4036,1,4625863.00,4625863.00,4625863.00,0,ATENÇÃO À SAÚDE NO COMPLEXO HOSPITALAR DE URGÊNCIA E EMERGÊNCIA,ATENÇÃO HOSPITALAR ESPECIALIZADA
2025,1320,SECRETARIA DE ESTADO DE SAÚDE - SES,3,0,2271,FUNDAÇÃO HOSPITALAR DO ESTADO DE MINAS GERAIS - FHEMIG,3,1,90,91,60,9,1018,28,846,705,7,4,7004,1,27787026.00,27787026.00,27787026.00,0,PRECATÓRIOS E SENTENÇAS JUDICIÁRIAS,APOIO ÀS POLÍTICAS PÚBLICAS
2025,1320,SECRETARIA DE ESTADO DE SAÚDE - SES,3,0,2271,FUNDAÇÃO HOSPITALAR DO ESTADO DE MINAS GERAIS - FHEMIG,3,3,90,91,60,9,1018,28,846,705,7,4,7004,1,1356404.00,1356404.00,1356404.00,0,PRECATÓRIOS E SENTENÇAS JUDICIÁRIAS,APOIO ÀS POLÍTICAS PÚBLICAS
2025,1320,SECRETARIA DE ESTADO DE SAÚDE - SES,3,0,2321,FUNDAÇÃO CENTRO DE HEMATOLOGIA E HEMOTERAPIA DE MINAS GERAIS - HEMOMINAS,3,1,90,4,10,1,11058,10,122,705,2,417,2417,1,21372950.00,21372950.00,21372950.00,0,REMUNERAÇÃO DE PESSOAL ATIVO E ENCARGOS SOCIAIS,APOIO ÀS POLÍTICAS PÚBLICAS
2025,1320,SECRETARIA DE ESTADO DE SAÚDE - SES,3,0,2321,FUNDAÇÃO CENTRO DE HEMATOLOGIA E HEMOTERAPIA DE MINAS GERAIS - HEMOMINAS,3,1,90,11,10,1,11058,10,122,705,2,417,2417,1,105439311.00,105439311.00,105439311.00,0,REMUNERAÇÃO DE PESSOAL ATIVO E ENCARGOS SOCIAIS,APOIO ÀS POLÍTICAS PÚBLICAS
2025,1320,SECRETARIA DE ESTADO DE SAÚDE - SES,3,0,2321,FUNDAÇÃO CENTRO DE HEMATOLOGIA E HEMOTERAPIA DE MINAS GERAIS - HEMOMINAS,3,1,90,11,57,2,11058,10,122,705,2,417,2417,1,727204.00,727204.00,727204.00,0,REMUNERAÇÃO DE PESSOAL ATIVO E ENCARGOS SOCIAIS,APOIO ÀS POLÍTICAS PÚBLICAS
2025,1320,SECRETARIA DE ESTADO DE SAÚDE - SES,3,0,2321,FUNDAÇÃO CENTRO DE HEMATOLOGIA E HEMOTERAPIA DE MINAS GERAIS - HEMOMINAS,3,1,90,13,10,1,11058,10,122,705,2,417,2417,1,1082048.00,1082048.00,1082048.00,0,REMUNERAÇÃO DE PESSOAL ATIVO E ENCARGOS SOCIAIS,APOIO ÀS POLÍTICAS PÚBLICAS
2025,1320,SECRETARIA DE ESTADO DE SAÚDE - SES,3,0,2321,FUNDAÇÃO CENTRO DE HEMATOLOGIA E HEMOTERAPIA DE MINAS GERAIS - HEMOMINAS,3,1,90,96,10,1,11058,10,122,705,2,417,2417,1,1802032.00,1802032.00,1802032.00,0,REMUNERAÇÃO DE PESSOAL ATIVO E ENCARGOS SOCIAIS,APOIO ÀS POLÍTICAS PÚBLICAS
2025,1320,SECRETARIA DE ESTADO DE SAÚDE - SES,3,0,2321,FUNDAÇÃO CENTRO DE HEMATOLOGIA E HEMOTERAPIA DE MINAS GERAIS - HEMOMINAS,3,1,91,4,10,1,11058,10,122,705,2,417,2417,1,113123.00,113123.00,113123.00,0,REMUNERAÇÃO DE PESSOAL ATIVO E ENCARGOS SOCIAIS,APOIO ÀS POLÍTICAS PÚBLICAS
2025,1320,SECRETARIA DE ESTADO DE SAÚDE - SES,3,0,2321,FUNDAÇÃO CENTRO DE HEMATOLOGIA E HEMOTERAPIA DE MINAS GERAIS - HEMOMINAS,3,1,91,13,10,1,11058,10,122,705,2,417,2417,1,37742211.00,37742211.00,37742211.00,0,REMUNERAÇÃO DE PESSOAL ATIVO E ENCARGOS SOCIAIS,APOIO ÀS POLÍTICAS PÚBLICAS
2025,1320,SECRETARIA DE ESTADO DE SAÚDE - SES,3,0,2321,FUNDAÇÃO CENTRO DE HEMATOLOGIA E HEMOTERAPIA DE MINAS GERAIS - HEMOMINAS,3,3,90,46,10,7,11058,10,122,705,2,417,2417,1,25770377.00,25770377.00,25770377.00,0,REMUNERAÇÃO DE PESSOAL ATIVO E ENCARGOS SOCIAIS,APOIO ÀS POLÍTICAS PÚBLICAS
2025,1320,SECRETARIA DE ESTADO DE SAÚDE - SES,3,0,2321,FUNDAÇÃO CENTRO DE HEMATOLOGIA E HEMOTERAPIA DE MINAS GERAIS - HEMOMINAS,3,3,90,49,10,7,11058,10,122,705,2,417,2417,1,1095272.00,1095272.00,1095272.00,0,REMUNERAÇÃO DE PESSOAL ATIVO E ENCARGOS SOCIAIS,APOIO ÀS POLÍTICAS PÚBLICAS
2025,1320,SECRETARIA DE ESTADO DE SAÚDE - SES,3,0,2321,FUNDAÇÃO CENTRO DE HEMATOLOGIA E HEMOTERAPIA DE MINAS GERAIS - HEMOMINAS,3,3,90,8,10,1,10492,10,302,87,4,212,4212,1,372000.00,372000.00,372000.00,0,DESENVOLVIMENTO DO PROGRAMA DE SANGUE E HEMODERIVADOS,"ASSISTÊNCIA EM HEMATOLOGIA, HEMOTERAPIA,CÉLULAS E TECIDOS BIOLÓGICOS"
2025,1320,SECRETARIA DE ESTADO DE SAÚDE - SES,3,0,2321,FUNDAÇÃO CENTRO DE HEMATOLOGIA E HEMOTERAPIA DE MINAS GERAIS - HEMOMINAS,3,3,90,14,10,1,10492,10,302,87,4,212,4212,1,1367690.00,1367690.00,1367690.00,0,DESENVOLVIMENTO DO PROGRAMA DE SANGUE E HEMODERIVADOS,"ASSISTÊNCIA EM HEMATOLOGIA, HEMOTERAPIA,CÉLULAS E TECIDOS BIOLÓGICOS"
2025,1320,SECRETARIA DE ESTADO DE SAÚDE - SES,3,0,2321,FUNDAÇÃO CENTRO DE HEMATOLOGIA E HEMOTERAPIA DE MINAS GERAIS - HEMOMINAS,3,3,90,30,10,1,10492,10,302,87,4,212,4212,1,72429812.00,72429812.00,72429812.00,0,DESENVOLVIMENTO DO PROGRAMA DE SANGUE E HEMODERIVADOS,"ASSISTÊNCIA EM HEMATOLOGIA, HEMOTERAPIA,CÉLULAS E TECIDOS BIOLÓGICOS"
2025,1320,SECRETARIA DE ESTADO DE SAÚDE - SES,3,0,2321,FUNDAÇÃO CENTRO DE HEMATOLOGIA E HEMOTERAPIA DE MINAS GERAIS - HEMOMINAS,3,3,90,33,10,1,10492,10,302,87,4,212,4212,1,457060.00,457060.00,457060.00,0,DESENVOLVIMENTO DO PROGRAMA DE SANGUE E HEMODERIVADOS,"ASSISTÊNCIA EM HEMATOLOGIA, HEMOTERAPIA,CÉLULAS E TECIDOS BIOLÓGICOS"
2025,1320,SECRETARIA DE ESTADO DE SAÚDE - SES,3,0,2321,FUNDAÇÃO CENTRO DE HEMATOLOGIA E HEMOTERAPIA DE MINAS GERAIS - HEMOMINAS,3,3,90,35,10,1,10492,10,302,87,4,212,4212,1,106888.00,106888.00,106888.00,0,DESENVOLVIMENTO DO PROGRAMA DE SANGUE E HEMODERIVADOS,"ASSISTÊNCIA EM HEMATOLOGIA, HEMOTERAPIA,CÉLULAS E TECIDOS BIOLÓGICOS"
2025,1320,SECRETARIA DE ESTADO DE SAÚDE - SES,3,0,2321,FUNDAÇÃO CENTRO DE HEMATOLOGIA E HEMOTERAPIA DE MINAS GERAIS - HEMOMINAS,3,3,90,36,10,1,10492,10,302,87,4,212,4212,1,108800.00,108800.00,108800.00,0,DESENVOLVIMENTO DO PROGRAMA DE SANGUE E HEMODERIVADOS,"ASSISTÊNCIA EM HEMATOLOGIA, HEMOTERAPIA,CÉLULAS E TECIDOS BIOLÓGICOS"
2025,1320,SECRETARIA DE ESTADO DE SAÚDE - SES,3,0,2321,FUNDAÇÃO CENTRO DE HEMATOLOGIA E HEMOTERAPIA DE MINAS GERAIS - HEMOMINAS,3,3,90,37,10,1,10492,10,302,87,4,212,4212,1,26159523.00,26159523.00,26159523.00,0,DESENVOLVIMENTO DO PROGRAMA DE SANGUE E HEMODERIVADOS,"ASSISTÊNCIA EM HEMATOLOGIA, HEMOTERAPIA,CÉLULAS E TECIDOS BIOLÓGICOS"
2025,1320,SECRETARIA DE ESTADO DE SAÚDE - SES,3,0,2321,FUNDAÇÃO CENTRO DE HEMATOLOGIA E HEMOTERAPIA DE MINAS GERAIS - HEMOMINAS,3,3,90,39,10,1,10492,10,302,87,4,212,4212,1,46422412.00,46422412.00,46422412.00,0,DESENVOLVIMENTO DO PROGRAMA DE SANGUE E HEMODERIVADOS,"ASSISTÊNCIA EM HEMATOLOGIA, HEMOTERAPIA,CÉLULAS E TECIDOS BIOLÓGICOS"
2025,1320,SECRETARIA DE ESTADO DE SAÚDE - SES,3,0,2321,FUNDAÇÃO CENTRO DE HEMATOLOGIA E HEMOTERAPIA DE MINAS GERAIS - HEMOMINAS,3,3,90,40,10,1,10492,10,302,87,4,212,4212,1,10624114.00,10624114.00,10624114.00,0,DESENVOLVIMENTO DO PROGRAMA DE SANGUE E HEMODERIVADOS,"ASSISTÊNCIA EM HEMATOLOGIA, HEMOTERAPIA,CÉLULAS E TECIDOS BIOLÓGICOS"
2025,1320,SECRETARIA DE ESTADO DE SAÚDE - SES,3,0,2321,FUNDAÇÃO CENTRO DE HEMATOLOGIA E HEMOTERAPIA DE MINAS GERAIS - HEMOMINAS,3,3,90,47,10,1,10492,10,302,87,4,212,4212,1,2068575.00,2068575.00,2068575.00,0,DESENVOLVIMENTO DO PROGRAMA DE SANGUE E HEMODERIVADOS,"ASSISTÊNCIA EM HEMATOLOGIA, HEMOTERAPIA,CÉLULAS E TECIDOS BIOLÓGICOS"
2025,1320,SECRETARIA DE ESTADO DE SAÚDE - SES,3,0,2321,FUNDAÇÃO CENTRO DE HEMATOLOGIA E HEMOTERAPIA DE MINAS GERAIS - HEMOMINAS,3,3,90,59,10,1,10492,10,302,87,4,212,4212,1,24000.00,24000.00,24000.00,0,DESENVOLVIMENTO DO PROGRAMA DE SANGUE E HEMODERIVADOS,"ASSISTÊNCIA EM HEMATOLOGIA, HEMOTERAPIA,CÉLULAS E TECIDOS BIOLÓGICOS"
2025,1320,SECRETARIA DE ESTADO DE SAÚDE - SES,3,0,2321,FUNDAÇÃO CENTRO DE HEMATOLOGIA E HEMOTERAPIA DE MINAS GERAIS - HEMOMINAS,3,3,90,93,10,1,10492,10,302,87,4,212,4212,1,90000.00,90000.00,90000.00,0,DESENVOLVIMENTO DO PROGRAMA DE SANGUE E HEMODERIVADOS,"ASSISTÊNCIA EM HEMATOLOGIA, HEMOTERAPIA,CÉLULAS E TECIDOS BIOLÓGICOS"
2025,1320,SECRETARIA DE ESTADO DE SAÚDE - SES,3,0,2321,FUNDAÇÃO CENTRO DE HEMATOLOGIA E HEMOTERAPIA DE MINAS GERAIS - HEMOMINAS,3,3,90,93,70,1,10492,10,302,87,4,212,4212,1,208266.00,208266.00,208266.00,0,DESENVOLVIMENTO DO PROGRAMA DE SANGUE E HEMODERIVADOS,"ASSISTÊNCIA EM HEMATOLOGIA, HEMOTERAPIA,CÉLULAS E TECIDOS BIOLÓGICOS"
2025,1320,SECRETARIA DE ESTADO DE SAÚDE - SES,3,0,2321,FUNDAÇÃO CENTRO DE HEMATOLOGIA E HEMOTERAPIA DE MINAS GERAIS - HEMOMINAS,3,3,90,36,10,1,10502,10,302,87,4,222,4222,1,36000.00,36000.00,36000.00,0,MODERNIZAÇÃO E/OU MELHORIA DA INFRAESTRUTURA FÍSICA E/OU TÉCNOLÓGICA DAS UNIDADES DA FUNDAÇÃO HEMOMINAS,"ASSISTÊNCIA EM HEMATOLOGIA, HEMOTERAPIA,CÉLULAS E TECIDOS BIOLÓGICOS"
2025,1320,SECRETARIA DE ESTADO DE SAÚDE - SES,3,0,2321,FUNDAÇÃO CENTRO DE HEMATOLOGIA E HEMOTERAPIA DE MINAS GERAIS - HEMOMINAS,3,3,90,37,10,1,10502,10,302,87,4,222,4222,1,400000.00,400000.00,400000.00,0,MODERNIZAÇÃO E/OU MELHORIA DA INFRAESTRUTURA FÍSICA E/OU TÉCNOLÓGICA DAS UNIDADES DA FUNDAÇÃO HEMOMINAS,"ASSISTÊNCIA EM HEMATOLOGIA, HEMOTERAPIA,CÉLULAS E TECIDOS BIOLÓGICOS"
2025,1320,SECRETARIA DE ESTADO DE SAÚDE - SES,3,0,2321,FUNDAÇÃO CENTRO DE HEMATOLOGIA E HEMOTERAPIA DE MINAS GERAIS - HEMOMINAS,3,3,90,39,10,1,10502,10,302,87,4,222,4222,1,10483926.00,10483926.00,10483926.00,0,MODERNIZAÇÃO E/OU MELHORIA DA INFRAESTRUTURA FÍSICA E/OU TÉCNOLÓGICA DAS UNIDADES DA FUNDAÇÃO HEMOMINAS,"ASSISTÊNCIA EM HEMATOLOGIA, HEMOTERAPIA,CÉLULAS E TECIDOS BIOLÓGICOS"
2025,1320,SECRETARIA DE ESTADO DE SAÚDE - SES,3,0,2321,FUNDAÇÃO CENTRO DE HEMATOLOGIA E HEMOTERAPIA DE MINAS GERAIS - HEMOMINAS,3,3,90,39,10,3,10502,10,302,87,4,222,4222,1,80538.00,80538.00,80538.00,0,MODERNIZAÇÃO E/OU MELHORIA DA INFRAESTRUTURA FÍSICA E/OU TÉCNOLÓGICA DAS UNIDADES DA FUNDAÇÃO HEMOMINAS,"ASSISTÊNCIA EM HEMATOLOGIA, HEMOTERAPIA,CÉLULAS E TECIDOS BIOLÓGICOS"
2025,1320,SECRETARIA DE ESTADO DE SAÚDE - SES,3,0,2321,FUNDAÇÃO CENTRO DE HEMATOLOGIA E HEMOTERAPIA DE MINAS GERAIS - HEMOMINAS,3,3,90,39,24,1,10502,10,302,87,4,222,4222,1,968856.00,968856.00,968856.00,0,MODERNIZAÇÃO E/OU MELHORIA DA INFRAESTRUTURA FÍSICA E/OU TÉCNOLÓGICA DAS UNIDADES DA FUNDAÇÃO HEMOMINAS,"ASSISTÊNCIA EM HEMATOLOGIA, HEMOTERAPIA,CÉLULAS E TECIDOS BIOLÓGICOS"
2025,1320,SECRETARIA DE ESTADO DE SAÚDE - SES,3,0,2321,FUNDAÇÃO CENTRO DE HEMATOLOGIA E HEMOTERAPIA DE MINAS GERAIS - HEMOMINAS,4,4,90,40,10,1,10502,10,302,87,4,222,4222,1,1340936.00,1340936.00,1340936.00,0,MODERNIZAÇÃO E/OU MELHORIA DA INFRAESTRUTURA FÍSICA E/OU TÉCNOLÓGICA DAS UNIDADES DA FUNDAÇÃO HEMOMINAS,"ASSISTÊNCIA EM HEMATOLOGIA, HEMOTERAPIA,CÉLULAS E TECIDOS BIOLÓGICOS"
2025,1320,SECRETARIA DE ESTADO DE SAÚDE - SES,3,0,2321,FUNDAÇÃO CENTRO DE HEMATOLOGIA E HEMOTERAPIA DE MINAS GERAIS - HEMOMINAS,4,4,90,51,1,1,10502,10,302,87,4,222,4222,1,338371.00,338371.00,338371.00,0,MODERNIZAÇÃO E/OU MELHORIA DA INFRAESTRUTURA FÍSICA E/OU TÉCNOLÓGICA DAS UNIDADES DA FUNDAÇÃO HEMOMINAS,"ASSISTÊNCIA EM HEMATOLOGIA, HEMOTERAPIA,CÉLULAS E TECIDOS BIOLÓGICOS"
2025,1320,SECRETARIA DE ESTADO DE SAÚDE - SES,3,0,2321,FUNDAÇÃO CENTRO DE HEMATOLOGIA E HEMOTERAPIA DE MINAS GERAIS - HEMOMINAS,4,4,90,51,10,1,10502,10,302,87,4,222,4222,1,4598336.00,4598336.00,4598336.00,0,MODERNIZAÇÃO E/OU MELHORIA DA INFRAESTRUTURA FÍSICA E/OU TÉCNOLÓGICA DAS UNIDADES DA FUNDAÇÃO HEMOMINAS,"ASSISTÊNCIA EM HEMATOLOGIA, HEMOTERAPIA,CÉLULAS E TECIDOS BIOLÓGICOS"
2025,1320,SECRETARIA DE ESTADO DE SAÚDE - SES,3,0,2321,FUNDAÇÃO CENTRO DE HEMATOLOGIA E HEMOTERAPIA DE MINAS GERAIS - HEMOMINAS,4,4,90,51,10,3,10502,10,302,87,4,222,4222,1,5214113.00,5214113.00,5214113.00,0,MODERNIZAÇÃO E/OU MELHORIA DA INFRAESTRUTURA FÍSICA E/OU TÉCNOLÓGICA DAS UNIDADES DA FUNDAÇÃO HEMOMINAS,"ASSISTÊNCIA EM HEMATOLOGIA, HEMOTERAPIA,CÉLULAS E TECIDOS BIOLÓGICOS"
2025,1320,SECRETARIA DE ESTADO DE SAÚDE - SES,3,0,2321,FUNDAÇÃO CENTRO DE HEMATOLOGIA E HEMOTERAPIA DE MINAS GERAIS - HEMOMINAS,4,4,90,51,24,1,10502,10,302,87,4,222,4222,1,3652182.00,3652182.00,3652182.00,0,MODERNIZAÇÃO E/OU MELHORIA DA INFRAESTRUTURA FÍSICA E/OU TÉCNOLÓGICA DAS UNIDADES DA FUNDAÇÃO HEMOMINAS,"ASSISTÊNCIA EM HEMATOLOGIA, HEMOTERAPIA,CÉLULAS E TECIDOS BIOLÓGICOS"
2025,1320,SECRETARIA DE ESTADO DE SAÚDE - SES,3,0,2321,FUNDAÇÃO CENTRO DE HEMATOLOGIA E HEMOTERAPIA DE MINAS GERAIS - HEMOMINAS,4,4,90,52,10,1,10502,10,302,87,4,222,4222,1,11405254.00,11405254.00,11405254.00,0,MODERNIZAÇÃO E/OU MELHORIA DA INFRAESTRUTURA FÍSICA E/OU TÉCNOLÓGICA DAS UNIDADES DA FUNDAÇÃO HEMOMINAS,"ASSISTÊNCIA EM HEMATOLOGIA, HEMOTERAPIA,CÉLULAS E TECIDOS BIOLÓGICOS"
2025,1320,SECRETARIA DE ESTADO DE SAÚDE - SES,3,0,2321,FUNDAÇÃO CENTRO DE HEMATOLOGIA E HEMOTERAPIA DE MINAS GERAIS - HEMOMINAS,4,4,90,52,24,1,10502,10,302,87,4,222,4222,1,3952751.00,3952751.00,3952751.00,0,MODERNIZAÇÃO E/OU MELHORIA DA INFRAESTRUTURA FÍSICA E/OU TÉCNOLÓGICA DAS UNIDADES DA FUNDAÇÃO HEMOMINAS,"ASSISTÊNCIA EM HEMATOLOGIA, HEMOTERAPIA,CÉLULAS E TECIDOS BIOLÓGICOS"
2025,1320,SECRETARIA DE ESTADO DE SAÚDE - SES,3,0,2321,FUNDAÇÃO CENTRO DE HEMATOLOGIA E HEMOTERAPIA DE MINAS GERAIS - HEMOMINAS,4,4,90,52,47,1,10502,10,302,87,4,222,4222,1,115000.00,115000.00,115000.00,0,MODERNIZAÇÃO E/OU MELHORIA DA INFRAESTRUTURA FÍSICA E/OU TÉCNOLÓGICA DAS UNIDADES DA FUNDAÇÃO HEMOMINAS,"ASSISTÊNCIA EM HEMATOLOGIA, HEMOTERAPIA,CÉLULAS E TECIDOS BIOLÓGICOS"
2025,1320,SECRETARIA DE ESTADO DE SAÚDE - SES,3,0,2321,FUNDAÇÃO CENTRO DE HEMATOLOGIA E HEMOTERAPIA DE MINAS GERAIS - HEMOMINAS,4,4,99,99,10,8,10502,10,302,87,4,222,4222,1,751000.00,751000.00,751000.00,0,MODERNIZAÇÃO E/OU MELHORIA DA INFRAESTRUTURA FÍSICA E/OU TÉCNOLÓGICA DAS UNIDADES DA FUNDAÇÃO HEMOMINAS,"ASSISTÊNCIA EM HEMATOLOGIA, HEMOTERAPIA,CÉLULAS E TECIDOS BIOLÓGICOS"
2025,1320,SECRETARIA DE ESTADO DE SAÚDE - SES,3,0,2321,FUNDAÇÃO CENTRO DE HEMATOLOGIA E HEMOTERAPIA DE MINAS GERAIS - HEMOMINAS,3,3,90,8,10,1,10520,10,302,87,4,237,4237,1,7056.00,7056.00,7056.00,0,CENTRO DE TECIDOS BIOLÓGICOS DE MINAS GERAIS - CETEBIO,"ASSISTÊNCIA EM HEMATOLOGIA, HEMOTERAPIA,CÉLULAS E TECIDOS BIOLÓGICOS"
2025,1320,SECRETARIA DE ESTADO DE SAÚDE - SES,3,0,2321,FUNDAÇÃO CENTRO DE HEMATOLOGIA E HEMOTERAPIA DE MINAS GERAIS - HEMOMINAS,3,3,90,30,10,1,10520,10,302,87,4,237,4237,1,2433350.00,2433350.00,2433350.00,0,CENTRO DE TECIDOS BIOLÓGICOS DE MINAS GERAIS - CETEBIO,"ASSISTÊNCIA EM HEMATOLOGIA, HEMOTERAPIA,CÉLULAS E TECIDOS BIOLÓGICOS"
2025,1320,SECRETARIA DE ESTADO DE SAÚDE - SES,3,0,2321,FUNDAÇÃO CENTRO DE HEMATOLOGIA E HEMOTERAPIA DE MINAS GERAIS - HEMOMINAS,3,3,90,36,10,1,10520,10,302,87,4,237,4237,1,33200.00,33200.00,33200.00,0,CENTRO DE TECIDOS BIOLÓGICOS DE MINAS GERAIS - CETEBIO,"ASSISTÊNCIA EM HEMATOLOGIA, HEMOTERAPIA,CÉLULAS E TECIDOS BIOLÓGICOS"
2025,1320,SECRETARIA DE ESTADO DE SAÚDE - SES,3,0,2321,FUNDAÇÃO CENTRO DE HEMATOLOGIA E HEMOTERAPIA DE MINAS GERAIS - HEMOMINAS,3,3,90,37,10,1,10520,10,302,87,4,237,4237,1,1347159.00,1347159.00,1347159.00,0,CENTRO DE TECIDOS BIOLÓGICOS DE MINAS GERAIS - CETEBIO,"ASSISTÊNCIA EM HEMATOLOGIA, HEMOTERAPIA,CÉLULAS E TECIDOS BIOLÓGICOS"
2025,1320,SECRETARIA DE ESTADO DE SAÚDE - SES,3,0,2321,FUNDAÇÃO CENTRO DE HEMATOLOGIA E HEMOTERAPIA DE MINAS GERAIS - HEMOMINAS,3,3,90,39,10,1,10520,10,302,87,4,237,4237,1,799382.00,799382.00,799382.00,0,CENTRO DE TECIDOS BIOLÓGICOS DE MINAS GERAIS - CETEBIO,"ASSISTÊNCIA EM HEMATOLOGIA, HEMOTERAPIA,CÉLULAS E TECIDOS BIOLÓGICOS"
2025,1320,SECRETARIA DE ESTADO DE SAÚDE - SES,3,0,2321,FUNDAÇÃO CENTRO DE HEMATOLOGIA E HEMOTERAPIA DE MINAS GERAIS - HEMOMINAS,4,4,90,52,10,1,10520,10,302,87,4,237,4237,1,75443.00,75443.00,75443.00,0,CENTRO DE TECIDOS BIOLÓGICOS DE MINAS GERAIS - CETEBIO,"ASSISTÊNCIA EM HEMATOLOGIA, HEMOTERAPIA,CÉLULAS E TECIDOS BIOLÓGICOS"
2025,1320,SECRETARIA DE ESTADO DE SAÚDE - SES,3,0,2321,FUNDAÇÃO CENTRO DE HEMATOLOGIA E HEMOTERAPIA DE MINAS GERAIS - HEMOMINAS,3,1,90,91,60,9,118,28,846,705,7,4,7004,1,1938171.00,1938171.00,1938171.00,0,PRECATÓRIOS E SENTENÇAS JUDICIÁRIAS,APOIO ÀS POLÍTICAS PÚBLICAS
2025,1320,SECRETARIA DE ESTADO DE SAÚDE - SES,3,0,4291,FUNDO ESTADUAL DE SAÚDE - FES,3,3,90,30,10,1,10396,10,61,62,4,133,4133,1,509342686.00,509342686.00,509342686.00,0,ATENDIMENTO ÀS MEDIDAS JUDICIAIS,ACESSO A SERVIÇOS DE SAÚDE
2025,1320,SECRETARIA DE ESTADO DE SAÚDE - SES,3,0,4291,FUNDO ESTADUAL DE SAÚDE - FES,3,3,90,30,15,1,10396,10,61,62,4,133,4133,1,108007766.00,108007766.00,108007766.00,0,ATENDIMENTO ÀS MEDIDAS JUDICIAIS,ACESSO A SERVIÇOS DE SAÚDE
2025,1320,SECRETARIA DE ESTADO DE SAÚDE - SES,3,0,4291,FUNDO ESTADUAL DE SAÚDE - FES,3,3,90,32,10,1,10396,10,61,62,4,133,4133,1,900000.00,900000.00,900000.00,0,ATENDIMENTO ÀS MEDIDAS JUDICIAIS,ACESSO A SERVIÇOS DE SAÚDE
2025,1320,SECRETARIA DE ESTADO DE SAÚDE - SES,3,0,4291,FUNDO ESTADUAL DE SAÚDE - FES,3,3,90,33,10,1,10396,10,61,62,4,133,4133,1,20000.00,20000.00,20000.00,0,ATENDIMENTO ÀS MEDIDAS JUDICIAIS,ACESSO A SERVIÇOS DE SAÚDE
2025,1320,SECRETARIA DE ESTADO DE SAÚDE - SES,3,0,4291,FUNDO ESTADUAL DE SAÚDE - FES,3,3,90,37,10,1,10396,10,61,62,4,133,4133,1,5388336.00,5388336.00,5388336.00,0,ATENDIMENTO ÀS MEDIDAS JUDICIAIS,ACESSO A SERVIÇOS DE SAÚDE
2025,1320,SECRETARIA DE ESTADO DE SAÚDE - SES,3,0,4291,FUNDO ESTADUAL DE SAÚDE - FES,3,3,90,39,10,1,10396,10,61,62,4,133,4133,1,11511090.00,11511090.00,11511090.00,0,ATENDIMENTO ÀS MEDIDAS JUDICIAIS,ACESSO A SERVIÇOS DE SAÚDE
2025,1320,SECRETARIA DE ESTADO DE SAÚDE - SES,3,0,4291,FUNDO ESTADUAL DE SAÚDE - FES,3,3,90,40,10,1,10396,10,61,62,4,133,4133,1,708737.00,708737.00,708737.00,0,ATENDIMENTO ÀS MEDIDAS JUDICIAIS,ACESSO A SERVIÇOS DE SAÚDE
2025,1320,SECRETARIA DE ESTADO DE SAÚDE - SES,3,0,4291,FUNDO ESTADUAL DE SAÚDE - FES,3,3,90,93,10,1,10396,10,61,62,4,133,4133,1,285000000.00,285000000.00,285000000.00,0,ATENDIMENTO ÀS MEDIDAS JUDICIAIS,ACESSO A SERVIÇOS DE SAÚDE
2025,1320,SECRETARIA DE ESTADO DE SAÚDE - SES,3,0,4291,FUNDO ESTADUAL DE SAÚDE - FES,4,4,40,42,10,1,10396,10,61,62,4,133,4133,1,1000000.00,1000000.00,1000000.00,0,ATENDIMENTO ÀS MEDIDAS JUDICIAIS,ACESSO A SERVIÇOS DE SAÚDE
2025,1320,SECRETARIA DE ESTADO DE SAÚDE - SES,3,0,4291,FUNDO ESTADUAL DE SAÚDE - FES,4,4,90,40,10,1,10396,10,61,62,4,133,4133,1,2490000.00,2490000.00,2490000.00,0,ATENDIMENTO ÀS MEDIDAS JUDICIAIS,ACESSO A SERVIÇOS DE SAÚDE
2025,1320,SECRETARIA DE ESTADO DE SAÚDE - SES,3,0,4291,FUNDO ESTADUAL DE SAÚDE - FES,3,3,90,14,10,1,10382,10,122,59,2,23,2023,1,80000.00,80000.00,80000.00,0,POLÍTICAS E AÇÕES DE TECNOLOGIAS DA INFORMAÇÃO E COMUNICAÇÃO (TIC),APOIO À GESTÃO DO SUS
2025,1320,SECRETARIA DE ESTADO DE SAÚDE - SES,3,0,4291,FUNDO ESTADUAL DE SAÚDE - FES,3,3,90,33,10,1,10382,10,122,59,2,23,2023,1,50000.00,50000.00,50000.00,0,POLÍTICAS E AÇÕES DE TECNOLOGIAS DA INFORMAÇÃO E COMUNICAÇÃO (TIC),APOIO À GESTÃO DO SUS
2025,1320,SECRETARIA DE ESTADO DE SAÚDE - SES,3,0,4291,FUNDO ESTADUAL DE SAÚDE - FES,3,3,90,40,10,1,10382,10,122,59,2,23,2023,1,25557573.00,25557573.00,25557573.00,0,POLÍTICAS E AÇÕES DE TECNOLOGIAS DA INFORMAÇÃO E COMUNICAÇÃO (TIC),APOIO À GESTÃO DO SUS
2025,1320,SECRETARIA DE ESTADO DE SAÚDE - SES,3,0,4291,FUNDO ESTADUAL DE SAÚDE - FES,4,4,90,40,10,1,10382,10,122,59,2,23,2023,1,20850000.00,20850000.00,20850000.00,0,POLÍTICAS E AÇÕES DE TECNOLOGIAS DA INFORMAÇÃO E COMUNICAÇÃO (TIC),APOIO À GESTÃO DO SUS
2025,1320,SECRETARIA DE ESTADO DE SAÚDE - SES,3,0,4291,FUNDO ESTADUAL DE SAÚDE - FES,3,3,90,14,10,1,10385,10,122,59,2,24,2024,1,2162600.00,2162600.00,2162600.00,0,GESTÃO REGIONAL EM SAÚDE,APOIO À GESTÃO DO SUS
2025,1320,SECRETARIA DE ESTADO DE SAÚDE - SES,3,0,4291,FUNDO ESTADUAL DE SAÚDE - FES,3,3,90,30,10,1,10385,10,122,59,2,24,2024,1,2999824.00,2999824.00,2999824.00,0,GESTÃO REGIONAL EM SAÚDE,APOIO À GESTÃO DO SUS
2025,1320,SECRETARIA DE ESTADO DE SAÚDE - SES,3,0,4291,FUNDO ESTADUAL DE SAÚDE - FES,3,3,90,33,10,1,10385,10,122,59,2,24,2024,1,933900.00,933900.00,933900.00,0,GESTÃO REGIONAL EM SAÚDE,APOIO À GESTÃO DO SUS
2025,1320,SECRETARIA DE ESTADO DE SAÚDE - SES,3,0,4291,FUNDO ESTADUAL DE SAÚDE - FES,3,3,90,36,10,1,10385,10,122,59,2,24,2024,1,2970000.00,2970000.00,2970000.00,0,GESTÃO REGIONAL EM SAÚDE,APOIO À GESTÃO DO SUS
2025,1320,SECRETARIA DE ESTADO DE SAÚDE - SES,3,0,4291,FUNDO ESTADUAL DE SAÚDE - FES,3,3,90,37,10,1,10385,10,122,59,2,24,2024,1,129717481.00,129717481.00,129717481.00,0,GESTÃO REGIONAL EM SAÚDE,APOIO À GESTÃO DO SUS
2025,1320,SECRETARIA DE ESTADO DE SAÚDE - SES,3,0,4291,FUNDO ESTADUAL DE SAÚDE - FES,3,3,90,39,10,1,10385,10,122,59,2,24,2024,1,43905456.00,43905456.00,43905456.00,0,GESTÃO REGIONAL EM SAÚDE,APOIO À GESTÃO DO SUS
2025,1320,SECRETARIA DE ESTADO DE SAÚDE - SES,3,0,4291,FUNDO ESTADUAL DE SAÚDE - FES,3,3,90,40,10,1,10385,10,122,59,2,24,2024,1,7717989.00,7717989.00,7717989.00,0,GESTÃO REGIONAL EM SAÚDE,APOIO À GESTÃO DO SUS
2025,1320,SECRETARIA DE ESTADO DE SAÚDE - SES,3,0,4291,FUNDO ESTADUAL DE SAÚDE - FES,3,3,90,47,10,1,10385,10,122,59,2,24,2024,1,374000.00,374000.00,374000.00,0,GESTÃO REGIONAL EM SAÚDE,APOIO À GESTÃO DO SUS
2025,1320,SECRETARIA DE ESTADO DE SAÚDE - SES,3,0,4291,FUNDO ESTADUAL DE SAÚDE - FES,3,3,90,93,92,1,10385,10,122,59,2,24,2024,1,8200500.00,8200500.00,8200500.00,0,GESTÃO REGIONAL EM SAÚDE,APOIO À GESTÃO DO SUS
2025,1320,SECRETARIA DE ESTADO DE SAÚDE - SES,3,0,4291,FUNDO ESTADUAL DE SAÚDE - FES,4,4,90,40,10,1,10385,10,122,59,2,24,2024,1,1499000.00,1499000.00,1499000.00,0,GESTÃO REGIONAL EM SAÚDE,APOIO À GESTÃO DO SUS
2025,1320,SECRETARIA DE ESTADO DE SAÚDE - SES,3,0,4291,FUNDO ESTADUAL DE SAÚDE - FES,4,4,90,51,10,1,10385,10,122,59,2,24,2024,1,1070000.00,1070000.00,1070000.00,0,GESTÃO REGIONAL EM SAÚDE,APOIO À GESTÃO DO SUS
2025,1320,SECRETARIA DE ESTADO DE SAÚDE - SES,3,0,4291,FUNDO ESTADUAL DE SAÚDE - FES,4,4,90,52,10,1,10385,10,122,59,2,24,2024,1,1980000.00,1980000.00,1980000.00,0,GESTÃO REGIONAL EM SAÚDE,APOIO À GESTÃO DO SUS
2025,1320,SECRETARIA DE ESTADO DE SAÚDE - SES,3,0,4291,FUNDO ESTADUAL DE SAÚDE - FES,3,3,90,14,10,1,10387,10,122,59,2,26,2026,1,130000.00,130000.00,130000.00,0,"SATISFAÇÃO, RECONHECIMENTO E EDUCAÇÃO NA SAÚDE",APOIO À GESTÃO DO SUS
2025,1320,SECRETARIA DE ESTADO DE SAÚDE - SES,3,0,4291,FUNDO ESTADUAL DE SAÚDE - FES,3,3,90,33,10,1,10387,10,122,59,2,26,2026,1,45000.00,45000.00,45000.00,0,"SATISFAÇÃO, RECONHECIMENTO E EDUCAÇÃO NA SAÚDE",APOIO À GESTÃO DO SUS
2025,1320,SECRETARIA DE ESTADO DE SAÚDE - SES,3,0,4291,FUNDO ESTADUAL DE SAÚDE - FES,3,3,90,39,10,1,10387,10,122,59,2,26,2026,1,1070000.00,1070000.00,1070000.00,0,"SATISFAÇÃO, RECONHECIMENTO E EDUCAÇÃO NA SAÚDE",APOIO À GESTÃO DO SUS
2025,1320,SECRETARIA DE ESTADO DE SAÚDE - SES,3,0,4291,FUNDO ESTADUAL DE SAÚDE - FES,3,3,90,39,92,1,10387,10,122,59,2,26,2026,1,2499521.00,2499521.00,2499521.00,0,"SATISFAÇÃO, RECONHECIMENTO E EDUCAÇÃO NA SAÚDE",APOIO À GESTÃO DO SUS
2025,1320,SECRETARIA DE ESTADO DE SAÚDE - SES,3,0,4291,FUNDO ESTADUAL DE SAÚDE - FES,3,3,90,14,10,1,10815,10,122,59,4,458,4458,1,10000.00,10000.00,10000.00,0,PROMOÇÃO E FORTALECIMENTO DA PARTICIPAÇÃO DO CONTROLE SOCIAL NA ÁREA DA SAÚDE,APOIO À GESTÃO DO SUS
2025,1320,SECRETARIA DE ESTADO DE SAÚDE - SES,3,0,4291,FUNDO ESTADUAL DE SAÚDE - FES,3,3,90,33,10,1,10815,10,122,59,4,458,4458,1,450000.00,450000.00,450000.00,0,PROMOÇÃO E FORTALECIMENTO DA PARTICIPAÇÃO DO CONTROLE SOCIAL NA ÁREA DA SAÚDE,APOIO À GESTÃO DO SUS
2025,1320,SECRETARIA DE ESTADO DE SAÚDE - SES,3,0,4291,FUNDO ESTADUAL DE SAÚDE - FES,3,3,90,36,10,1,10815,10,122,59,4,458,4458,1,492822.00,492822.00,492822.00,0,PROMOÇÃO E FORTALECIMENTO DA PARTICIPAÇÃO DO CONTROLE SOCIAL NA ÁREA DA SAÚDE,APOIO À GESTÃO DO SUS
2025,1320,SECRETARIA DE ESTADO DE SAÚDE - SES,3,0,4291,FUNDO ESTADUAL DE SAÚDE - FES,3,3,90,39,10,1,10815,10,122,59,4,458,4458,1,5972856.00,5972856.00,5972856.00,0,PROMOÇÃO E FORTALECIMENTO DA PARTICIPAÇÃO DO CONTROLE SOCIAL NA ÁREA DA SAÚDE,APOIO À GESTÃO DO SUS
2025,1320,SECRETARIA DE ESTADO DE SAÚDE - SES,3,0,4291,FUNDO ESTADUAL DE SAÚDE - FES,3,3,90,40,10,1,10815,10,122,59,4,458,4458,1,176290.00,176290.00,176290.00,0,PROMOÇÃO E FORTALECIMENTO DA PARTICIPAÇÃO DO CONTROLE SOCIAL NA ÁREA DA SAÚDE,APOIO À GESTÃO DO SUS
2025,1320,SECRETARIA DE ESTADO DE SAÚDE - SES,3,0,4291,FUNDO ESTADUAL DE SAÚDE - FES,4,4,90,52,10,1,10815,10,122,59,4,458,4458,1,55000.00,55000.00,55000.00,0,PROMOÇÃO E FORTALECIMENTO DA PARTICIPAÇÃO DO CONTROLE SOCIAL NA ÁREA DA SAÚDE,APOIO À GESTÃO DO SUS
2025,1320,SECRETARIA DE ESTADO DE SAÚDE - SES,3,0,4291,FUNDO ESTADUAL DE SAÚDE - FES,3,3,91,41,10,1,10937,10,122,166,2,112,2112,1,192680044.00,192680044.00,192680044.00,0,DESENVOLVIMENTO DAS AÇÕES DE SAÚDE NO ÂMBITO DA SECRETARIA DE ESTADO DE JUSTIÇA E SEGURANÇA PÚBLICA - SEJUSP,EXECUÇÃO DESCENTRALIZADA E AUTÔNOMA DAS AÇÕES E SERVIÇOS DE SAÚDE
2025,1320,SECRETARIA DE ESTADO DE SAÚDE - SES,3,0,4291,FUNDO ESTADUAL DE SAÚDE - FES,3,1,90,11,10,1,11203,10,122,705,2,417,2417,1,312771628.00,312771628.00,312771628.00,0,REMUNERAÇÃO DE PESSOAL ATIVO E ENCARGOS SOCIAIS,APOIO ÀS POLÍTICAS PÚBLICAS
2025,1320,SECRETARIA DE ESTADO DE SAÚDE - SES,3,0,4291,FUNDO ESTADUAL DE SAÚDE - FES,3,1,90,11,57,1,11203,10,122,705,2,417,2417,1,103830.00,103830.00,103830.00,0,REMUNERAÇÃO DE PESSOAL ATIVO E ENCARGOS SOCIAIS,APOIO ÀS POLÍTICAS PÚBLICAS
2025,1320,SECRETARIA DE ESTADO DE SAÚDE - SES,3,0,4291,FUNDO ESTADUAL DE SAÚDE - FES,3,1,91,13,10,1,11203,10,122,705,2,417,2417,1,99112865.00,99112865.00,99112865.00,0,REMUNERAÇÃO DE PESSOAL ATIVO E ENCARGOS SOCIAIS,APOIO ÀS POLÍTICAS PÚBLICAS
2025,1320,SECRETARIA DE ESTADO DE SAÚDE - SES,3,0,4291,FUNDO ESTADUAL DE SAÚDE - FES,3,3,90,39,10,1,11203,10,122,705,2,417,2417,1,8296823.00,8296823.00,8296823.00,0,REMUNERAÇÃO DE PESSOAL ATIVO E ENCARGOS SOCIAIS,APOIO ÀS POLÍTICAS PÚBLICAS
2025,1320,SECRETARIA DE ESTADO DE SAÚDE - SES,3,0,4291,FUNDO ESTADUAL DE SAÚDE - FES,3,3,90,46,10,7,11203,10,122,705,2,417,2417,1,50134521.00,50134521.00,50134521.00,0,REMUNERAÇÃO DE PESSOAL ATIVO E ENCARGOS SOCIAIS,APOIO ÀS POLÍTICAS PÚBLICAS
2025,1320,SECRETARIA DE ESTADO DE SAÚDE - SES,3,0,4291,FUNDO ESTADUAL DE SAÚDE - FES,3,3,50,41,57,1,9145,10,122,705,2,500,2500,1,22696167.00,22696167.00,22696167.00,0,ASSESSORAMENTO E GERENCIAMENTO DE POLÍTICAS PÚBLICAS,APOIO ÀS POLÍTICAS PÚBLICAS
2025,1320,SECRETARIA DE ESTADO DE SAÚDE - SES,3,0,4291,FUNDO ESTADUAL DE SAÚDE - FES,3,3,90,14,10,1,9145,10,122,705,2,500,2500,1,755000.00,755000.00,755000.00,0,ASSESSORAMENTO E GERENCIAMENTO DE POLÍTICAS PÚBLICAS,APOIO ÀS POLÍTICAS PÚBLICAS
2025,1320,SECRETARIA DE ESTADO DE SAÚDE - SES,3,0,4291,FUNDO ESTADUAL DE SAÚDE - FES,3,3,90,30,10,1,9145,10,122,705,2,500,2500,1,1634440.00,1634440.00,1634440.00,0,ASSESSORAMENTO E GERENCIAMENTO DE POLÍTICAS PÚBLICAS,APOIO ÀS POLÍTICAS PÚBLICAS
2025,1320,SECRETARIA DE ESTADO DE SAÚDE - SES,3,0,4291,FUNDO ESTADUAL DE SAÚDE - FES,3,3,90,33,10,1,9145,10,122,705,2,500,2500,1,755600.00,755600.00,755600.00,0,ASSESSORAMENTO E GERENCIAMENTO DE POLÍTICAS PÚBLICAS,APOIO ÀS POLÍTICAS PÚBLICAS
2025,1320,SECRETARIA DE ESTADO DE SAÚDE - SES,3,0,4291,FUNDO ESTADUAL DE SAÚDE - FES,3,3,90,37,10,1,9145,10,122,705,2,500,2500,1,55017269.00,55017269.00,55017269.00,0,ASSESSORAMENTO E GERENCIAMENTO DE POLÍTICAS PÚBLICAS,APOIO ÀS POLÍTICAS PÚBLICAS
2025,1320,SECRETARIA DE ESTADO DE SAÚDE - SES,3,0,4291,FUNDO ESTADUAL DE SAÚDE - FES,3,3,90,39,10,1,9145,10,122,705,2,500,2500,1,36069438.00,36069438.00,36069438.00,0,ASSESSORAMENTO E GERENCIAMENTO DE POLÍTICAS PÚBLICAS,APOIO ÀS POLÍTICAS PÚBLICAS
2025,1320,SECRETARIA DE ESTADO DE SAÚDE - SES,3,0,4291,FUNDO ESTADUAL DE SAÚDE - FES,3,3,90,39,15,1,9145,10,122,705,2,500,2500,1,5000000.00,5000000.00,5000000.00,0,ASSESSORAMENTO E GERENCIAMENTO DE POLÍTICAS PÚBLICAS,APOIO ÀS POLÍTICAS PÚBLICAS
2025,1320,SECRETARIA DE ESTADO DE SAÚDE - SES,3,0,4291,FUNDO ESTADUAL DE SAÚDE - FES,3,3,90,39,57,1,9145,10,122,705,2,500,2500,1,6501000.00,6501000.00,6501000.00,0,ASSESSORAMENTO E GERENCIAMENTO DE POLÍTICAS PÚBLICAS,APOIO ÀS POLÍTICAS PÚBLICAS
2025,1320,SECRETARIA DE ESTADO DE SAÚDE - SES,3,0,4291,FUNDO ESTADUAL DE SAÚDE - FES,3,3,90,39,60,1,9145,10,122,705,2,500,2500,1,1395061.00,1395061.00,1395061.00,0,ASSESSORAMENTO E GERENCIAMENTO DE POLÍTICAS PÚBLICAS,APOIO ÀS POLÍTICAS PÚBLICAS
2025,1320,SECRETARIA DE ESTADO DE SAÚDE - SES,3,0,4291,FUNDO ESTADUAL DE SAÚDE - FES,3,3,90,40,10,1,9145,10,122,705,2,500,2500,1,3264940.00,3264940.00,3264940.00,0,ASSESSORAMENTO E GERENCIAMENTO DE POLÍTICAS PÚBLICAS,APOIO ÀS POLÍTICAS PÚBLICAS
2025,1320,SECRETARIA DE ESTADO DE SAÚDE - SES,3,0,4291,FUNDO ESTADUAL DE SAÚDE - FES,3,3,99,99,10,8,9145,10,122,705,2,500,2500,1,11958369.00,11958369.00,11958369.00,0,ASSESSORAMENTO E GERENCIAMENTO DE POLÍTICAS PÚBLICAS,APOIO ÀS POLÍTICAS PÚBLICAS
2025,1320,SECRETARIA DE ESTADO DE SAÚDE - SES,3,0,4291,FUNDO ESTADUAL DE SAÚDE - FES,4,4,90,30,10,1,9145,10,122,705,2,500,2500,1,75000.00,75000.00,75000.00,0,ASSESSORAMENTO E GERENCIAMENTO DE POLÍTICAS PÚBLICAS,APOIO ÀS POLÍTICAS PÚBLICAS
2025,1320,SECRETARIA DE ESTADO DE SAÚDE - SES,3,0,4291,FUNDO ESTADUAL DE SAÚDE - FES,4,4,90,40,10,1,9145,10,122,705,2,500,2500,1,2550000.00,2550000.00,2550000.00,0,ASSESSORAMENTO E GERENCIAMENTO DE POLÍTICAS PÚBLICAS,APOIO ÀS POLÍTICAS PÚBLICAS
2025,1320,SECRETARIA DE ESTADO DE SAÚDE - SES,3,0,4291,FUNDO ESTADUAL DE SAÚDE - FES,4,4,90,52,10,1,9145,10,122,705,2,500,2500,1,307448.00,307448.00,307448.00,0,ASSESSORAMENTO E GERENCIAMENTO DE POLÍTICAS PÚBLICAS,APOIO ÀS POLÍTICAS PÚBLICAS
2025,1320,SECRETARIA DE ESTADO DE SAÚDE - SES,3,0,4291,FUNDO ESTADUAL DE SAÚDE - FES,4,4,99,99,10,8,9145,10,122,705,2,500,2500,1,3000000.00,3000000.00,38060511.00,0,ASSESSORAMENTO E GERENCIAMENTO DE POLÍTICAS PÚBLICAS,APOIO ÀS POLÍTICAS PÚBLICAS
2025,1320,SECRETARIA DE ESTADO DE SAÚDE - SES,3,0,4291,FUNDO ESTADUAL DE SAÚDE - FES,3,3,91,41,10,1,10930,10,128,166,2,110,2110,1,24910765.00,24910765.00,24910765.00,0,DESENVOLVIMENTO DAS AÇÕES DE SAÚDE NO ÂMBITO DA ESCOLA DE SAÚDE PÚBLICA DO ESTADO DE MINAS GERAIS- ESP,EXECUÇÃO DESCENTRALIZADA E AUTÔNOMA DAS AÇÕES E SERVIÇOS DE SAÚDE
2025,1320,SECRETARIA DE ESTADO DE SAÚDE - SES,3,0,4291,FUNDO ESTADUAL DE SAÚDE - FES,3,3,90,41,10,1,11028,10,128,166,2,137,2137,1,1000.00,1000.00,1000.00,0,DESENVOLVIMENTO DAS AÇÕES DE SAÚDE NO ÂMBITO DA ADMINISTRAÇÃO PÚBLICA ESTADUAL,EXECUÇÃO DESCENTRALIZADA E AUTÔNOMA DAS AÇÕES E SERVIÇOS DE SAÚDE
2025,1320,SECRETARIA DE ESTADO DE SAÚDE - SES,3,0,4291,FUNDO ESTADUAL DE SAÚDE - FES,3,3,91,41,10,1,11028,10,128,166,2,137,2137,1,2000.00,2000.00,2000.00,0,DESENVOLVIMENTO DAS AÇÕES DE SAÚDE NO ÂMBITO DA ADMINISTRAÇÃO PÚBLICA ESTADUAL,EXECUÇÃO DESCENTRALIZADA E AUTÔNOMA DAS AÇÕES E SERVIÇOS DE SAÚDE
2025,1320,SECRETARIA DE ESTADO DE SAÚDE - SES,3,0,4291,FUNDO ESTADUAL DE SAÚDE - FES,3,3,41,41,10,1,10392,10,242,61,4,129,4129,1,69881000.00,69881000.00,69881000.00,0,APOIO E FORTALECIMENTO DA REDE DE CUIDADO À PESSOA COM DEFICIÊNCIA,ATENÇÃO ESPECIALIZADA À SAÚDE
2025,1320,SECRETARIA DE ESTADO DE SAÚDE - SES,3,0,4291,FUNDO ESTADUAL DE SAÚDE - FES,3,3,90,14,10,1,10392,10,242,61,4,129,4129,1,176000.00,176000.00,176000.00,0,APOIO E FORTALECIMENTO DA REDE DE CUIDADO À PESSOA COM DEFICIÊNCIA,ATENÇÃO ESPECIALIZADA À SAÚDE
2025,1320,SECRETARIA DE ESTADO DE SAÚDE - SES,3,0,4291,FUNDO ESTADUAL DE SAÚDE - FES,3,3,90,30,10,1,10392,10,242,61,4,129,4129,1,35000000.00,35000000.00,35000000.00,0,APOIO E FORTALECIMENTO DA REDE DE CUIDADO À PESSOA COM DEFICIÊNCIA,ATENÇÃO ESPECIALIZADA À SAÚDE
2025,1320,SECRETARIA DE ESTADO DE SAÚDE - SES,3,0,4291,FUNDO ESTADUAL DE SAÚDE - FES,3,3,90,30,92,1,10392,10,242,61,4,129,4129,1,21024408.00,21024408.00,21024408.00,0,APOIO E FORTALECIMENTO DA REDE DE CUIDADO À PESSOA COM DEFICIÊNCIA,ATENÇÃO ESPECIALIZADA À SAÚDE
2025,1320,SECRETARIA DE ESTADO DE SAÚDE - SES,3,0,4291,FUNDO ESTADUAL DE SAÚDE - FES,3,3,90,33,10,1,10392,10,242,61,4,129,4129,1,214000.00,214000.00,214000.00,0,APOIO E FORTALECIMENTO DA REDE DE CUIDADO À PESSOA COM DEFICIÊNCIA,ATENÇÃO ESPECIALIZADA À SAÚDE
2025,1320,SECRETARIA DE ESTADO DE SAÚDE - SES,3,0,4291,FUNDO ESTADUAL DE SAÚDE - FES,3,3,90,39,10,1,10392,10,242,61,4,129,4129,1,48989382.00,48989382.00,48989382.00,0,APOIO E FORTALECIMENTO DA REDE DE CUIDADO À PESSOA COM DEFICIÊNCIA,ATENÇÃO ESPECIALIZADA À SAÚDE
2025,1320,SECRETARIA DE ESTADO DE SAÚDE - SES,3,0,4291,FUNDO ESTADUAL DE SAÚDE - FES,3,3,90,40,10,1,10392,10,242,61,4,129,4129,1,176290.00,176290.00,176290.00,0,APOIO E FORTALECIMENTO DA REDE DE CUIDADO À PESSOA COM DEFICIÊNCIA,ATENÇÃO ESPECIALIZADA À SAÚDE
2025,1320,SECRETARIA DE ESTADO DE SAÚDE - SES,3,0,4291,FUNDO ESTADUAL DE SAÚDE - FES,3,3,99,99,10,4,10392,10,242,61,4,129,4129,1,50000.00,50000.00,50000.00,0,APOIO E FORTALECIMENTO DA REDE DE CUIDADO À PESSOA COM DEFICIÊNCIA,ATENÇÃO ESPECIALIZADA À SAÚDE
2025,1320,SECRETARIA DE ESTADO DE SAÚDE - SES,3,0,4291,FUNDO ESTADUAL DE SAÚDE - FES,3,3,99,99,10,8,10392,10,242,61,4,129,4129,1,360000.00,360000.00,8998488.00,0,APOIO E FORTALECIMENTO DA REDE DE CUIDADO À PESSOA COM DEFICIÊNCIA,ATENÇÃO ESPECIALIZADA À SAÚDE
2025,1320,SECRETARIA DE ESTADO DE SAÚDE - SES,3,0,4291,FUNDO ESTADUAL DE SAÚDE - FES,4,4,99,99,10,8,10392,10,242,61,4,129,4129,1,600000.00,600000.00,10608369.00,0,APOIO E FORTALECIMENTO DA REDE DE CUIDADO À PESSOA COM DEFICIÊNCIA,ATENÇÃO ESPECIALIZADA À SAÚDE
2025,1320,SECRETARIA DE ESTADO DE SAÚDE - SES,3,0,4291,FUNDO ESTADUAL DE SAÚDE - FES,3,3,90,14,10,1,10415,10,301,60,1,22,1022,1,522998.00,522998.00,522998.00,0,SAÚDE EM REDE,ATENÇÃO PRIMÁRIA À SAÚDE
2025,1320,SECRETARIA DE ESTADO DE SAÚDE - SES,3,0,4291,FUNDO ESTADUAL DE SAÚDE - FES,3,3,90,30,10,1,10415,10,301,60,1,22,1022,1,23529.00,23529.00,23529.00,0,SAÚDE EM REDE,ATENÇÃO PRIMÁRIA À SAÚDE
2025,1320,SECRETARIA DE ESTADO DE SAÚDE - SES,3,0,4291,FUNDO ESTADUAL DE SAÚDE - FES,3,3,90,33,10,1,10415,10,301,60,1,22,1022,1,262473.00,262473.00,262473.00,0,SAÚDE EM REDE,ATENÇÃO PRIMÁRIA À SAÚDE
2025,1320,SECRETARIA DE ESTADO DE SAÚDE - SES,3,0,4291,FUNDO ESTADUAL DE SAÚDE - FES,3,3,90,40,10,1,10415,10,301,60,1,22,1022,1,4940.00,4940.00,4940.00,0,SAÚDE EM REDE,ATENÇÃO PRIMÁRIA À SAÚDE
2025,1320,SECRETARIA DE ESTADO DE SAÚDE - SES,3,0,4291,FUNDO ESTADUAL DE SAÚDE - FES,3,3,41,41,10,1,10384,10,301,60,4,125,4125,1,178000000.00,178000000.00,178000000.00,0,FORTALECIMENTO DA ATENÇÃO PRIMÁRIA À SAÚDE,ATENÇÃO PRIMÁRIA À SAÚDE
2025,1320,SECRETARIA DE ESTADO DE SAÚDE - SES,3,0,4291,FUNDO ESTADUAL DE SAÚDE - FES,3,3,45,41,10,1,10384,10,301,60,4,125,4125,1,257000000.00,257000000.00,257000000.00,0,FORTALECIMENTO DA ATENÇÃO PRIMÁRIA À SAÚDE,ATENÇÃO PRIMÁRIA À SAÚDE
2025,1320,SECRETARIA DE ESTADO DE SAÚDE - SES,3,0,4291,FUNDO ESTADUAL DE SAÚDE - FES,3,3,90,14,10,1,10384,10,301,60,4,125,4125,1,550000.00,550000.00,550000.00,0,FORTALECIMENTO DA ATENÇÃO PRIMÁRIA À SAÚDE,ATENÇÃO PRIMÁRIA À SAÚDE
2025,1320,SECRETARIA DE ESTADO DE SAÚDE - SES,3,0,4291,FUNDO ESTADUAL DE SAÚDE - FES,3,3,90,33,10,1,10384,10,301,60,4,125,4125,1,225000.00,225000.00,225000.00,0,FORTALECIMENTO DA ATENÇÃO PRIMÁRIA À SAÚDE,ATENÇÃO PRIMÁRIA À SAÚDE
2025,1320,SECRETARIA DE ESTADO DE SAÚDE - SES,3,0,4291,FUNDO ESTADUAL DE SAÚDE - FES,3,3,90,37,10,1,10384,10,301,60,4,125,4125,1,1866828.00,1866828.00,1866828.00,0,FORTALECIMENTO DA ATENÇÃO PRIMÁRIA À SAÚDE,ATENÇÃO PRIMÁRIA À SAÚDE
2025,1320,SECRETARIA DE ESTADO DE SAÚDE - SES,3,0,4291,FUNDO ESTADUAL DE SAÚDE - FES,3,3,90,39,10,1,10384,10,301,60,4,125,4125,1,2690595.00,2690595.00,2690595.00,0,FORTALECIMENTO DA ATENÇÃO PRIMÁRIA À SAÚDE,ATENÇÃO PRIMÁRIA À SAÚDE
2025,1320,SECRETARIA DE ESTADO DE SAÚDE - SES,3,0,4291,FUNDO ESTADUAL DE SAÚDE - FES,3,3,90,40,10,1,10384,10,301,60,4,125,4125,1,4940.00,4940.00,4940.00,0,FORTALECIMENTO DA ATENÇÃO PRIMÁRIA À SAÚDE,ATENÇÃO PRIMÁRIA À SAÚDE
2025,1320,SECRETARIA DE ESTADO DE SAÚDE - SES,3,0,4291,FUNDO ESTADUAL DE SAÚDE - FES,3,3,99,99,10,8,10384,10,301,60,4,125,4125,1,11958369.00,11958369.00,307350769.00,0,FORTALECIMENTO DA ATENÇÃO PRIMÁRIA À SAÚDE,ATENÇÃO PRIMÁRIA À SAÚDE
2025,1320,SECRETARIA DE ESTADO DE SAÚDE - SES,3,0,4291,FUNDO ESTADUAL DE SAÚDE - FES,4,4,90,39,80,1,10384,10,301,60,4,125,4125,1,110000000.00,110000000.00,110000000.00,0,FORTALECIMENTO DA ATENÇÃO PRIMÁRIA À SAÚDE,ATENÇÃO PRIMÁRIA À SAÚDE
2025,1320,SECRETARIA DE ESTADO DE SAÚDE - SES,3,0,4291,FUNDO ESTADUAL DE SAÚDE - FES,4,4,99,99,10,8,10384,10,301,60,4,125,4125,1,1800000.00,1800000.00,6800000.00,0,FORTALECIMENTO DA ATENÇÃO PRIMÁRIA À SAÚDE,ATENÇÃO PRIMÁRIA À SAÚDE
2025,1320,SECRETARIA DE ESTADO DE SAÚDE - SES,3,0,4291,FUNDO ESTADUAL DE SAÚDE - FES,3,3,41,41,10,1,10386,10,301,60,4,126,4126,1,113942045.00,113942045.00,113942045.00,0,PROMOÇÃO À SAÚDE E POLÍTICAS DE EQUIDADE,ATENÇÃO PRIMÁRIA À SAÚDE
2025,1320,SECRETARIA DE ESTADO DE SAÚDE - SES,3,0,4291,FUNDO ESTADUAL DE SAÚDE - FES,3,3,90,14,10,1,10386,10,301,60,4,126,4126,1,375000.00,375000.00,375000.00,0,PROMOÇÃO À SAÚDE E POLÍTICAS DE EQUIDADE,ATENÇÃO PRIMÁRIA À SAÚDE
2025,1320,SECRETARIA DE ESTADO DE SAÚDE - SES,3,0,4291,FUNDO ESTADUAL DE SAÚDE - FES,3,3,90,14,92,1,10386,10,301,60,4,126,4126,1,24343.00,24343.00,24343.00,0,PROMOÇÃO À SAÚDE E POLÍTICAS DE EQUIDADE,ATENÇÃO PRIMÁRIA À SAÚDE
2025,1320,SECRETARIA DE ESTADO DE SAÚDE - SES,3,0,4291,FUNDO ESTADUAL DE SAÚDE - FES,3,3,90,33,10,1,10386,10,301,60,4,126,4126,1,100000.00,100000.00,100000.00,0,PROMOÇÃO À SAÚDE E POLÍTICAS DE EQUIDADE,ATENÇÃO PRIMÁRIA À SAÚDE
2025,1320,SECRETARIA DE ESTADO DE SAÚDE - SES,3,0,4291,FUNDO ESTADUAL DE SAÚDE - FES,3,3,90,33,92,1,10386,10,301,60,4,126,4126,1,10584.00,10584.00,10584.00,0,PROMOÇÃO À SAÚDE E POLÍTICAS DE EQUIDADE,ATENÇÃO PRIMÁRIA À SAÚDE
2025,1320,SECRETARIA DE ESTADO DE SAÚDE - SES,3,0,4291,FUNDO ESTADUAL DE SAÚDE - FES,3,3,90,39,10,1,10386,10,301,60,4,126,4126,1,3971098.00,3971098.00,3971098.00,0,PROMOÇÃO À SAÚDE E POLÍTICAS DE EQUIDADE,ATENÇÃO PRIMÁRIA À SAÚDE
2025,1320,SECRETARIA DE ESTADO DE SAÚDE - SES,3,0,4291,FUNDO ESTADUAL DE SAÚDE - FES,3,3,90,39,92,1,10386,10,301,60,4,126,4126,1,154806.00,154806.00,154806.00,0,PROMOÇÃO À SAÚDE E POLÍTICAS DE EQUIDADE,ATENÇÃO PRIMÁRIA À SAÚDE
2025,1320,SECRETARIA DE ESTADO DE SAÚDE - SES,3,0,4291,FUNDO ESTADUAL DE SAÚDE - FES,3,3,99,99,10,8,10386,10,301,60,4,126,4126,1,540000.00,540000.00,540000.00,0,PROMOÇÃO À SAÚDE E POLÍTICAS DE EQUIDADE,ATENÇÃO PRIMÁRIA À SAÚDE
2025,1320,SECRETARIA DE ESTADO DE SAÚDE - SES,3,0,4291,FUNDO ESTADUAL DE SAÚDE - FES,4,4,41,42,10,1,10386,10,301,60,4,126,4126,1,1257955.00,1257955.00,1257955.00,0,PROMOÇÃO À SAÚDE E POLÍTICAS DE EQUIDADE,ATENÇÃO PRIMÁRIA À SAÚDE
2025,1320,SECRETARIA DE ESTADO DE SAÚDE - SES,3,0,4291,FUNDO ESTADUAL DE SAÚDE - FES,3,3,90,40,10,1,10388,10,301,60,4,127,4127,1,171350.00,171350.00,171350.00,0,ESTRUTURAÇÃO DA ATENÇÃO PRIMÁRIA,ATENÇÃO PRIMÁRIA À SAÚDE
2025,1320,SECRETARIA DE ESTADO DE SAÚDE - SES,3,0,4291,FUNDO ESTADUAL DE SAÚDE - FES,3,3,99,99,10,8,10388,10,301,60,4,127,4127,1,12000000.00,12000000.00,187020051.00,0,ESTRUTURAÇÃO DA ATENÇÃO PRIMÁRIA,ATENÇÃO PRIMÁRIA À SAÚDE
2025,1320,SECRETARIA DE ESTADO DE SAÚDE - SES,3,0,4291,FUNDO ESTADUAL DE SAÚDE - FES,4,4,41,42,10,1,10388,10,301,60,4,127,4127,1,150000000.00,150000000.00,150000000.00,0,ESTRUTURAÇÃO DA ATENÇÃO PRIMÁRIA,ATENÇÃO PRIMÁRIA À SAÚDE
2025,1320,SECRETARIA DE ESTADO DE SAÚDE - SES,3,0,4291,FUNDO ESTADUAL DE SAÚDE - FES,4,4,41,42,15,1,10388,10,301,60,4,127,4127,1,50000000.00,50000000.00,50000000.00,0,ESTRUTURAÇÃO DA ATENÇÃO PRIMÁRIA,ATENÇÃO PRIMÁRIA À SAÚDE
2025,1320,SECRETARIA DE ESTADO DE SAÚDE - SES,3,0,4291,FUNDO ESTADUAL DE SAÚDE - FES,4,4,99,99,10,8,10388,10,301,60,4,127,4127,1,3000000.00,3000000.00,98302329.00,0,ESTRUTURAÇÃO DA ATENÇÃO PRIMÁRIA,ATENÇÃO PRIMÁRIA À SAÚDE
2025,1320,SECRETARIA DE ESTADO DE SAÚDE - SES,3,0,4291,FUNDO ESTADUAL DE SAÚDE - FES,4,4,41,42,71,1,11200,10,301,68,4,490,4490,1,1000000.00,1000000.00,1000000.00,0,FILHOS DE MINAS,PRIMEIRA INFÂNCIA MINAS
2025,1320,SECRETARIA DE ESTADO DE SAÚDE - SES,3,0,4291,FUNDO ESTADUAL DE SAÚDE - FES,3,3,90,39,10,1,10381,10,302,58,1,20,1020,1,500000.00,500000.00,500000.00,1,IMPLANTAÇÃO DOS HOSPITAIS REGIONAIS,POLÍTICAS DE ATENÇÃO HOSPITALAR
2025,1320,SECRETARIA DE ESTADO DE SAÚDE - SES,3,0,4291,FUNDO ESTADUAL DE SAÚDE - FES,3,3,90,40,10,1,10381,10,302,58,1,20,1020,1,171350.00,171350.00,171350.00,1,IMPLANTAÇÃO DOS HOSPITAIS REGIONAIS,POLÍTICAS DE ATENÇÃO HOSPITALAR
2025,1320,SECRETARIA DE ESTADO DE SAÚDE - SES,3,0,4291,FUNDO ESTADUAL DE SAÚDE - FES,3,3,41,41,10,1,10378,10,302,58,4,121,4121,1,2123524871.00,2123524871.00,2123524871.00,0,POLÍTICA DE ATENÇÃO HOSPITALAR E URGÊNCIA E EMERGÊNCIA,POLÍTICAS DE ATENÇÃO HOSPITALAR
2025,1320,SECRETARIA DE ESTADO DE SAÚDE - SES,3,0,4291,FUNDO ESTADUAL DE SAÚDE - FES,3,3,50,41,62,1,10378,10,302,58,4,121,4121,1,16597030.00,16597030.00,16597030.00,0,POLÍTICA DE ATENÇÃO HOSPITALAR E URGÊNCIA E EMERGÊNCIA,POLÍTICAS DE ATENÇÃO HOSPITALAR
2025,1320,SECRETARIA DE ESTADO DE SAÚDE - SES,3,0,4291,FUNDO ESTADUAL DE SAÚDE - FES,3,3,50,41,63,1,10378,10,302,58,4,121,4121,1,4075451.00,4075451.00,4075451.00,0,POLÍTICA DE ATENÇÃO HOSPITALAR E URGÊNCIA E EMERGÊNCIA,POLÍTICAS DE ATENÇÃO HOSPITALAR
2025,1320,SECRETARIA DE ESTADO DE SAÚDE - SES,3,0,4291,FUNDO ESTADUAL DE SAÚDE - FES,3,3,90,14,10,1,10378,10,302,58,4,121,4121,1,220000.00,220000.00,220000.00,0,POLÍTICA DE ATENÇÃO HOSPITALAR E URGÊNCIA E EMERGÊNCIA,POLÍTICAS DE ATENÇÃO HOSPITALAR
2025,1320,SECRETARIA DE ESTADO DE SAÚDE - SES,3,0,4291,FUNDO ESTADUAL DE SAÚDE - FES,3,3,90,33,10,1,10378,10,302,58,4,121,4121,1,305000.00,305000.00,305000.00,0,POLÍTICA DE ATENÇÃO HOSPITALAR E URGÊNCIA E EMERGÊNCIA,POLÍTICAS DE ATENÇÃO HOSPITALAR
2025,1320,SECRETARIA DE ESTADO DE SAÚDE - SES,3,0,4291,FUNDO ESTADUAL DE SAÚDE - FES,3,3,90,37,10,1,10378,10,302,58,4,121,4121,1,1615944.00,1615944.00,1615944.00,0,POLÍTICA DE ATENÇÃO HOSPITALAR E URGÊNCIA E EMERGÊNCIA,POLÍTICAS DE ATENÇÃO HOSPITALAR
2025,1320,SECRETARIA DE ESTADO DE SAÚDE - SES,3,0,4291,FUNDO ESTADUAL DE SAÚDE - FES,3,3,90,39,92,1,10378,10,302,58,4,121,4121,1,3035736.00,3035736.00,3035736.00,0,POLÍTICA DE ATENÇÃO HOSPITALAR E URGÊNCIA E EMERGÊNCIA,POLÍTICAS DE ATENÇÃO HOSPITALAR
2025,1320,SECRETARIA DE ESTADO DE SAÚDE - SES,3,0,4291,FUNDO ESTADUAL DE SAÚDE - FES,3,3,90,40,10,1,10378,10,302,58,4,121,4121,1,176290.00,176290.00,176290.00,0,POLÍTICA DE ATENÇÃO HOSPITALAR E URGÊNCIA E EMERGÊNCIA,POLÍTICAS DE ATENÇÃO HOSPITALAR
2025,1320,SECRETARIA DE ESTADO DE SAÚDE - SES,3,0,4291,FUNDO ESTADUAL DE SAÚDE - FES,3,3,99,99,10,8,10378,10,302,58,4,121,4121,1,11958369.00,11958369.00,219033810.00,0,POLÍTICA DE ATENÇÃO HOSPITALAR E URGÊNCIA E EMERGÊNCIA,POLÍTICAS DE ATENÇÃO HOSPITALAR
2025,1320,SECRETARIA DE ESTADO DE SAÚDE - SES,3,0,4291,FUNDO ESTADUAL DE SAÚDE - FES,4,4,50,42,64,1,10378,10,302,58,4,121,4121,1,604538.00,604538.00,604538.00,0,POLÍTICA DE ATENÇÃO HOSPITALAR E URGÊNCIA E EMERGÊNCIA,POLÍTICAS DE ATENÇÃO HOSPITALAR
2025,1320,SECRETARIA DE ESTADO DE SAÚDE - SES,3,0,4291,FUNDO ESTADUAL DE SAÚDE - FES,4,4,50,42,65,1,10378,10,302,58,4,121,4121,1,7462380.00,7462380.00,7462380.00,0,POLÍTICA DE ATENÇÃO HOSPITALAR E URGÊNCIA E EMERGÊNCIA,POLÍTICAS DE ATENÇÃO HOSPITALAR
2025,1320,SECRETARIA DE ESTADO DE SAÚDE - SES,3,0,4291,FUNDO ESTADUAL DE SAÚDE - FES,4,4,99,99,10,8,10378,10,302,58,4,121,4121,1,3000000.00,3000000.00,7689592.00,0,POLÍTICA DE ATENÇÃO HOSPITALAR E URGÊNCIA E EMERGÊNCIA,POLÍTICAS DE ATENÇÃO HOSPITALAR
2025,1320,SECRETARIA DE ESTADO DE SAÚDE - SES,3,0,4291,FUNDO ESTADUAL DE SAÚDE - FES,3,3,41,41,10,1,10379,10,302,58,4,122,4122,1,297870000.00,297870000.00,297870000.00,0,POLÍTICAS PRÉ E PÓS HOSPITALARES DE URGÊNCIA E EMERGÊNCIA,POLÍTICAS DE ATENÇÃO HOSPITALAR
2025,1320,SECRETARIA DE ESTADO DE SAÚDE - SES,3,0,4291,FUNDO ESTADUAL DE SAÚDE - FES,3,3,90,14,10,1,10379,10,302,58,4,122,4122,1,305000.00,305000.00,305000.00,0,POLÍTICAS PRÉ E PÓS HOSPITALARES DE URGÊNCIA E EMERGÊNCIA,POLÍTICAS DE ATENÇÃO HOSPITALAR
2025,1320,SECRETARIA DE ESTADO DE SAÚDE - SES,3,0,4291,FUNDO ESTADUAL DE SAÚDE - FES,3,3,90,33,10,1,10379,10,302,58,4,122,4122,1,220000.00,220000.00,220000.00,0,POLÍTICAS PRÉ E PÓS HOSPITALARES DE URGÊNCIA E EMERGÊNCIA,POLÍTICAS DE ATENÇÃO HOSPITALAR
2025,1320,SECRETARIA DE ESTADO DE SAÚDE - SES,3,0,4291,FUNDO ESTADUAL DE SAÚDE - FES,3,3,90,40,10,1,10379,10,302,58,4,122,4122,1,871357.00,871357.00,871357.00,0,POLÍTICAS PRÉ E PÓS HOSPITALARES DE URGÊNCIA E EMERGÊNCIA,POLÍTICAS DE ATENÇÃO HOSPITALAR
2025,1320,SECRETARIA DE ESTADO DE SAÚDE - SES,3,0,4291,FUNDO ESTADUAL DE SAÚDE - FES,3,3,99,99,10,4,10379,10,302,58,4,122,4122,1,1000000.00,1000000.00,1000000.00,0,POLÍTICAS PRÉ E PÓS HOSPITALARES DE URGÊNCIA E EMERGÊNCIA,POLÍTICAS DE ATENÇÃO HOSPITALAR
2025,1320,SECRETARIA DE ESTADO DE SAÚDE - SES,3,0,4291,FUNDO ESTADUAL DE SAÚDE - FES,3,3,99,99,10,8,10379,10,302,58,4,122,4122,1,540000.00,540000.00,700000.00,0,POLÍTICAS PRÉ E PÓS HOSPITALARES DE URGÊNCIA E EMERGÊNCIA,POLÍTICAS DE ATENÇÃO HOSPITALAR
2025,1320,SECRETARIA DE ESTADO DE SAÚDE - SES,3,0,4291,FUNDO ESTADUAL DE SAÚDE - FES,3,3,99,99,10,8,10380,10,302,58,4,123,4123,1,5979000.00,5979000.00,17937369.00,0,ESTRUTURAÇÃO DA ATENÇÃO HOSPITALAR E DE URGÊNCIA E EMERGÊNCIA,POLÍTICAS DE ATENÇÃO HOSPITALAR
2025,1320,SECRETARIA DE ESTADO DE SAÚDE - SES,3,0,4291,FUNDO ESTADUAL DE SAÚDE - FES,4,4,41,42,10,1,10380,10,302,58,4,123,4123,1,128468000.00,128468000.00,128468000.00,0,ESTRUTURAÇÃO DA ATENÇÃO HOSPITALAR E DE URGÊNCIA E EMERGÊNCIA,POLÍTICAS DE ATENÇÃO HOSPITALAR
2025,1320,SECRETARIA DE ESTADO DE SAÚDE - SES,3,0,4291,FUNDO ESTADUAL DE SAÚDE - FES,4,4,41,42,93,1,10380,10,302,58,4,123,4123,1,153900960.00,153900960.00,153900960.00,0,ESTRUTURAÇÃO DA ATENÇÃO HOSPITALAR E DE URGÊNCIA E EMERGÊNCIA,POLÍTICAS DE ATENÇÃO HOSPITALAR
2025,1320,SECRETARIA DE ESTADO DE SAÚDE - SES,3,0,4291,FUNDO ESTADUAL DE SAÚDE - FES,4,4,99,99,10,8,10380,10,302,58,4,123,4123,1,540000.00,540000.00,32519342.00,0,ESTRUTURAÇÃO DA ATENÇÃO HOSPITALAR E DE URGÊNCIA E EMERGÊNCIA,POLÍTICAS DE ATENÇÃO HOSPITALAR
2025,1320,SECRETARIA DE ESTADO DE SAÚDE - SES,3,0,4291,FUNDO ESTADUAL DE SAÚDE - FES,3,3,41,41,10,1,10393,10,302,61,4,130,4130,1,128320000.00,128320000.00,128320000.00,0,APOIO E FORTALECIMENTO DA REDE DE ATENÇÃO PSICOSSOCIAL,ATENÇÃO ESPECIALIZADA À SAÚDE
2025,1320,SECRETARIA DE ESTADO DE SAÚDE - SES,3,0,4291,FUNDO ESTADUAL DE SAÚDE - FES,3,3,90,14,10,1,10393,10,302,61,4,130,4130,1,440000.00,440000.00,440000.00,0,APOIO E FORTALECIMENTO DA REDE DE ATENÇÃO PSICOSSOCIAL,ATENÇÃO ESPECIALIZADA À SAÚDE
2025,1320,SECRETARIA DE ESTADO DE SAÚDE - SES,3,0,4291,FUNDO ESTADUAL DE SAÚDE - FES,3,3,90,33,10,1,10393,10,302,61,4,130,4130,1,175000.00,175000.00,175000.00,0,APOIO E FORTALECIMENTO DA REDE DE ATENÇÃO PSICOSSOCIAL,ATENÇÃO ESPECIALIZADA À SAÚDE
2025,1320,SECRETARIA DE ESTADO DE SAÚDE - SES,3,0,4291,FUNDO ESTADUAL DE SAÚDE - FES,3,3,90,40,10,1,10393,10,302,61,4,130,4130,1,176290.00,176290.00,176290.00,0,APOIO E FORTALECIMENTO DA REDE DE ATENÇÃO PSICOSSOCIAL,ATENÇÃO ESPECIALIZADA À SAÚDE
2025,1320,SECRETARIA DE ESTADO DE SAÚDE - SES,3,0,4291,FUNDO ESTADUAL DE SAÚDE - FES,3,3,99,99,10,8,10393,10,302,61,4,130,4130,1,540000.00,540000.00,2540000.00,0,APOIO E FORTALECIMENTO DA REDE DE ATENÇÃO PSICOSSOCIAL,ATENÇÃO ESPECIALIZADA À SAÚDE
2025,1320,SECRETARIA DE ESTADO DE SAÚDE - SES,3,0,4291,FUNDO ESTADUAL DE SAÚDE - FES,4,4,41,42,10,1,10393,10,302,61,4,130,4130,1,100000.00,100000.00,100000.00,0,APOIO E FORTALECIMENTO DA REDE DE ATENÇÃO PSICOSSOCIAL,ATENÇÃO ESPECIALIZADA À SAÚDE
2025,1320,SECRETARIA DE ESTADO DE SAÚDE - SES,3,0,4291,FUNDO ESTADUAL DE SAÚDE - FES,3,3,41,41,10,1,10394,10,302,61,4,131,4131,1,289520900.00,289520900.00,289520900.00,0,ATENÇÃO ESPECIALIZADA AMBULATORIAL,ATENÇÃO ESPECIALIZADA À SAÚDE
2025,1320,SECRETARIA DE ESTADO DE SAÚDE - SES,3,0,4291,FUNDO ESTADUAL DE SAÚDE - FES,3,3,50,41,62,1,10394,10,302,61,4,131,4131,1,25880631.00,25880631.00,25880631.00,0,ATENÇÃO ESPECIALIZADA AMBULATORIAL,ATENÇÃO ESPECIALIZADA À SAÚDE
2025,1320,SECRETARIA DE ESTADO DE SAÚDE - SES,3,0,4291,FUNDO ESTADUAL DE SAÚDE - FES,3,3,50,41,63,1,10394,10,302,61,4,131,4131,1,6113176.00,6113176.00,6113176.00,0,ATENÇÃO ESPECIALIZADA AMBULATORIAL,ATENÇÃO ESPECIALIZADA À SAÚDE
2025,1320,SECRETARIA DE ESTADO DE SAÚDE - SES,3,0,4291,FUNDO ESTADUAL DE SAÚDE - FES,3,3,90,14,10,1,10394,10,302,61,4,131,4131,1,252500.00,252500.00,252500.00,0,ATENÇÃO ESPECIALIZADA AMBULATORIAL,ATENÇÃO ESPECIALIZADA À SAÚDE
2025,1320,SECRETARIA DE ESTADO DE SAÚDE - SES,3,0,4291,FUNDO ESTADUAL DE SAÚDE - FES,3,3,90,33,10,1,10394,10,302,61,4,131,4131,1,220000.00,220000.00,220000.00,0,ATENÇÃO ESPECIALIZADA AMBULATORIAL,ATENÇÃO ESPECIALIZADA À SAÚDE
2025,1320,SECRETARIA DE ESTADO DE SAÚDE - SES,3,0,4291,FUNDO ESTADUAL DE SAÚDE - FES,3,3,90,37,10,1,10394,10,302,61,4,131,4131,1,1113814.00,1113814.00,1113814.00,0,ATENÇÃO ESPECIALIZADA AMBULATORIAL,ATENÇÃO ESPECIALIZADA À SAÚDE
2025,1320,SECRETARIA DE ESTADO DE SAÚDE - SES,3,0,4291,FUNDO ESTADUAL DE SAÚDE - FES,3,3,90,39,10,1,10394,10,302,61,4,131,4131,1,10700000.00,10700000.00,10700000.00,0,ATENÇÃO ESPECIALIZADA AMBULATORIAL,ATENÇÃO ESPECIALIZADA À SAÚDE
2025,1320,SECRETARIA DE ESTADO DE SAÚDE - SES,3,0,4291,FUNDO ESTADUAL DE SAÚDE - FES,3,3,90,39,24,1,10394,10,302,61,4,131,4131,1,1846945.00,1846945.00,1846945.00,0,ATENÇÃO ESPECIALIZADA AMBULATORIAL,ATENÇÃO ESPECIALIZADA À SAÚDE
2025,1320,SECRETARIA DE ESTADO DE SAÚDE - SES,3,0,4291,FUNDO ESTADUAL DE SAÚDE - FES,3,3,90,40,10,1,10394,10,302,61,4,131,4131,1,176290.00,176290.00,176290.00,0,ATENÇÃO ESPECIALIZADA AMBULATORIAL,ATENÇÃO ESPECIALIZADA À SAÚDE
2025,1320,SECRETARIA DE ESTADO DE SAÚDE - SES,3,0,4291,FUNDO ESTADUAL DE SAÚDE - FES,3,3,99,99,10,8,10394,10,302,61,4,131,4131,1,3000000.00,3000000.00,16458369.00,0,ATENÇÃO ESPECIALIZADA AMBULATORIAL,ATENÇÃO ESPECIALIZADA À SAÚDE
2025,1320,SECRETARIA DE ESTADO DE SAÚDE - SES,3,0,4291,FUNDO ESTADUAL DE SAÚDE - FES,4,4,41,42,10,1,10394,10,302,61,4,131,4131,1,8000000.00,8000000.00,8000000.00,0,ATENÇÃO ESPECIALIZADA AMBULATORIAL,ATENÇÃO ESPECIALIZADA À SAÚDE
2025,1320,SECRETARIA DE ESTADO DE SAÚDE - SES,3,0,4291,FUNDO ESTADUAL DE SAÚDE - FES,4,4,50,42,64,1,10394,10,302,61,4,131,4131,1,906808.00,906808.00,906808.00,0,ATENÇÃO ESPECIALIZADA AMBULATORIAL,ATENÇÃO ESPECIALIZADA À SAÚDE
2025,1320,SECRETARIA DE ESTADO DE SAÚDE - SES,3,0,4291,FUNDO ESTADUAL DE SAÚDE - FES,4,4,50,42,65,1,10394,10,302,61,4,131,4131,1,11193570.00,11193570.00,11193570.00,0,ATENÇÃO ESPECIALIZADA AMBULATORIAL,ATENÇÃO ESPECIALIZADA À SAÚDE
2025,1320,SECRETARIA DE ESTADO DE SAÚDE - SES,3,0,4291,FUNDO ESTADUAL DE SAÚDE - FES,3,3,41,41,10,1,10395,10,302,61,4,132,4132,1,43970000.00,43970000.00,43970000.00,0,APOIO E FORTALECIMENTO DA REDE DE ATENÇÃO À SAÚDE BUCAL,ATENÇÃO ESPECIALIZADA À SAÚDE
2025,1320,SECRETARIA DE ESTADO DE SAÚDE - SES,3,0,4291,FUNDO ESTADUAL DE SAÚDE - FES,3,3,90,14,10,1,10395,10,302,61,4,132,4132,1,100000.00,100000.00,100000.00,0,APOIO E FORTALECIMENTO DA REDE DE ATENÇÃO À SAÚDE BUCAL,ATENÇÃO ESPECIALIZADA À SAÚDE
2025,1320,SECRETARIA DE ESTADO DE SAÚDE - SES,3,0,4291,FUNDO ESTADUAL DE SAÚDE - FES,3,3,90,33,10,1,10395,10,302,61,4,132,4132,1,42500.00,42500.00,42500.00,0,APOIO E FORTALECIMENTO DA REDE DE ATENÇÃO À SAÚDE BUCAL,ATENÇÃO ESPECIALIZADA À SAÚDE
2025,1320,SECRETARIA DE ESTADO DE SAÚDE - SES,3,0,4291,FUNDO ESTADUAL DE SAÚDE - FES,3,3,90,14,10,1,10397,10,302,62,4,134,4134,1,152967.00,152967.00,152967.00,0,ACESSO DE URGÊNCIA E EMERGÊNCIA,ACESSO A SERVIÇOS DE SAÚDE
2025,1320,SECRETARIA DE ESTADO DE SAÚDE - SES,3,0,4291,FUNDO ESTADUAL DE SAÚDE - FES,3,3,90,33,10,1,10397,10,302,62,4,134,4134,1,4336033.00,4336033.00,4336033.00,0,ACESSO DE URGÊNCIA E EMERGÊNCIA,ACESSO A SERVIÇOS DE SAÚDE
2025,1320,SECRETARIA DE ESTADO DE SAÚDE - SES,3,0,4291,FUNDO ESTADUAL DE SAÚDE - FES,3,3,90,37,10,1,10397,10,302,62,4,134,4134,1,1706111.00,1706111.00,1706111.00,0,ACESSO DE URGÊNCIA E EMERGÊNCIA,ACESSO A SERVIÇOS DE SAÚDE
2025,1320,SECRETARIA DE ESTADO DE SAÚDE - SES,3,0,4291,FUNDO ESTADUAL DE SAÚDE - FES,3,3,90,39,10,1,10397,10,302,62,4,134,4134,1,2630428.00,2630428.00,2630428.00,0,ACESSO DE URGÊNCIA E EMERGÊNCIA,ACESSO A SERVIÇOS DE SAÚDE
2025,1320,SECRETARIA DE ESTADO DE SAÚDE - SES,3,0,4291,FUNDO ESTADUAL DE SAÚDE - FES,3,3,90,40,10,1,10397,10,302,62,4,134,4134,1,10400262.00,10400262.00,10400262.00,0,ACESSO DE URGÊNCIA E EMERGÊNCIA,ACESSO A SERVIÇOS DE SAÚDE
2025,1320,SECRETARIA DE ESTADO DE SAÚDE - SES,3,0,4291,FUNDO ESTADUAL DE SAÚDE - FES,3,3,90,93,10,1,10397,10,302,62,4,134,4134,1,30000000.00,30000000.00,30000000.00,0,ACESSO DE URGÊNCIA E EMERGÊNCIA,ACESSO A SERVIÇOS DE SAÚDE
2025,1320,SECRETARIA DE ESTADO DE SAÚDE - SES,3,0,4291,FUNDO ESTADUAL DE SAÚDE - FES,3,3,99,99,10,8,10397,10,302,62,4,134,4134,1,11958369.00,11958369.00,11958369.00,0,ACESSO DE URGÊNCIA E EMERGÊNCIA,ACESSO A SERVIÇOS DE SAÚDE
2025,1320,SECRETARIA DE ESTADO DE SAÚDE - SES,3,0,4291,FUNDO ESTADUAL DE SAÚDE - FES,4,4,90,40,10,1,10397,10,302,62,4,134,4134,1,6700000.00,6700000.00,6700000.00,0,ACESSO DE URGÊNCIA E EMERGÊNCIA,ACESSO A SERVIÇOS DE SAÚDE
2025,1320,SECRETARIA DE ESTADO DE SAÚDE - SES,3,0,4291,FUNDO ESTADUAL DE SAÚDE - FES,3,3,90,14,10,1,10398,10,302,62,4,135,4135,1,45000.00,45000.00,45000.00,0,ACESSO ELETIVO,ACESSO A SERVIÇOS DE SAÚDE
2025,1320,SECRETARIA DE ESTADO DE SAÚDE - SES,3,0,4291,FUNDO ESTADUAL DE SAÚDE - FES,3,3,90,33,10,1,10398,10,302,62,4,135,4135,1,1755000.00,1755000.00,1755000.00,0,ACESSO ELETIVO,ACESSO A SERVIÇOS DE SAÚDE
2025,1320,SECRETARIA DE ESTADO DE SAÚDE - SES,3,0,4291,FUNDO ESTADUAL DE SAÚDE - FES,3,3,90,39,10,1,10398,10,302,62,4,135,4135,1,2063775.00,2063775.00,2063775.00,0,ACESSO ELETIVO,ACESSO A SERVIÇOS DE SAÚDE
2025,1320,SECRETARIA DE ESTADO DE SAÚDE - SES,3,0,4291,FUNDO ESTADUAL DE SAÚDE - FES,4,4,41,42,15,1,10398,10,302,62,4,135,4135,1,42144772.00,42144772.00,42144772.00,0,ACESSO ELETIVO,ACESSO A SERVIÇOS DE SAÚDE
2025,1320,SECRETARIA DE ESTADO DE SAÚDE - SES,3,0,4291,FUNDO ESTADUAL DE SAÚDE - FES,4,4,41,42,71,1,10398,10,302,62,4,135,4135,1,64169228.00,64169228.00,64169228.00,0,ACESSO ELETIVO,ACESSO A SERVIÇOS DE SAÚDE
2025,1320,SECRETARIA DE ESTADO DE SAÚDE - SES,3,0,4291,FUNDO ESTADUAL DE SAÚDE - FES,4,4,99,99,10,8,10398,10,302,62,4,135,4135,1,1942872.00,1942872.00,16454067.00,0,ACESSO ELETIVO,ACESSO A SERVIÇOS DE SAÚDE
2025,1320,SECRETARIA DE ESTADO DE SAÚDE - SES,3,0,4291,FUNDO ESTADUAL DE SAÚDE - FES,3,3,90,33,10,1,10399,10,302,62,4,136,4136,1,99000.00,99000.00,99000.00,0,SERVIÇOS MÓVEIS DE URGÊNCIA E EMERGÊNCIA,ACESSO A SERVIÇOS DE SAÚDE
2025,1320,SECRETARIA DE ESTADO DE SAÚDE - SES,3,0,4291,FUNDO ESTADUAL DE SAÚDE - FES,3,3,90,39,10,1,10399,10,302,62,4,136,4136,1,344210311.00,344210311.00,344210311.00,0,SERVIÇOS MÓVEIS DE URGÊNCIA E EMERGÊNCIA,ACESSO A SERVIÇOS DE SAÚDE
2025,1320,SECRETARIA DE ESTADO DE SAÚDE - SES,3,0,4291,FUNDO ESTADUAL DE SAÚDE - FES,3,3,90,39,92,1,10399,10,302,62,4,136,4136,1,190180668.00,190180668.00,190180668.00,0,SERVIÇOS MÓVEIS DE URGÊNCIA E EMERGÊNCIA,ACESSO A SERVIÇOS DE SAÚDE
2025,1320,SECRETARIA DE ESTADO DE SAÚDE - SES,3,0,4291,FUNDO ESTADUAL DE SAÚDE - FES,3,3,91,39,10,1,10399,10,302,62,4,136,4136,1,6139589.00,6139589.00,6139589.00,0,SERVIÇOS MÓVEIS DE URGÊNCIA E EMERGÊNCIA,ACESSO A SERVIÇOS DE SAÚDE
2025,1320,SECRETARIA DE ESTADO DE SAÚDE - SES,3,0,4291,FUNDO ESTADUAL DE SAÚDE - FES,4,4,90,52,93,1,10399,10,302,62,4,136,4136,1,50040.00,50040.00,50040.00,0,SERVIÇOS MÓVEIS DE URGÊNCIA E EMERGÊNCIA,ACESSO A SERVIÇOS DE SAÚDE
2025,1320,SECRETARIA DE ESTADO DE SAÚDE - SES,3,0,4291,FUNDO ESTADUAL DE SAÚDE - FES,4,4,99,99,10,8,10399,10,302,62,4,136,4136,1,540319.00,540319.00,2048569.00,0,SERVIÇOS MÓVEIS DE URGÊNCIA E EMERGÊNCIA,ACESSO A SERVIÇOS DE SAÚDE
2025,1320,SECRETARIA DE ESTADO DE SAÚDE - SES,3,0,4291,FUNDO ESTADUAL DE SAÚDE - FES,3,3,50,41,92,1,10400,10,302,62,4,137,4137,1,4995.00,4995.00,4995.00,0,"PROGRAMAÇÃO, CONTRATAÇÃO E PROCESSAMENTO DE SERVIÇOS DE SAÚDE",ACESSO A SERVIÇOS DE SAÚDE
2025,1320,SECRETARIA DE ESTADO DE SAÚDE - SES,3,0,4291,FUNDO ESTADUAL DE SAÚDE - FES,3,3,90,14,10,1,10400,10,302,62,4,137,4137,1,80000.00,80000.00,80000.00,0,"PROGRAMAÇÃO, CONTRATAÇÃO E PROCESSAMENTO DE SERVIÇOS DE SAÚDE",ACESSO A SERVIÇOS DE SAÚDE
2025,1320,SECRETARIA DE ESTADO DE SAÚDE - SES,3,0,4291,FUNDO ESTADUAL DE SAÚDE - FES,3,3,90,33,10,1,10400,10,302,62,4,137,4137,1,160000.00,160000.00,160000.00,0,"PROGRAMAÇÃO, CONTRATAÇÃO E PROCESSAMENTO DE SERVIÇOS DE SAÚDE",ACESSO A SERVIÇOS DE SAÚDE
2025,1320,SECRETARIA DE ESTADO DE SAÚDE - SES,3,0,4291,FUNDO ESTADUAL DE SAÚDE - FES,3,3,90,37,10,1,10400,10,302,62,4,137,4137,1,1766743.00,1766743.00,1766743.00,0,"PROGRAMAÇÃO, CONTRATAÇÃO E PROCESSAMENTO DE SERVIÇOS DE SAÚDE",ACESSO A SERVIÇOS DE SAÚDE
2025,1320,SECRETARIA DE ESTADO DE SAÚDE - SES,3,0,4291,FUNDO ESTADUAL DE SAÚDE - FES,3,3,90,39,37,1,10400,10,302,62,4,137,4137,1,2501000.00,2501000.00,2501000.00,0,"PROGRAMAÇÃO, CONTRATAÇÃO E PROCESSAMENTO DE SERVIÇOS DE SAÚDE",ACESSO A SERVIÇOS DE SAÚDE
2025,1320,SECRETARIA DE ESTADO DE SAÚDE - SES,3,0,4291,FUNDO ESTADUAL DE SAÚDE - FES,3,3,90,39,92,1,10400,10,302,62,4,137,4137,1,210309464.00,210309464.00,210309464.00,0,"PROGRAMAÇÃO, CONTRATAÇÃO E PROCESSAMENTO DE SERVIÇOS DE SAÚDE",ACESSO A SERVIÇOS DE SAÚDE
2025,1320,SECRETARIA DE ESTADO DE SAÚDE - SES,3,0,4291,FUNDO ESTADUAL DE SAÚDE - FES,3,3,90,40,10,1,10400,10,302,62,4,137,4137,1,1000000.00,1000000.00,1000000.00,0,"PROGRAMAÇÃO, CONTRATAÇÃO E PROCESSAMENTO DE SERVIÇOS DE SAÚDE",ACESSO A SERVIÇOS DE SAÚDE
2025,1320,SECRETARIA DE ESTADO DE SAÚDE - SES,3,0,4291,FUNDO ESTADUAL DE SAÚDE - FES,3,3,91,39,10,1,10400,10,302,62,4,137,4137,1,54375309.00,54375309.00,54375309.00,0,"PROGRAMAÇÃO, CONTRATAÇÃO E PROCESSAMENTO DE SERVIÇOS DE SAÚDE",ACESSO A SERVIÇOS DE SAÚDE
2025,1320,SECRETARIA DE ESTADO DE SAÚDE - SES,3,0,4291,FUNDO ESTADUAL DE SAÚDE - FES,3,3,91,39,92,1,10400,10,302,62,4,137,4137,1,1371012.00,1371012.00,1371012.00,0,"PROGRAMAÇÃO, CONTRATAÇÃO E PROCESSAMENTO DE SERVIÇOS DE SAÚDE",ACESSO A SERVIÇOS DE SAÚDE
2025,1320,SECRETARIA DE ESTADO DE SAÚDE - SES,3,0,4291,FUNDO ESTADUAL DE SAÚDE - FES,4,4,90,40,10,1,10400,10,302,62,4,137,4137,1,3050000.00,3050000.00,3050000.00,0,"PROGRAMAÇÃO, CONTRATAÇÃO E PROCESSAMENTO DE SERVIÇOS DE SAÚDE",ACESSO A SERVIÇOS DE SAÚDE
2025,1320,SECRETARIA DE ESTADO DE SAÚDE - SES,3,0,4291,FUNDO ESTADUAL DE SAÚDE - FES,3,3,91,41,10,1,10935,10,302,166,2,111,2111,1,2147817226.00,2147817226.00,2147817226.00,0,DESENVOLVIMENTO DAS AÇÕES DE SAÚDE NO ÂMBITO DA FUNDAÇÃO HOSPITALAR DO ESTADO DE MINAS GERAIS- FHEMIG,EXECUÇÃO DESCENTRALIZADA E AUTÔNOMA DAS AÇÕES E SERVIÇOS DE SAÚDE
2025,1320,SECRETARIA DE ESTADO DE SAÚDE - SES,3,0,4291,FUNDO ESTADUAL DE SAÚDE - FES,3,3,91,41,10,1,10938,10,302,166,2,115,2115,1,633000.00,633000.00,633000.00,0,DESENVOLVIMENTO DAS AÇÕES DE SAÚDE NO ÂMBITO DO CORPO DE BOMBEIROS MILITAR DO ESTADO DE MINAS GERAIS,EXECUÇÃO DESCENTRALIZADA E AUTÔNOMA DAS AÇÕES E SERVIÇOS DE SAÚDE
2025,1320,SECRETARIA DE ESTADO DE SAÚDE - SES,3,0,4291,FUNDO ESTADUAL DE SAÚDE - FES,3,3,91,41,10,1,11018,10,302,166,2,135,2135,1,392902891.00,392902891.00,392902891.00,0,DESENVOLVIMENTO DAS AÇÕES DE SAÚDE NO ÂMBITO DA FUNDAÇÃO CENTRO DE HEMATOLOGIA E HEMOTERAPIA DE MINAS GERAIS- HEMOMINAS,EXECUÇÃO DESCENTRALIZADA E AUTÔNOMA DAS AÇÕES E SERVIÇOS DE SAÚDE
2025,1320,SECRETARIA DE ESTADO DE SAÚDE - SES,3,0,4291,FUNDO ESTADUAL DE SAÚDE - FES,3,3,41,41,10,1,10413,10,303,64,4,148,4148,1,72000000.00,72000000.00,72000000.00,0,ABASTECIMENTO DE MEDICAMENTOS,ASSISTÊNCIA FARMACÊUTICA
2025,1320,SECRETARIA DE ESTADO DE SAÚDE - SES,3,0,4291,FUNDO ESTADUAL DE SAÚDE - FES,3,3,90,30,10,1,10413,10,303,64,4,148,4148,1,211270942.00,211270942.00,211270942.00,0,ABASTECIMENTO DE MEDICAMENTOS,ASSISTÊNCIA FARMACÊUTICA
2025,1320,SECRETARIA DE ESTADO DE SAÚDE - SES,3,0,4291,FUNDO ESTADUAL DE SAÚDE - FES,3,3,90,30,92,1,10413,10,303,64,4,148,4148,1,77372652.00,77372652.00,77372652.00,0,ABASTECIMENTO DE MEDICAMENTOS,ASSISTÊNCIA FARMACÊUTICA
2025,1320,SECRETARIA DE ESTADO DE SAÚDE - SES,3,0,4291,FUNDO ESTADUAL DE SAÚDE - FES,3,3,90,39,10,1,10413,10,303,64,4,148,4148,1,19700673.00,19700673.00,19700673.00,0,ABASTECIMENTO DE MEDICAMENTOS,ASSISTÊNCIA FARMACÊUTICA
2025,1320,SECRETARIA DE ESTADO DE SAÚDE - SES,3,0,4291,FUNDO ESTADUAL DE SAÚDE - FES,3,3,90,40,10,1,10413,10,303,64,4,148,4148,1,4940.00,4940.00,4940.00,0,ABASTECIMENTO DE MEDICAMENTOS,ASSISTÊNCIA FARMACÊUTICA
2025,1320,SECRETARIA DE ESTADO DE SAÚDE - SES,3,0,4291,FUNDO ESTADUAL DE SAÚDE - FES,3,3,41,41,10,1,10414,10,303,64,4,149,4149,1,97822943.00,97822943.00,97822943.00,0,POLÍTICAS DE ASSISTÊNCIA FARMACÊUTICA,ASSISTÊNCIA FARMACÊUTICA
2025,1320,SECRETARIA DE ESTADO DE SAÚDE - SES,3,0,4291,FUNDO ESTADUAL DE SAÚDE - FES,3,3,90,14,10,1,10414,10,303,64,4,149,4149,1,350000.00,350000.00,350000.00,0,POLÍTICAS DE ASSISTÊNCIA FARMACÊUTICA,ASSISTÊNCIA FARMACÊUTICA
2025,1320,SECRETARIA DE ESTADO DE SAÚDE - SES,3,0,4291,FUNDO ESTADUAL DE SAÚDE - FES,3,3,90,33,10,1,10414,10,303,64,4,149,4149,1,230000.00,230000.00,230000.00,0,POLÍTICAS DE ASSISTÊNCIA FARMACÊUTICA,ASSISTÊNCIA FARMACÊUTICA
2025,1320,SECRETARIA DE ESTADO DE SAÚDE - SES,3,0,4291,FUNDO ESTADUAL DE SAÚDE - FES,3,3,90,37,10,1,10414,10,303,64,4,149,4149,1,4498216.00,4498216.00,4498216.00,0,POLÍTICAS DE ASSISTÊNCIA FARMACÊUTICA,ASSISTÊNCIA FARMACÊUTICA
2025,1320,SECRETARIA DE ESTADO DE SAÚDE - SES,3,0,4291,FUNDO ESTADUAL DE SAÚDE - FES,3,3,90,39,10,1,10414,10,303,64,4,149,4149,1,5268000.00,5268000.00,5268000.00,0,POLÍTICAS DE ASSISTÊNCIA FARMACÊUTICA,ASSISTÊNCIA FARMACÊUTICA
2025,1320,SECRETARIA DE ESTADO DE SAÚDE - SES,3,0,4291,FUNDO ESTADUAL DE SAÚDE - FES,3,3,90,40,10,1,10414,10,303,64,4,149,4149,1,1175454.00,1175454.00,1175454.00,0,POLÍTICAS DE ASSISTÊNCIA FARMACÊUTICA,ASSISTÊNCIA FARMACÊUTICA
2025,1320,SECRETARIA DE ESTADO DE SAÚDE - SES,3,0,4291,FUNDO ESTADUAL DE SAÚDE - FES,3,3,90,41,10,1,10414,10,303,64,4,149,4149,1,9346499.00,9346499.00,9346499.00,0,POLÍTICAS DE ASSISTÊNCIA FARMACÊUTICA,ASSISTÊNCIA FARMACÊUTICA
2025,1320,SECRETARIA DE ESTADO DE SAÚDE - SES,3,0,4291,FUNDO ESTADUAL DE SAÚDE - FES,4,4,90,40,10,1,10414,10,303,64,4,149,4149,1,3016680.00,3016680.00,3016680.00,0,POLÍTICAS DE ASSISTÊNCIA FARMACÊUTICA,ASSISTÊNCIA FARMACÊUTICA
2025,1320,SECRETARIA DE ESTADO DE SAÚDE - SES,3,0,4291,FUNDO ESTADUAL DE SAÚDE - FES,3,3,91,41,10,1,11019,10,303,166,2,136,2136,1,610830540.00,610830540.00,610830540.00,0,DESENVOLVIMENTO DAS AÇÕES DE SAÚDE NO ÂMBITO DA FUNDAÇÃO EZEQUIEL DIAS- FUNED,EXECUÇÃO DESCENTRALIZADA E AUTÔNOMA DAS AÇÕES E SERVIÇOS DE SAÚDE
2025,1320,SECRETARIA DE ESTADO DE SAÚDE - SES,3,0,4291,FUNDO ESTADUAL DE SAÚDE - FES,3,3,41,41,10,1,10412,10,304,63,4,147,4147,1,13440000.00,13440000.00,13440000.00,0,VIGILÂNCIA SANITÁRIA,VIGILÂNCIA EM SAÚDE
2025,1320,SECRETARIA DE ESTADO DE SAÚDE - SES,3,0,4291,FUNDO ESTADUAL DE SAÚDE - FES,3,3,90,14,10,1,10412,10,304,63,4,147,4147,1,1200000.00,1200000.00,1200000.00,0,VIGILÂNCIA SANITÁRIA,VIGILÂNCIA EM SAÚDE
2025,1320,SECRETARIA DE ESTADO DE SAÚDE - SES,3,0,4291,FUNDO ESTADUAL DE SAÚDE - FES,3,3,90,33,10,1,10412,10,304,63,4,147,4147,1,800000.00,800000.00,800000.00,0,VIGILÂNCIA SANITÁRIA,VIGILÂNCIA EM SAÚDE
2025,1320,SECRETARIA DE ESTADO DE SAÚDE - SES,3,0,4291,FUNDO ESTADUAL DE SAÚDE - FES,3,3,90,37,10,1,10412,10,304,63,4,147,4147,1,1270089.00,1270089.00,1270089.00,0,VIGILÂNCIA SANITÁRIA,VIGILÂNCIA EM SAÚDE
2025,1320,SECRETARIA DE ESTADO DE SAÚDE - SES,3,0,4291,FUNDO ESTADUAL DE SAÚDE - FES,3,3,90,39,10,1,10412,10,304,63,4,147,4147,1,1904692.00,1904692.00,1904692.00,0,VIGILÂNCIA SANITÁRIA,VIGILÂNCIA EM SAÚDE
2025,1320,SECRETARIA DE ESTADO DE SAÚDE - SES,3,0,4291,FUNDO ESTADUAL DE SAÚDE - FES,3,3,90,39,92,1,10412,10,304,63,4,147,4147,1,8036912.00,8036912.00,8036912.00,0,VIGILÂNCIA SANITÁRIA,VIGILÂNCIA EM SAÚDE
2025,1320,SECRETARIA DE ESTADO DE SAÚDE - SES,3,0,4291,FUNDO ESTADUAL DE SAÚDE - FES,3,3,90,40,10,1,10412,10,304,63,4,147,4147,1,128000.00,128000.00,128000.00,0,VIGILÂNCIA SANITÁRIA,VIGILÂNCIA EM SAÚDE
2025,1320,SECRETARIA DE ESTADO DE SAÚDE - SES,3,0,4291,FUNDO ESTADUAL DE SAÚDE - FES,3,3,90,93,92,1,10412,10,304,63,4,147,4147,1,1320000.00,1320000.00,1320000.00,0,VIGILÂNCIA SANITÁRIA,VIGILÂNCIA EM SAÚDE
2025,1320,SECRETARIA DE ESTADO DE SAÚDE - SES,3,0,4291,FUNDO ESTADUAL DE SAÚDE - FES,4,4,41,42,10,1,10412,10,304,63,4,147,4147,1,13440000.00,13440000.00,13440000.00,0,VIGILÂNCIA SANITÁRIA,VIGILÂNCIA EM SAÚDE
2025,1320,SECRETARIA DE ESTADO DE SAÚDE - SES,3,0,4291,FUNDO ESTADUAL DE SAÚDE - FES,4,4,90,40,10,1,10412,10,304,63,4,147,4147,1,2822300.00,2822300.00,2822300.00,0,VIGILÂNCIA SANITÁRIA,VIGILÂNCIA EM SAÚDE
2025,1320,SECRETARIA DE ESTADO DE SAÚDE - SES,3,0,4291,FUNDO ESTADUAL DE SAÚDE - FES,4,4,90,52,10,1,10412,10,304,63,4,147,4147,1,200000.00,200000.00,200000.00,0,VIGILÂNCIA SANITÁRIA,VIGILÂNCIA EM SAÚDE
2025,1320,SECRETARIA DE ESTADO DE SAÚDE - SES,3,0,4291,FUNDO ESTADUAL DE SAÚDE - FES,3,3,41,41,10,1,10407,10,305,63,1,21,1021,1,105443731.00,105443731.00,105443731.00,0,VACINA MAIS MINAS,VIGILÂNCIA EM SAÚDE
2025,1320,SECRETARIA DE ESTADO DE SAÚDE - SES,3,0,4291,FUNDO ESTADUAL DE SAÚDE - FES,3,3,90,40,10,1,10407,10,305,63,1,21,1021,1,4940.00,4940.00,4940.00,0,VACINA MAIS MINAS,VIGILÂNCIA EM SAÚDE
2025,1320,SECRETARIA DE ESTADO DE SAÚDE - SES,3,0,4291,FUNDO ESTADUAL DE SAÚDE - FES,3,3,41,41,10,1,10408,10,305,63,4,143,4143,1,68207137.00,68207137.00,68207137.00,0,ASSESSORAMENTO E GERENCIAMENTO DE POLÍTICAS DE VIGILÂNCIA EM SAÚDE,VIGILÂNCIA EM SAÚDE
2025,1320,SECRETARIA DE ESTADO DE SAÚDE - SES,3,0,4291,FUNDO ESTADUAL DE SAÚDE - FES,3,3,41,41,92,1,10408,10,305,63,4,143,4143,1,6207048.00,6207048.00,6207048.00,0,ASSESSORAMENTO E GERENCIAMENTO DE POLÍTICAS DE VIGILÂNCIA EM SAÚDE,VIGILÂNCIA EM SAÚDE
2025,1320,SECRETARIA DE ESTADO DE SAÚDE - SES,3,0,4291,FUNDO ESTADUAL DE SAÚDE - FES,3,3,90,14,10,1,10408,10,305,63,4,143,4143,1,530000.00,530000.00,530000.00,0,ASSESSORAMENTO E GERENCIAMENTO DE POLÍTICAS DE VIGILÂNCIA EM SAÚDE,VIGILÂNCIA EM SAÚDE
2025,1320,SECRETARIA DE ESTADO DE SAÚDE - SES,3,0,4291,FUNDO ESTADUAL DE SAÚDE - FES,3,3,90,14,92,1,10408,10,305,63,4,143,4143,1,6930000.00,6930000.00,6930000.00,0,ASSESSORAMENTO E GERENCIAMENTO DE POLÍTICAS DE VIGILÂNCIA EM SAÚDE,VIGILÂNCIA EM SAÚDE
2025,1320,SECRETARIA DE ESTADO DE SAÚDE - SES,3,0,4291,FUNDO ESTADUAL DE SAÚDE - FES,3,3,90,30,10,1,10408,10,305,63,4,143,4143,1,809894.00,809894.00,809894.00,0,ASSESSORAMENTO E GERENCIAMENTO DE POLÍTICAS DE VIGILÂNCIA EM SAÚDE,VIGILÂNCIA EM SAÚDE
2025,1320,SECRETARIA DE ESTADO DE SAÚDE - SES,3,0,4291,FUNDO ESTADUAL DE SAÚDE - FES,3,3,90,33,10,1,10408,10,305,63,4,143,4143,1,1435815.00,1435815.00,1435815.00,0,ASSESSORAMENTO E GERENCIAMENTO DE POLÍTICAS DE VIGILÂNCIA EM SAÚDE,VIGILÂNCIA EM SAÚDE
2025,1320,SECRETARIA DE ESTADO DE SAÚDE - SES,3,0,4291,FUNDO ESTADUAL DE SAÚDE - FES,3,3,90,37,10,1,10408,10,305,63,4,143,4143,1,1520277.00,1520277.00,1520277.00,0,ASSESSORAMENTO E GERENCIAMENTO DE POLÍTICAS DE VIGILÂNCIA EM SAÚDE,VIGILÂNCIA EM SAÚDE
2025,1320,SECRETARIA DE ESTADO DE SAÚDE - SES,3,0,4291,FUNDO ESTADUAL DE SAÚDE - FES,3,3,90,39,10,1,10408,10,305,63,4,143,4143,1,8100438.00,8100438.00,8100438.00,0,ASSESSORAMENTO E GERENCIAMENTO DE POLÍTICAS DE VIGILÂNCIA EM SAÚDE,VIGILÂNCIA EM SAÚDE
2025,1320,SECRETARIA DE ESTADO DE SAÚDE - SES,3,0,4291,FUNDO ESTADUAL DE SAÚDE - FES,3,3,90,39,60,1,10408,10,305,63,4,143,4143,1,8000000.00,8000000.00,8000000.00,0,ASSESSORAMENTO E GERENCIAMENTO DE POLÍTICAS DE VIGILÂNCIA EM SAÚDE,VIGILÂNCIA EM SAÚDE
2025,1320,SECRETARIA DE ESTADO DE SAÚDE - SES,3,0,4291,FUNDO ESTADUAL DE SAÚDE - FES,3,3,90,39,92,1,10408,10,305,63,4,143,4143,1,29779547.00,29779547.00,29779547.00,0,ASSESSORAMENTO E GERENCIAMENTO DE POLÍTICAS DE VIGILÂNCIA EM SAÚDE,VIGILÂNCIA EM SAÚDE
2025,1320,SECRETARIA DE ESTADO DE SAÚDE - SES,3,0,4291,FUNDO ESTADUAL DE SAÚDE - FES,3,3,90,93,60,1,10408,10,305,63,4,143,4143,1,13192574.00,13192574.00,13192574.00,0,ASSESSORAMENTO E GERENCIAMENTO DE POLÍTICAS DE VIGILÂNCIA EM SAÚDE,VIGILÂNCIA EM SAÚDE
2025,1320,SECRETARIA DE ESTADO DE SAÚDE - SES,3,0,4291,FUNDO ESTADUAL DE SAÚDE - FES,3,3,90,93,92,1,10408,10,305,63,4,143,4143,1,170500.00,170500.00,170500.00,0,ASSESSORAMENTO E GERENCIAMENTO DE POLÍTICAS DE VIGILÂNCIA EM SAÚDE,VIGILÂNCIA EM SAÚDE
2025,1320,SECRETARIA DE ESTADO DE SAÚDE - SES,3,0,4291,FUNDO ESTADUAL DE SAÚDE - FES,3,3,90,30,10,1,10409,10,305,63,4,144,4144,1,1150000.00,1150000.00,1150000.00,0,VIGILÂNCIA DE CONDIÇÕES CRÔNICAS,VIGILÂNCIA EM SAÚDE
2025,1320,SECRETARIA DE ESTADO DE SAÚDE - SES,3,0,4291,FUNDO ESTADUAL DE SAÚDE - FES,3,3,90,30,92,1,10409,10,305,63,4,144,4144,1,2720084.00,2720084.00,2720084.00,0,VIGILÂNCIA DE CONDIÇÕES CRÔNICAS,VIGILÂNCIA EM SAÚDE
2025,1320,SECRETARIA DE ESTADO DE SAÚDE - SES,3,0,4291,FUNDO ESTADUAL DE SAÚDE - FES,3,3,90,39,10,1,10409,10,305,63,4,144,4144,1,740000.00,740000.00,740000.00,0,VIGILÂNCIA DE CONDIÇÕES CRÔNICAS,VIGILÂNCIA EM SAÚDE
2025,1320,SECRETARIA DE ESTADO DE SAÚDE - SES,3,0,4291,FUNDO ESTADUAL DE SAÚDE - FES,3,3,41,41,10,1,10410,10,305,63,4,145,4145,1,71050000.00,71050000.00,71050000.00,0,VIGILÂNCIA DE DOENÇAS TRANSMISSÍVEIS E IMUNIZAÇÃO,VIGILÂNCIA EM SAÚDE
2025,1320,SECRETARIA DE ESTADO DE SAÚDE - SES,3,0,4291,FUNDO ESTADUAL DE SAÚDE - FES,3,3,90,30,10,1,10410,10,305,63,4,145,4145,1,11088672.00,11088672.00,11088672.00,0,VIGILÂNCIA DE DOENÇAS TRANSMISSÍVEIS E IMUNIZAÇÃO,VIGILÂNCIA EM SAÚDE
2025,1320,SECRETARIA DE ESTADO DE SAÚDE - SES,3,0,4291,FUNDO ESTADUAL DE SAÚDE - FES,3,3,90,37,10,1,10410,10,305,63,4,145,4145,1,4776514.00,4776514.00,4776514.00,0,VIGILÂNCIA DE DOENÇAS TRANSMISSÍVEIS E IMUNIZAÇÃO,VIGILÂNCIA EM SAÚDE
2025,1320,SECRETARIA DE ESTADO DE SAÚDE - SES,3,0,4291,FUNDO ESTADUAL DE SAÚDE - FES,3,3,90,39,10,1,10410,10,305,63,4,145,4145,1,3807206.00,3807206.00,3807206.00,0,VIGILÂNCIA DE DOENÇAS TRANSMISSÍVEIS E IMUNIZAÇÃO,VIGILÂNCIA EM SAÚDE
2025,1320,SECRETARIA DE ESTADO DE SAÚDE - SES,3,0,4291,FUNDO ESTADUAL DE SAÚDE - FES,3,3,90,93,92,1,10410,10,305,63,4,145,4145,1,682000.00,682000.00,682000.00,0,VIGILÂNCIA DE DOENÇAS TRANSMISSÍVEIS E IMUNIZAÇÃO,VIGILÂNCIA EM SAÚDE
2025,1320,SECRETARIA DE ESTADO DE SAÚDE - SES,3,0,4291,FUNDO ESTADUAL DE SAÚDE - FES,4,4,90,52,10,1,10410,10,305,63,4,145,4145,1,600000.00,600000.00,600000.00,0,VIGILÂNCIA DE DOENÇAS TRANSMISSÍVEIS E IMUNIZAÇÃO,VIGILÂNCIA EM SAÚDE
2025,1320,SECRETARIA DE ESTADO DE SAÚDE - SES,3,0,4291,FUNDO ESTADUAL DE SAÚDE - FES,3,3,41,41,10,1,10411,10,305,63,4,146,4146,1,3011200.00,3011200.00,3011200.00,0,VIGILÂNCIA EM SAÚDE AMBIENTAL E SAÚDE DO TRABALHADOR,VIGILÂNCIA EM SAÚDE
2025,1320,SECRETARIA DE ESTADO DE SAÚDE - SES,3,0,4291,FUNDO ESTADUAL DE SAÚDE - FES,3,3,90,39,10,1,10411,10,305,63,4,146,4146,1,4342218.00,4342218.00,4342218.00,0,VIGILÂNCIA EM SAÚDE AMBIENTAL E SAÚDE DO TRABALHADOR,VIGILÂNCIA EM SAÚDE
2025,1320,SECRETARIA DE ESTADO DE SAÚDE - SES,3,0,4291,FUNDO ESTADUAL DE SAÚDE - FES,3,3,90,40,10,1,10411,10,305,63,4,146,4146,1,466372.00,466372.00,466372.00,0,VIGILÂNCIA EM SAÚDE AMBIENTAL E SAÚDE DO TRABALHADOR,VIGILÂNCIA EM SAÚDE
2025,1320,SECRETARIA DE ESTADO DE SAÚDE - SES,3,0,4291,FUNDO ESTADUAL DE SAÚDE - FES,4,4,90,52,10,1,10411,10,305,63,4,146,4146,1,369000.00,369000.00,369000.00,0,VIGILÂNCIA EM SAÚDE AMBIENTAL E SAÚDE DO TRABALHADOR,VIGILÂNCIA EM SAÚDE
2025,1370,SECRETARIA DE ESTADO DE MEIO AMBIENTE E DESENVOLVIMENTO SUSTENTÁVEL - SEMAD,3,0,1371,SECRETARIA DE ESTADO DE MEIO AMBIENTE E DESENVOLVIMENTO SUSTENTÁVEL - SEMAD,3,3,90,14,24,1,10245,17,512,21,4,28,4028,1,2082622.00,2082622.00,2082622.00,0,"PROMOÇÃO DAS POLÍTICAS PÚBLICAS DE ABASTECIMENTO DE ÁGUA, ESGOTAMENTO SANITÁRIO E DRENAGEM DE ÁGUAS PLUVIAIS",SANEAMENTO E RESÍDUOS ESPECIAIS
2025,1370,SECRETARIA DE ESTADO DE MEIO AMBIENTE E DESENVOLVIMENTO SUSTENTÁVEL - SEMAD,3,0,1371,SECRETARIA DE ESTADO DE MEIO AMBIENTE E DESENVOLVIMENTO SUSTENTÁVEL - SEMAD,3,3,90,14,72,1,10245,17,512,21,4,28,4028,1,299350.00,299350.00,299350.00,0,"PROMOÇÃO DAS POLÍTICAS PÚBLICAS DE ABASTECIMENTO DE ÁGUA, ESGOTAMENTO SANITÁRIO E DRENAGEM DE ÁGUAS PLUVIAIS",SANEAMENTO E RESÍDUOS ESPECIAIS
2025,1370,SECRETARIA DE ESTADO DE MEIO AMBIENTE E DESENVOLVIMENTO SUSTENTÁVEL - SEMAD,3,0,1371,SECRETARIA DE ESTADO DE MEIO AMBIENTE E DESENVOLVIMENTO SUSTENTÁVEL - SEMAD,3,3,90,30,94,1,10245,17,512,21,4,28,4028,1,116400.00,116400.00,116400.00,0,"PROMOÇÃO DAS POLÍTICAS PÚBLICAS DE ABASTECIMENTO DE ÁGUA, ESGOTAMENTO SANITÁRIO E DRENAGEM DE ÁGUAS PLUVIAIS",SANEAMENTO E RESÍDUOS ESPECIAIS
2025,1370,SECRETARIA DE ESTADO DE MEIO AMBIENTE E DESENVOLVIMENTO SUSTENTÁVEL - SEMAD,3,0,1371,SECRETARIA DE ESTADO DE MEIO AMBIENTE E DESENVOLVIMENTO SUSTENTÁVEL - SEMAD,3,3,90,33,94,1,10245,17,512,21,4,28,4028,1,76405.00,76405.00,76405.00,0,"PROMOÇÃO DAS POLÍTICAS PÚBLICAS DE ABASTECIMENTO DE ÁGUA, ESGOTAMENTO SANITÁRIO E DRENAGEM DE ÁGUAS PLUVIAIS",SANEAMENTO E RESÍDUOS ESPECIAIS
2025,1370,SECRETARIA DE ESTADO DE MEIO AMBIENTE E DESENVOLVIMENTO SUSTENTÁVEL - SEMAD,3,0,1371,SECRETARIA DE ESTADO DE MEIO AMBIENTE E DESENVOLVIMENTO SUSTENTÁVEL - SEMAD,3,3,90,37,72,1,10245,17,512,21,4,28,4028,1,1509733.00,1509733.00,1509733.00,0,"PROMOÇÃO DAS POLÍTICAS PÚBLICAS DE ABASTECIMENTO DE ÁGUA, ESGOTAMENTO SANITÁRIO E DRENAGEM DE ÁGUAS PLUVIAIS",SANEAMENTO E RESÍDUOS ESPECIAIS
2025,1370,SECRETARIA DE ESTADO DE MEIO AMBIENTE E DESENVOLVIMENTO SUSTENTÁVEL - SEMAD,3,0,1371,SECRETARIA DE ESTADO DE MEIO AMBIENTE E DESENVOLVIMENTO SUSTENTÁVEL - SEMAD,3,3,90,39,72,1,10245,17,512,21,4,28,4028,1,91563.00,91563.00,91563.00,0,"PROMOÇÃO DAS POLÍTICAS PÚBLICAS DE ABASTECIMENTO DE ÁGUA, ESGOTAMENTO SANITÁRIO E DRENAGEM DE ÁGUAS PLUVIAIS",SANEAMENTO E RESÍDUOS ESPECIAIS
2025,1370,SECRETARIA DE ESTADO DE MEIO AMBIENTE E DESENVOLVIMENTO SUSTENTÁVEL - SEMAD,3,0,1371,SECRETARIA DE ESTADO DE MEIO AMBIENTE E DESENVOLVIMENTO SUSTENTÁVEL - SEMAD,3,3,90,39,72,3,10245,17,512,21,4,28,4028,1,8524557.00,8524557.00,8524557.00,0,"PROMOÇÃO DAS POLÍTICAS PÚBLICAS DE ABASTECIMENTO DE ÁGUA, ESGOTAMENTO SANITÁRIO E DRENAGEM DE ÁGUAS PLUVIAIS",SANEAMENTO E RESÍDUOS ESPECIAIS
2025,1370,SECRETARIA DE ESTADO DE MEIO AMBIENTE E DESENVOLVIMENTO SUSTENTÁVEL - SEMAD,3,0,1371,SECRETARIA DE ESTADO DE MEIO AMBIENTE E DESENVOLVIMENTO SUSTENTÁVEL - SEMAD,3,3,90,39,94,1,10245,17,512,21,4,28,4028,1,185783.00,185783.00,185783.00,0,"PROMOÇÃO DAS POLÍTICAS PÚBLICAS DE ABASTECIMENTO DE ÁGUA, ESGOTAMENTO SANITÁRIO E DRENAGEM DE ÁGUAS PLUVIAIS",SANEAMENTO E RESÍDUOS ESPECIAIS
2025,1370,SECRETARIA DE ESTADO DE MEIO AMBIENTE E DESENVOLVIMENTO SUSTENTÁVEL - SEMAD,3,0,1371,SECRETARIA DE ESTADO DE MEIO AMBIENTE E DESENVOLVIMENTO SUSTENTÁVEL - SEMAD,4,4,90,52,9,1,10245,17,512,21,4,28,4028,1,631000.00,631000.00,631000.00,0,"PROMOÇÃO DAS POLÍTICAS PÚBLICAS DE ABASTECIMENTO DE ÁGUA, ESGOTAMENTO SANITÁRIO E DRENAGEM DE ÁGUAS PLUVIAIS",SANEAMENTO E RESÍDUOS ESPECIAIS
2025,1370,SECRETARIA DE ESTADO DE MEIO AMBIENTE E DESENVOLVIMENTO SUSTENTÁVEL - SEMAD,3,0,1371,SECRETARIA DE ESTADO DE MEIO AMBIENTE E DESENVOLVIMENTO SUSTENTÁVEL - SEMAD,4,4,90,52,24,1,10245,17,512,21,4,28,4028,1,68677833.00,68677833.00,68677833.00,0,"PROMOÇÃO DAS POLÍTICAS PÚBLICAS DE ABASTECIMENTO DE ÁGUA, ESGOTAMENTO SANITÁRIO E DRENAGEM DE ÁGUAS PLUVIAIS",SANEAMENTO E RESÍDUOS ESPECIAIS
2025,1370,SECRETARIA DE ESTADO DE MEIO AMBIENTE E DESENVOLVIMENTO SUSTENTÁVEL - SEMAD,3,0,1371,SECRETARIA DE ESTADO DE MEIO AMBIENTE E DESENVOLVIMENTO SUSTENTÁVEL - SEMAD,4,4,90,52,72,3,10245,17,512,21,4,28,4028,1,693644.00,693644.00,693644.00,0,"PROMOÇÃO DAS POLÍTICAS PÚBLICAS DE ABASTECIMENTO DE ÁGUA, ESGOTAMENTO SANITÁRIO E DRENAGEM DE ÁGUAS PLUVIAIS",SANEAMENTO E RESÍDUOS ESPECIAIS
2025,1370,SECRETARIA DE ESTADO DE MEIO AMBIENTE E DESENVOLVIMENTO SUSTENTÁVEL - SEMAD,3,0,1371,SECRETARIA DE ESTADO DE MEIO AMBIENTE E DESENVOLVIMENTO SUSTENTÁVEL - SEMAD,4,4,99,99,10,4,10245,17,512,21,4,28,4028,1,300000.00,300000.00,300000.00,0,"PROMOÇÃO DAS POLÍTICAS PÚBLICAS DE ABASTECIMENTO DE ÁGUA, ESGOTAMENTO SANITÁRIO E DRENAGEM DE ÁGUAS PLUVIAIS",SANEAMENTO E RESÍDUOS ESPECIAIS
2025,1370,SECRETARIA DE ESTADO DE MEIO AMBIENTE E DESENVOLVIMENTO SUSTENTÁVEL - SEMAD,3,0,1371,SECRETARIA DE ESTADO DE MEIO AMBIENTE E DESENVOLVIMENTO SUSTENTÁVEL - SEMAD,4,4,99,99,10,8,10245,17,512,21,4,28,4028,1,1000000.00,1000000.00,1850000.00,0,"PROMOÇÃO DAS POLÍTICAS PÚBLICAS DE ABASTECIMENTO DE ÁGUA, ESGOTAMENTO SANITÁRIO E DRENAGEM DE ÁGUAS PLUVIAIS",SANEAMENTO E RESÍDUOS ESPECIAIS
2025,1370,SECRETARIA DE ESTADO DE MEIO AMBIENTE E DESENVOLVIMENTO SUSTENTÁVEL - SEMAD,3,0,1371,SECRETARIA DE ESTADO DE MEIO AMBIENTE E DESENVOLVIMENTO SUSTENTÁVEL - SEMAD,3,3,90,14,72,1,10254,17,512,21,4,37,4037,1,140300.00,140300.00,140300.00,0,GESTÃO DE RESÍDUOS E CENTRO MINEIRO DE REFERÊNCIA EM RESÍDUOS,SANEAMENTO E RESÍDUOS ESPECIAIS
2025,1370,SECRETARIA DE ESTADO DE MEIO AMBIENTE E DESENVOLVIMENTO SUSTENTÁVEL - SEMAD,3,0,1371,SECRETARIA DE ESTADO DE MEIO AMBIENTE E DESENVOLVIMENTO SUSTENTÁVEL - SEMAD,3,3,90,30,72,1,10254,17,512,21,4,37,4037,1,40000.00,40000.00,40000.00,0,GESTÃO DE RESÍDUOS E CENTRO MINEIRO DE REFERÊNCIA EM RESÍDUOS,SANEAMENTO E RESÍDUOS ESPECIAIS
2025,1370,SECRETARIA DE ESTADO DE MEIO AMBIENTE E DESENVOLVIMENTO SUSTENTÁVEL - SEMAD,3,0,1371,SECRETARIA DE ESTADO DE MEIO AMBIENTE E DESENVOLVIMENTO SUSTENTÁVEL - SEMAD,3,3,90,33,94,1,10254,17,512,21,4,37,4037,1,12551.00,12551.00,12551.00,0,GESTÃO DE RESÍDUOS E CENTRO MINEIRO DE REFERÊNCIA EM RESÍDUOS,SANEAMENTO E RESÍDUOS ESPECIAIS
2025,1370,SECRETARIA DE ESTADO DE MEIO AMBIENTE E DESENVOLVIMENTO SUSTENTÁVEL - SEMAD,3,0,1371,SECRETARIA DE ESTADO DE MEIO AMBIENTE E DESENVOLVIMENTO SUSTENTÁVEL - SEMAD,3,3,90,39,72,1,10254,17,512,21,4,37,4037,1,1566981.00,1566981.00,1566981.00,0,GESTÃO DE RESÍDUOS E CENTRO MINEIRO DE REFERÊNCIA EM RESÍDUOS,SANEAMENTO E RESÍDUOS ESPECIAIS
2025,1370,SECRETARIA DE ESTADO DE MEIO AMBIENTE E DESENVOLVIMENTO SUSTENTÁVEL - SEMAD,3,0,1371,SECRETARIA DE ESTADO DE MEIO AMBIENTE E DESENVOLVIMENTO SUSTENTÁVEL - SEMAD,3,3,90,39,72,3,10254,17,512,21,4,37,4037,1,1540172.00,1540172.00,1540172.00,0,GESTÃO DE RESÍDUOS E CENTRO MINEIRO DE REFERÊNCIA EM RESÍDUOS,SANEAMENTO E RESÍDUOS ESPECIAIS
2025,1370,SECRETARIA DE ESTADO DE MEIO AMBIENTE E DESENVOLVIMENTO SUSTENTÁVEL - SEMAD,3,0,1371,SECRETARIA DE ESTADO DE MEIO AMBIENTE E DESENVOLVIMENTO SUSTENTÁVEL - SEMAD,3,3,99,99,10,8,10254,17,512,21,4,37,4037,1,870000.00,870000.00,871000.00,0,GESTÃO DE RESÍDUOS E CENTRO MINEIRO DE REFERÊNCIA EM RESÍDUOS,SANEAMENTO E RESÍDUOS ESPECIAIS
2025,1370,SECRETARIA DE ESTADO DE MEIO AMBIENTE E DESENVOLVIMENTO SUSTENTÁVEL - SEMAD,3,0,1371,SECRETARIA DE ESTADO DE MEIO AMBIENTE E DESENVOLVIMENTO SUSTENTÁVEL - SEMAD,4,4,90,52,24,1,10254,17,512,21,4,37,4037,1,12784633.00,12784633.00,12784633.00,0,GESTÃO DE RESÍDUOS E CENTRO MINEIRO DE REFERÊNCIA EM RESÍDUOS,SANEAMENTO E RESÍDUOS ESPECIAIS
2025,1370,SECRETARIA DE ESTADO DE MEIO AMBIENTE E DESENVOLVIMENTO SUSTENTÁVEL - SEMAD,3,0,1371,SECRETARIA DE ESTADO DE MEIO AMBIENTE E DESENVOLVIMENTO SUSTENTÁVEL - SEMAD,4,4,90,52,72,3,10254,17,512,21,4,37,4037,1,125323.00,125323.00,125323.00,0,GESTÃO DE RESÍDUOS E CENTRO MINEIRO DE REFERÊNCIA EM RESÍDUOS,SANEAMENTO E RESÍDUOS ESPECIAIS
2025,1370,SECRETARIA DE ESTADO DE MEIO AMBIENTE E DESENVOLVIMENTO SUSTENTÁVEL - SEMAD,3,0,1371,SECRETARIA DE ESTADO DE MEIO AMBIENTE E DESENVOLVIMENTO SUSTENTÁVEL - SEMAD,4,4,99,99,10,8,10254,17,512,21,4,37,4037,1,300000.00,300000.00,300000.00,0,GESTÃO DE RESÍDUOS E CENTRO MINEIRO DE REFERÊNCIA EM RESÍDUOS,SANEAMENTO E RESÍDUOS ESPECIAIS
2025,1370,SECRETARIA DE ESTADO DE MEIO AMBIENTE E DESENVOLVIMENTO SUSTENTÁVEL - SEMAD,3,0,1371,SECRETARIA DE ESTADO DE MEIO AMBIENTE E DESENVOLVIMENTO SUSTENTÁVEL - SEMAD,3,3,50,43,72,1,10261,17,512,21,4,44,4044,1,3643614.00,3643614.00,3643614.00,0,BOLSA RECICLAGEM,SANEAMENTO E RESÍDUOS ESPECIAIS
2025,1370,SECRETARIA DE ESTADO DE MEIO AMBIENTE E DESENVOLVIMENTO SUSTENTÁVEL - SEMAD,3,0,1371,SECRETARIA DE ESTADO DE MEIO AMBIENTE E DESENVOLVIMENTO SUSTENTÁVEL - SEMAD,3,3,99,99,10,8,10261,17,512,21,4,44,4044,1,1000.00,1000.00,1000.00,0,BOLSA RECICLAGEM,SANEAMENTO E RESÍDUOS ESPECIAIS
2025,1370,SECRETARIA DE ESTADO DE MEIO AMBIENTE E DESENVOLVIMENTO SUSTENTÁVEL - SEMAD,3,0,1371,SECRETARIA DE ESTADO DE MEIO AMBIENTE E DESENVOLVIMENTO SUSTENTÁVEL - SEMAD,3,1,90,11,72,1,11081,18,122,705,2,417,2417,1,90237806.00,90237806.00,90237806.00,0,REMUNERAÇÃO DE PESSOAL ATIVO E ENCARGOS SOCIAIS,APOIO ÀS POLÍTICAS PÚBLICAS
2025,1370,SECRETARIA DE ESTADO DE MEIO AMBIENTE E DESENVOLVIMENTO SUSTENTÁVEL - SEMAD,3,0,1371,SECRETARIA DE ESTADO DE MEIO AMBIENTE E DESENVOLVIMENTO SUSTENTÁVEL - SEMAD,3,1,91,13,72,1,11081,18,122,705,2,417,2417,1,34594325.00,34594325.00,34594325.00,0,REMUNERAÇÃO DE PESSOAL ATIVO E ENCARGOS SOCIAIS,APOIO ÀS POLÍTICAS PÚBLICAS
2025,1370,SECRETARIA DE ESTADO DE MEIO AMBIENTE E DESENVOLVIMENTO SUSTENTÁVEL - SEMAD,3,0,1371,SECRETARIA DE ESTADO DE MEIO AMBIENTE E DESENVOLVIMENTO SUSTENTÁVEL - SEMAD,3,3,90,46,31,7,11081,18,122,705,2,417,2417,1,21946459.00,21946459.00,21946459.00,0,REMUNERAÇÃO DE PESSOAL ATIVO E ENCARGOS SOCIAIS,APOIO ÀS POLÍTICAS PÚBLICAS
2025,1370,SECRETARIA DE ESTADO DE MEIO AMBIENTE E DESENVOLVIMENTO SUSTENTÁVEL - SEMAD,3,0,1371,SECRETARIA DE ESTADO DE MEIO AMBIENTE E DESENVOLVIMENTO SUSTENTÁVEL - SEMAD,3,3,90,14,72,1,9706,18,122,705,2,500,2500,1,117478.00,117478.00,117478.00,0,ASSESSORAMENTO E GERENCIAMENTO DE POLÍTICAS PÚBLICAS,APOIO ÀS POLÍTICAS PÚBLICAS
2025,1370,SECRETARIA DE ESTADO DE MEIO AMBIENTE E DESENVOLVIMENTO SUSTENTÁVEL - SEMAD,3,0,1371,SECRETARIA DE ESTADO DE MEIO AMBIENTE E DESENVOLVIMENTO SUSTENTÁVEL - SEMAD,3,3,90,30,72,1,9706,18,122,705,2,500,2500,1,20000.00,20000.00,20000.00,0,ASSESSORAMENTO E GERENCIAMENTO DE POLÍTICAS PÚBLICAS,APOIO ÀS POLÍTICAS PÚBLICAS
2025,1370,SECRETARIA DE ESTADO DE MEIO AMBIENTE E DESENVOLVIMENTO SUSTENTÁVEL - SEMAD,3,0,1371,SECRETARIA DE ESTADO DE MEIO AMBIENTE E DESENVOLVIMENTO SUSTENTÁVEL - SEMAD,3,3,90,30,94,1,9706,18,122,705,2,500,2500,1,32800.00,32800.00,32800.00,0,ASSESSORAMENTO E GERENCIAMENTO DE POLÍTICAS PÚBLICAS,APOIO ÀS POLÍTICAS PÚBLICAS
2025,1370,SECRETARIA DE ESTADO DE MEIO AMBIENTE E DESENVOLVIMENTO SUSTENTÁVEL - SEMAD,3,0,1371,SECRETARIA DE ESTADO DE MEIO AMBIENTE E DESENVOLVIMENTO SUSTENTÁVEL - SEMAD,3,3,90,33,94,1,9706,18,122,705,2,500,2500,1,196986.00,196986.00,196986.00,0,ASSESSORAMENTO E GERENCIAMENTO DE POLÍTICAS PÚBLICAS,APOIO ÀS POLÍTICAS PÚBLICAS
2025,1370,SECRETARIA DE ESTADO DE MEIO AMBIENTE E DESENVOLVIMENTO SUSTENTÁVEL - SEMAD,3,0,1371,SECRETARIA DE ESTADO DE MEIO AMBIENTE E DESENVOLVIMENTO SUSTENTÁVEL - SEMAD,3,3,90,36,72,1,9706,18,122,705,2,500,2500,1,18800.00,18800.00,18800.00,0,ASSESSORAMENTO E GERENCIAMENTO DE POLÍTICAS PÚBLICAS,APOIO ÀS POLÍTICAS PÚBLICAS
2025,1370,SECRETARIA DE ESTADO DE MEIO AMBIENTE E DESENVOLVIMENTO SUSTENTÁVEL - SEMAD,3,0,1371,SECRETARIA DE ESTADO DE MEIO AMBIENTE E DESENVOLVIMENTO SUSTENTÁVEL - SEMAD,3,3,90,37,72,1,9706,18,122,705,2,500,2500,1,6707037.00,6707037.00,6707037.00,0,ASSESSORAMENTO E GERENCIAMENTO DE POLÍTICAS PÚBLICAS,APOIO ÀS POLÍTICAS PÚBLICAS
2025,1370,SECRETARIA DE ESTADO DE MEIO AMBIENTE E DESENVOLVIMENTO SUSTENTÁVEL - SEMAD,3,0,1371,SECRETARIA DE ESTADO DE MEIO AMBIENTE E DESENVOLVIMENTO SUSTENTÁVEL - SEMAD,3,3,90,39,72,1,9706,18,122,705,2,500,2500,1,1491858.00,1491858.00,1491858.00,0,ASSESSORAMENTO E GERENCIAMENTO DE POLÍTICAS PÚBLICAS,APOIO ÀS POLÍTICAS PÚBLICAS
2025,1370,SECRETARIA DE ESTADO DE MEIO AMBIENTE E DESENVOLVIMENTO SUSTENTÁVEL - SEMAD,3,0,1371,SECRETARIA DE ESTADO DE MEIO AMBIENTE E DESENVOLVIMENTO SUSTENTÁVEL - SEMAD,3,3,90,39,94,1,9706,18,122,705,2,500,2500,1,615051.00,615051.00,615051.00,0,ASSESSORAMENTO E GERENCIAMENTO DE POLÍTICAS PÚBLICAS,APOIO ÀS POLÍTICAS PÚBLICAS
2025,1370,SECRETARIA DE ESTADO DE MEIO AMBIENTE E DESENVOLVIMENTO SUSTENTÁVEL - SEMAD,3,0,1371,SECRETARIA DE ESTADO DE MEIO AMBIENTE E DESENVOLVIMENTO SUSTENTÁVEL - SEMAD,3,3,90,40,72,1,9706,18,122,705,2,500,2500,1,6273925.00,6273925.00,6273925.00,0,ASSESSORAMENTO E GERENCIAMENTO DE POLÍTICAS PÚBLICAS,APOIO ÀS POLÍTICAS PÚBLICAS
2025,1370,SECRETARIA DE ESTADO DE MEIO AMBIENTE E DESENVOLVIMENTO SUSTENTÁVEL - SEMAD,3,0,1371,SECRETARIA DE ESTADO DE MEIO AMBIENTE E DESENVOLVIMENTO SUSTENTÁVEL - SEMAD,4,4,90,40,72,1,9706,18,122,705,2,500,2500,1,218798.00,218798.00,218798.00,0,ASSESSORAMENTO E GERENCIAMENTO DE POLÍTICAS PÚBLICAS,APOIO ÀS POLÍTICAS PÚBLICAS
2025,1370,SECRETARIA DE ESTADO DE MEIO AMBIENTE E DESENVOLVIMENTO SUSTENTÁVEL - SEMAD,3,0,1371,SECRETARIA DE ESTADO DE MEIO AMBIENTE E DESENVOLVIMENTO SUSTENTÁVEL - SEMAD,4,4,90,52,1,1,9706,18,122,705,2,500,2500,1,106000.00,106000.00,106000.00,0,ASSESSORAMENTO E GERENCIAMENTO DE POLÍTICAS PÚBLICAS,APOIO ÀS POLÍTICAS PÚBLICAS
2025,1370,SECRETARIA DE ESTADO DE MEIO AMBIENTE E DESENVOLVIMENTO SUSTENTÁVEL - SEMAD,3,0,1371,SECRETARIA DE ESTADO DE MEIO AMBIENTE E DESENVOLVIMENTO SUSTENTÁVEL - SEMAD,4,4,90,52,2,1,9706,18,122,705,2,500,2500,1,106000.00,106000.00,106000.00,0,ASSESSORAMENTO E GERENCIAMENTO DE POLÍTICAS PÚBLICAS,APOIO ÀS POLÍTICAS PÚBLICAS
2025,1370,SECRETARIA DE ESTADO DE MEIO AMBIENTE E DESENVOLVIMENTO SUSTENTÁVEL - SEMAD,3,0,1371,SECRETARIA DE ESTADO DE MEIO AMBIENTE E DESENVOLVIMENTO SUSTENTÁVEL - SEMAD,3,3,90,14,72,1,10262,18,541,27,4,45,4045,1,34620.00,34620.00,34620.00,0,GESTÃO E PLANEJAMENTO AMBIENTAL,GESTÃO AMBIENTAL.
2025,1370,SECRETARIA DE ESTADO DE MEIO AMBIENTE E DESENVOLVIMENTO SUSTENTÁVEL - SEMAD,3,0,1371,SECRETARIA DE ESTADO DE MEIO AMBIENTE E DESENVOLVIMENTO SUSTENTÁVEL - SEMAD,3,3,90,30,94,1,10262,18,541,27,4,45,4045,1,16400.00,16400.00,16400.00,0,GESTÃO E PLANEJAMENTO AMBIENTAL,GESTÃO AMBIENTAL.
2025,1370,SECRETARIA DE ESTADO DE MEIO AMBIENTE E DESENVOLVIMENTO SUSTENTÁVEL - SEMAD,3,0,1371,SECRETARIA DE ESTADO DE MEIO AMBIENTE E DESENVOLVIMENTO SUSTENTÁVEL - SEMAD,3,3,90,33,94,1,10262,18,541,27,4,45,4045,1,63929.00,63929.00,63929.00,0,GESTÃO E PLANEJAMENTO AMBIENTAL,GESTÃO AMBIENTAL.
2025,1370,SECRETARIA DE ESTADO DE MEIO AMBIENTE E DESENVOLVIMENTO SUSTENTÁVEL - SEMAD,3,0,1371,SECRETARIA DE ESTADO DE MEIO AMBIENTE E DESENVOLVIMENTO SUSTENTÁVEL - SEMAD,3,3,90,39,72,1,10262,18,541,27,4,45,4045,1,99563.00,99563.00,99563.00,0,GESTÃO E PLANEJAMENTO AMBIENTAL,GESTÃO AMBIENTAL.
2025,1370,SECRETARIA DE ESTADO DE MEIO AMBIENTE E DESENVOLVIMENTO SUSTENTÁVEL - SEMAD,3,0,1371,SECRETARIA DE ESTADO DE MEIO AMBIENTE E DESENVOLVIMENTO SUSTENTÁVEL - SEMAD,3,3,90,39,94,1,10262,18,541,27,4,45,4045,1,285783.00,285783.00,285783.00,0,GESTÃO E PLANEJAMENTO AMBIENTAL,GESTÃO AMBIENTAL.
2025,1370,SECRETARIA DE ESTADO DE MEIO AMBIENTE E DESENVOLVIMENTO SUSTENTÁVEL - SEMAD,3,0,1371,SECRETARIA DE ESTADO DE MEIO AMBIENTE E DESENVOLVIMENTO SUSTENTÁVEL - SEMAD,3,3,99,99,10,4,10262,18,541,27,4,45,4045,1,80000.00,80000.00,80000.00,0,GESTÃO E PLANEJAMENTO AMBIENTAL,GESTÃO AMBIENTAL.
2025,1370,SECRETARIA DE ESTADO DE MEIO AMBIENTE E DESENVOLVIMENTO SUSTENTÁVEL - SEMAD,3,0,1371,SECRETARIA DE ESTADO DE MEIO AMBIENTE E DESENVOLVIMENTO SUSTENTÁVEL - SEMAD,3,3,99,99,10,8,10262,18,541,27,4,45,4045,1,1000.00,1000.00,1000.00,0,GESTÃO E PLANEJAMENTO AMBIENTAL,GESTÃO AMBIENTAL.
2025,1370,SECRETARIA DE ESTADO DE MEIO AMBIENTE E DESENVOLVIMENTO SUSTENTÁVEL - SEMAD,3,0,1371,SECRETARIA DE ESTADO DE MEIO AMBIENTE E DESENVOLVIMENTO SUSTENTÁVEL - SEMAD,3,3,90,14,72,1,10263,18,541,27,4,46,4046,1,117350.00,117350.00,117350.00,1,MUDANÇAS CLIMÁTICAS E QUALIDADE AMBIENTAL,GESTÃO AMBIENTAL.
2025,1370,SECRETARIA DE ESTADO DE MEIO AMBIENTE E DESENVOLVIMENTO SUSTENTÁVEL - SEMAD,3,0,1371,SECRETARIA DE ESTADO DE MEIO AMBIENTE E DESENVOLVIMENTO SUSTENTÁVEL - SEMAD,3,3,90,33,94,1,10263,18,541,27,4,46,4046,1,89700.00,89700.00,89700.00,1,MUDANÇAS CLIMÁTICAS E QUALIDADE AMBIENTAL,GESTÃO AMBIENTAL.
2025,1370,SECRETARIA DE ESTADO DE MEIO AMBIENTE E DESENVOLVIMENTO SUSTENTÁVEL - SEMAD,3,0,1371,SECRETARIA DE ESTADO DE MEIO AMBIENTE E DESENVOLVIMENTO SUSTENTÁVEL - SEMAD,3,3,90,39,72,1,10263,18,541,27,4,46,4046,1,79810.00,79810.00,79810.00,1,MUDANÇAS CLIMÁTICAS E QUALIDADE AMBIENTAL,GESTÃO AMBIENTAL.
2025,1370,SECRETARIA DE ESTADO DE MEIO AMBIENTE E DESENVOLVIMENTO SUSTENTÁVEL - SEMAD,3,0,1371,SECRETARIA DE ESTADO DE MEIO AMBIENTE E DESENVOLVIMENTO SUSTENTÁVEL - SEMAD,3,3,90,39,80,1,10263,18,541,27,4,46,4046,1,2500000.00,2500000.00,2500000.00,1,MUDANÇAS CLIMÁTICAS E QUALIDADE AMBIENTAL,GESTÃO AMBIENTAL.
2025,1370,SECRETARIA DE ESTADO DE MEIO AMBIENTE E DESENVOLVIMENTO SUSTENTÁVEL - SEMAD,3,0,1371,SECRETARIA DE ESTADO DE MEIO AMBIENTE E DESENVOLVIMENTO SUSTENTÁVEL - SEMAD,3,3,99,99,10,8,10263,18,541,27,4,46,4046,1,500000.00,500000.00,501000.00,1,MUDANÇAS CLIMÁTICAS E QUALIDADE AMBIENTAL,GESTÃO AMBIENTAL.
2025,1370,SECRETARIA DE ESTADO DE MEIO AMBIENTE E DESENVOLVIMENTO SUSTENTÁVEL - SEMAD,3,0,1371,SECRETARIA DE ESTADO DE MEIO AMBIENTE E DESENVOLVIMENTO SUSTENTÁVEL - SEMAD,3,3,50,41,29,1,10264,18,541,27,4,47,4047,1,828143.00,828143.00,828143.00,0,PROMOÇÃO DAS POLÍTICAS PÚBLICAS DE PROTEÇÃO À FAUNA DOMÉSTICA,GESTÃO AMBIENTAL.
2025,1370,SECRETARIA DE ESTADO DE MEIO AMBIENTE E DESENVOLVIMENTO SUSTENTÁVEL - SEMAD,3,0,1371,SECRETARIA DE ESTADO DE MEIO AMBIENTE E DESENVOLVIMENTO SUSTENTÁVEL - SEMAD,3,3,50,41,94,1,10264,18,541,27,4,47,4047,1,471853.00,471853.00,471853.00,0,PROMOÇÃO DAS POLÍTICAS PÚBLICAS DE PROTEÇÃO À FAUNA DOMÉSTICA,GESTÃO AMBIENTAL.
2025,1370,SECRETARIA DE ESTADO DE MEIO AMBIENTE E DESENVOLVIMENTO SUSTENTÁVEL - SEMAD,3,0,1371,SECRETARIA DE ESTADO DE MEIO AMBIENTE E DESENVOLVIMENTO SUSTENTÁVEL - SEMAD,3,3,90,14,72,1,10264,18,541,27,4,47,4047,1,21720.00,21720.00,21720.00,0,PROMOÇÃO DAS POLÍTICAS PÚBLICAS DE PROTEÇÃO À FAUNA DOMÉSTICA,GESTÃO AMBIENTAL.
2025,1370,SECRETARIA DE ESTADO DE MEIO AMBIENTE E DESENVOLVIMENTO SUSTENTÁVEL - SEMAD,3,0,1371,SECRETARIA DE ESTADO DE MEIO AMBIENTE E DESENVOLVIMENTO SUSTENTÁVEL - SEMAD,3,3,90,30,29,1,10264,18,541,27,4,47,4047,1,700000.00,700000.00,700000.00,0,PROMOÇÃO DAS POLÍTICAS PÚBLICAS DE PROTEÇÃO À FAUNA DOMÉSTICA,GESTÃO AMBIENTAL.
2025,1370,SECRETARIA DE ESTADO DE MEIO AMBIENTE E DESENVOLVIMENTO SUSTENTÁVEL - SEMAD,3,0,1371,SECRETARIA DE ESTADO DE MEIO AMBIENTE E DESENVOLVIMENTO SUSTENTÁVEL - SEMAD,3,3,90,33,94,1,10264,18,541,27,4,47,4047,1,32000.00,32000.00,32000.00,0,PROMOÇÃO DAS POLÍTICAS PÚBLICAS DE PROTEÇÃO À FAUNA DOMÉSTICA,GESTÃO AMBIENTAL.
2025,1370,SECRETARIA DE ESTADO DE MEIO AMBIENTE E DESENVOLVIMENTO SUSTENTÁVEL - SEMAD,3,0,1371,SECRETARIA DE ESTADO DE MEIO AMBIENTE E DESENVOLVIMENTO SUSTENTÁVEL - SEMAD,3,3,90,39,29,1,10264,18,541,27,4,47,4047,1,600000.00,600000.00,600000.00,0,PROMOÇÃO DAS POLÍTICAS PÚBLICAS DE PROTEÇÃO À FAUNA DOMÉSTICA,GESTÃO AMBIENTAL.
2025,1370,SECRETARIA DE ESTADO DE MEIO AMBIENTE E DESENVOLVIMENTO SUSTENTÁVEL - SEMAD,3,0,1371,SECRETARIA DE ESTADO DE MEIO AMBIENTE E DESENVOLVIMENTO SUSTENTÁVEL - SEMAD,3,3,99,99,10,8,10264,18,541,27,4,47,4047,1,300000.00,300000.00,25451441.00,0,PROMOÇÃO DAS POLÍTICAS PÚBLICAS DE PROTEÇÃO À FAUNA DOMÉSTICA,GESTÃO AMBIENTAL.
2025,1370,SECRETARIA DE ESTADO DE MEIO AMBIENTE E DESENVOLVIMENTO SUSTENTÁVEL - SEMAD,3,0,1371,SECRETARIA DE ESTADO DE MEIO AMBIENTE E DESENVOLVIMENTO SUSTENTÁVEL - SEMAD,4,4,90,52,72,1,10264,18,541,27,4,47,4047,1,30000.00,30000.00,30000.00,0,PROMOÇÃO DAS POLÍTICAS PÚBLICAS DE PROTEÇÃO À FAUNA DOMÉSTICA,GESTÃO AMBIENTAL.
2025,1370,SECRETARIA DE ESTADO DE MEIO AMBIENTE E DESENVOLVIMENTO SUSTENTÁVEL - SEMAD,3,0,1371,SECRETARIA DE ESTADO DE MEIO AMBIENTE E DESENVOLVIMENTO SUSTENTÁVEL - SEMAD,4,4,99,99,10,8,10264,18,541,27,4,47,4047,1,539000.00,539000.00,1539000.00,0,PROMOÇÃO DAS POLÍTICAS PÚBLICAS DE PROTEÇÃO À FAUNA DOMÉSTICA,GESTÃO AMBIENTAL.
2025,1370,SECRETARIA DE ESTADO DE MEIO AMBIENTE E DESENVOLVIMENTO SUSTENTÁVEL - SEMAD,3,0,1371,SECRETARIA DE ESTADO DE MEIO AMBIENTE E DESENVOLVIMENTO SUSTENTÁVEL - SEMAD,3,3,90,14,72,1,10255,18,542,25,4,38,4038,1,1274705.00,1274705.00,1274705.00,0,FISCALIZAÇÃO AMBIENTAL,"MONITORAMENTO, CONTROLE E FISCALIZAÇÃO AMBIENTAL"
2025,1370,SECRETARIA DE ESTADO DE MEIO AMBIENTE E DESENVOLVIMENTO SUSTENTÁVEL - SEMAD,3,0,1371,SECRETARIA DE ESTADO DE MEIO AMBIENTE E DESENVOLVIMENTO SUSTENTÁVEL - SEMAD,3,3,90,15,52,2,10255,18,542,25,4,38,4038,1,1000050.00,1000050.00,1000050.00,0,FISCALIZAÇÃO AMBIENTAL,"MONITORAMENTO, CONTROLE E FISCALIZAÇÃO AMBIENTAL"
2025,1370,SECRETARIA DE ESTADO DE MEIO AMBIENTE E DESENVOLVIMENTO SUSTENTÁVEL - SEMAD,3,0,1371,SECRETARIA DE ESTADO DE MEIO AMBIENTE E DESENVOLVIMENTO SUSTENTÁVEL - SEMAD,3,3,90,30,52,2,10255,18,542,25,4,38,4038,1,3369600.00,3369600.00,3369600.00,0,FISCALIZAÇÃO AMBIENTAL,"MONITORAMENTO, CONTROLE E FISCALIZAÇÃO AMBIENTAL"
2025,1370,SECRETARIA DE ESTADO DE MEIO AMBIENTE E DESENVOLVIMENTO SUSTENTÁVEL - SEMAD,3,0,1371,SECRETARIA DE ESTADO DE MEIO AMBIENTE E DESENVOLVIMENTO SUSTENTÁVEL - SEMAD,3,3,90,30,72,1,10255,18,542,25,4,38,4038,1,3755.00,3755.00,3755.00,0,FISCALIZAÇÃO AMBIENTAL,"MONITORAMENTO, CONTROLE E FISCALIZAÇÃO AMBIENTAL"
2025,1370,SECRETARIA DE ESTADO DE MEIO AMBIENTE E DESENVOLVIMENTO SUSTENTÁVEL - SEMAD,3,0,1371,SECRETARIA DE ESTADO DE MEIO AMBIENTE E DESENVOLVIMENTO SUSTENTÁVEL - SEMAD,3,3,90,30,94,1,10255,18,542,25,4,38,4038,1,32800.00,32800.00,32800.00,0,FISCALIZAÇÃO AMBIENTAL,"MONITORAMENTO, CONTROLE E FISCALIZAÇÃO AMBIENTAL"
2025,1370,SECRETARIA DE ESTADO DE MEIO AMBIENTE E DESENVOLVIMENTO SUSTENTÁVEL - SEMAD,3,0,1371,SECRETARIA DE ESTADO DE MEIO AMBIENTE E DESENVOLVIMENTO SUSTENTÁVEL - SEMAD,3,3,90,33,94,1,10255,18,542,25,4,38,4038,1,46590.00,46590.00,46590.00,0,FISCALIZAÇÃO AMBIENTAL,"MONITORAMENTO, CONTROLE E FISCALIZAÇÃO AMBIENTAL"
2025,1370,SECRETARIA DE ESTADO DE MEIO AMBIENTE E DESENVOLVIMENTO SUSTENTÁVEL - SEMAD,3,0,1371,SECRETARIA DE ESTADO DE MEIO AMBIENTE E DESENVOLVIMENTO SUSTENTÁVEL - SEMAD,3,3,90,36,72,1,10255,18,542,25,4,38,4038,1,96000.00,96000.00,96000.00,0,FISCALIZAÇÃO AMBIENTAL,"MONITORAMENTO, CONTROLE E FISCALIZAÇÃO AMBIENTAL"
2025,1370,SECRETARIA DE ESTADO DE MEIO AMBIENTE E DESENVOLVIMENTO SUSTENTÁVEL - SEMAD,3,0,1371,SECRETARIA DE ESTADO DE MEIO AMBIENTE E DESENVOLVIMENTO SUSTENTÁVEL - SEMAD,3,3,90,37,72,1,10255,18,542,25,4,38,4038,1,715668.00,715668.00,715668.00,0,FISCALIZAÇÃO AMBIENTAL,"MONITORAMENTO, CONTROLE E FISCALIZAÇÃO AMBIENTAL"
2025,1370,SECRETARIA DE ESTADO DE MEIO AMBIENTE E DESENVOLVIMENTO SUSTENTÁVEL - SEMAD,3,0,1371,SECRETARIA DE ESTADO DE MEIO AMBIENTE E DESENVOLVIMENTO SUSTENTÁVEL - SEMAD,3,3,90,39,52,2,10255,18,542,25,4,38,4038,1,8130360.00,8130360.00,8130360.00,0,FISCALIZAÇÃO AMBIENTAL,"MONITORAMENTO, CONTROLE E FISCALIZAÇÃO AMBIENTAL"
2025,1370,SECRETARIA DE ESTADO DE MEIO AMBIENTE E DESENVOLVIMENTO SUSTENTÁVEL - SEMAD,3,0,1371,SECRETARIA DE ESTADO DE MEIO AMBIENTE E DESENVOLVIMENTO SUSTENTÁVEL - SEMAD,3,3,90,39,72,1,10255,18,542,25,4,38,4038,1,1327128.00,1327128.00,1327128.00,0,FISCALIZAÇÃO AMBIENTAL,"MONITORAMENTO, CONTROLE E FISCALIZAÇÃO AMBIENTAL"
2025,1370,SECRETARIA DE ESTADO DE MEIO AMBIENTE E DESENVOLVIMENTO SUSTENTÁVEL - SEMAD,3,0,1371,SECRETARIA DE ESTADO DE MEIO AMBIENTE E DESENVOLVIMENTO SUSTENTÁVEL - SEMAD,3,3,90,39,94,1,10255,18,542,25,4,38,4038,1,571567.00,571567.00,571567.00,0,FISCALIZAÇÃO AMBIENTAL,"MONITORAMENTO, CONTROLE E FISCALIZAÇÃO AMBIENTAL"
2025,1370,SECRETARIA DE ESTADO DE MEIO AMBIENTE E DESENVOLVIMENTO SUSTENTÁVEL - SEMAD,3,0,1371,SECRETARIA DE ESTADO DE MEIO AMBIENTE E DESENVOLVIMENTO SUSTENTÁVEL - SEMAD,3,3,90,40,72,1,10255,18,542,25,4,38,4038,1,730020.00,730020.00,730020.00,0,FISCALIZAÇÃO AMBIENTAL,"MONITORAMENTO, CONTROLE E FISCALIZAÇÃO AMBIENTAL"
2025,1370,SECRETARIA DE ESTADO DE MEIO AMBIENTE E DESENVOLVIMENTO SUSTENTÁVEL - SEMAD,3,0,1371,SECRETARIA DE ESTADO DE MEIO AMBIENTE E DESENVOLVIMENTO SUSTENTÁVEL - SEMAD,3,3,90,47,72,1,10255,18,542,25,4,38,4038,1,6157.00,6157.00,6157.00,0,FISCALIZAÇÃO AMBIENTAL,"MONITORAMENTO, CONTROLE E FISCALIZAÇÃO AMBIENTAL"
2025,1370,SECRETARIA DE ESTADO DE MEIO AMBIENTE E DESENVOLVIMENTO SUSTENTÁVEL - SEMAD,3,0,1371,SECRETARIA DE ESTADO DE MEIO AMBIENTE E DESENVOLVIMENTO SUSTENTÁVEL - SEMAD,3,3,99,99,10,8,10255,18,542,25,4,38,4038,1,1000.00,1000.00,1000.00,0,FISCALIZAÇÃO AMBIENTAL,"MONITORAMENTO, CONTROLE E FISCALIZAÇÃO AMBIENTAL"
2025,1370,SECRETARIA DE ESTADO DE MEIO AMBIENTE E DESENVOLVIMENTO SUSTENTÁVEL - SEMAD,3,0,1371,SECRETARIA DE ESTADO DE MEIO AMBIENTE E DESENVOLVIMENTO SUSTENTÁVEL - SEMAD,4,4,90,40,72,1,10255,18,542,25,4,38,4038,1,31623.00,31623.00,31623.00,0,FISCALIZAÇÃO AMBIENTAL,"MONITORAMENTO, CONTROLE E FISCALIZAÇÃO AMBIENTAL"
2025,1370,SECRETARIA DE ESTADO DE MEIO AMBIENTE E DESENVOLVIMENTO SUSTENTÁVEL - SEMAD,3,0,1371,SECRETARIA DE ESTADO DE MEIO AMBIENTE E DESENVOLVIMENTO SUSTENTÁVEL - SEMAD,3,3,90,14,72,1,10256,18,542,25,4,39,4039,1,7740.00,7740.00,7740.00,0,ATENDIMENTO DE DENÚNCIAS E DE REQUISIÇÕES,"MONITORAMENTO, CONTROLE E FISCALIZAÇÃO AMBIENTAL"
2025,1370,SECRETARIA DE ESTADO DE MEIO AMBIENTE E DESENVOLVIMENTO SUSTENTÁVEL - SEMAD,3,0,1371,SECRETARIA DE ESTADO DE MEIO AMBIENTE E DESENVOLVIMENTO SUSTENTÁVEL - SEMAD,3,3,99,99,10,8,10256,18,542,25,4,39,4039,1,1000.00,1000.00,1000.00,0,ATENDIMENTO DE DENÚNCIAS E DE REQUISIÇÕES,"MONITORAMENTO, CONTROLE E FISCALIZAÇÃO AMBIENTAL"
2025,1370,SECRETARIA DE ESTADO DE MEIO AMBIENTE E DESENVOLVIMENTO SUSTENTÁVEL - SEMAD,3,0,1371,SECRETARIA DE ESTADO DE MEIO AMBIENTE E DESENVOLVIMENTO SUSTENTÁVEL - SEMAD,3,3,90,14,72,1,10257,18,542,25,4,40,4040,1,31026.00,31026.00,31026.00,0,AMPLIAÇÃO DA FISCALIZAÇÃO PREVENTIVA,"MONITORAMENTO, CONTROLE E FISCALIZAÇÃO AMBIENTAL"
2025,1370,SECRETARIA DE ESTADO DE MEIO AMBIENTE E DESENVOLVIMENTO SUSTENTÁVEL - SEMAD,3,0,1371,SECRETARIA DE ESTADO DE MEIO AMBIENTE E DESENVOLVIMENTO SUSTENTÁVEL - SEMAD,3,3,90,30,72,1,10257,18,542,25,4,40,4040,1,25000.00,25000.00,25000.00,0,AMPLIAÇÃO DA FISCALIZAÇÃO PREVENTIVA,"MONITORAMENTO, CONTROLE E FISCALIZAÇÃO AMBIENTAL"
2025,1370,SECRETARIA DE ESTADO DE MEIO AMBIENTE E DESENVOLVIMENTO SUSTENTÁVEL - SEMAD,3,0,1371,SECRETARIA DE ESTADO DE MEIO AMBIENTE E DESENVOLVIMENTO SUSTENTÁVEL - SEMAD,3,3,99,99,10,8,10257,18,542,25,4,40,4040,1,1000.00,1000.00,1000.00,0,AMPLIAÇÃO DA FISCALIZAÇÃO PREVENTIVA,"MONITORAMENTO, CONTROLE E FISCALIZAÇÃO AMBIENTAL"
2025,1370,SECRETARIA DE ESTADO DE MEIO AMBIENTE E DESENVOLVIMENTO SUSTENTÁVEL - SEMAD,3,0,1371,SECRETARIA DE ESTADO DE MEIO AMBIENTE E DESENVOLVIMENTO SUSTENTÁVEL - SEMAD,3,3,90,14,72,1,10270,18,542,25,4,53,4053,1,126432.00,126432.00,126432.00,0,PREVENÇÃO E ATENDIMENTO A ACIDENTES E EMERGÊNCIAS AMBIENTAIS,"MONITORAMENTO, CONTROLE E FISCALIZAÇÃO AMBIENTAL"
2025,1370,SECRETARIA DE ESTADO DE MEIO AMBIENTE E DESENVOLVIMENTO SUSTENTÁVEL - SEMAD,3,0,1371,SECRETARIA DE ESTADO DE MEIO AMBIENTE E DESENVOLVIMENTO SUSTENTÁVEL - SEMAD,3,3,90,33,94,1,10270,18,542,25,4,53,4053,1,17077.00,17077.00,17077.00,0,PREVENÇÃO E ATENDIMENTO A ACIDENTES E EMERGÊNCIAS AMBIENTAIS,"MONITORAMENTO, CONTROLE E FISCALIZAÇÃO AMBIENTAL"
2025,1370,SECRETARIA DE ESTADO DE MEIO AMBIENTE E DESENVOLVIMENTO SUSTENTÁVEL - SEMAD,3,0,1371,SECRETARIA DE ESTADO DE MEIO AMBIENTE E DESENVOLVIMENTO SUSTENTÁVEL - SEMAD,3,3,90,39,72,3,10270,18,542,25,4,53,4053,1,223692.00,223692.00,223692.00,0,PREVENÇÃO E ATENDIMENTO A ACIDENTES E EMERGÊNCIAS AMBIENTAIS,"MONITORAMENTO, CONTROLE E FISCALIZAÇÃO AMBIENTAL"
2025,1370,SECRETARIA DE ESTADO DE MEIO AMBIENTE E DESENVOLVIMENTO SUSTENTÁVEL - SEMAD,3,0,1371,SECRETARIA DE ESTADO DE MEIO AMBIENTE E DESENVOLVIMENTO SUSTENTÁVEL - SEMAD,3,3,99,99,10,8,10270,18,542,25,4,53,4053,1,1000.00,1000.00,1000.00,0,PREVENÇÃO E ATENDIMENTO A ACIDENTES E EMERGÊNCIAS AMBIENTAIS,"MONITORAMENTO, CONTROLE E FISCALIZAÇÃO AMBIENTAL"
2025,1370,SECRETARIA DE ESTADO DE MEIO AMBIENTE E DESENVOLVIMENTO SUSTENTÁVEL - SEMAD,3,0,1371,SECRETARIA DE ESTADO DE MEIO AMBIENTE E DESENVOLVIMENTO SUSTENTÁVEL - SEMAD,4,4,90,52,24,1,10270,18,542,25,4,53,4053,1,1856821.00,1856821.00,1856821.00,0,PREVENÇÃO E ATENDIMENTO A ACIDENTES E EMERGÊNCIAS AMBIENTAIS,"MONITORAMENTO, CONTROLE E FISCALIZAÇÃO AMBIENTAL"
2025,1370,SECRETARIA DE ESTADO DE MEIO AMBIENTE E DESENVOLVIMENTO SUSTENTÁVEL - SEMAD,3,0,1371,SECRETARIA DE ESTADO DE MEIO AMBIENTE E DESENVOLVIMENTO SUSTENTÁVEL - SEMAD,4,4,90,52,72,3,10270,18,542,25,4,53,4053,1,18201.00,18201.00,18201.00,0,PREVENÇÃO E ATENDIMENTO A ACIDENTES E EMERGÊNCIAS AMBIENTAIS,"MONITORAMENTO, CONTROLE E FISCALIZAÇÃO AMBIENTAL"
2025,1370,SECRETARIA DE ESTADO DE MEIO AMBIENTE E DESENVOLVIMENTO SUSTENTÁVEL - SEMAD,3,0,1371,SECRETARIA DE ESTADO DE MEIO AMBIENTE E DESENVOLVIMENTO SUSTENTÁVEL - SEMAD,3,3,90,40,72,1,10140,18,542,705,1,74,1074,1,1000.00,1000.00,1000.00,0,TRANSFORMAÇÃO DIGITAL DO SISEMA,APOIO ÀS POLÍTICAS PÚBLICAS
2025,1370,SECRETARIA DE ESTADO DE MEIO AMBIENTE E DESENVOLVIMENTO SUSTENTÁVEL - SEMAD,3,0,2091,FUNDAÇÃO ESTADUAL DO MEIO AMBIENTE - FEAM,3,1,90,4,52,1,11105,18,122,705,2,417,2417,1,374768.00,374768.00,374768.00,0,REMUNERAÇÃO DE PESSOAL ATIVO E ENCARGOS SOCIAIS,APOIO ÀS POLÍTICAS PÚBLICAS
2025,1370,SECRETARIA DE ESTADO DE MEIO AMBIENTE E DESENVOLVIMENTO SUSTENTÁVEL - SEMAD,3,0,2091,FUNDAÇÃO ESTADUAL DO MEIO AMBIENTE - FEAM,3,1,90,11,52,1,11105,18,122,705,2,417,2417,1,5688534.00,5688534.00,5688534.00,0,REMUNERAÇÃO DE PESSOAL ATIVO E ENCARGOS SOCIAIS,APOIO ÀS POLÍTICAS PÚBLICAS
2025,1370,SECRETARIA DE ESTADO DE MEIO AMBIENTE E DESENVOLVIMENTO SUSTENTÁVEL - SEMAD,3,0,2091,FUNDAÇÃO ESTADUAL DO MEIO AMBIENTE - FEAM,3,1,90,11,60,1,11105,18,122,705,2,417,2417,1,10900741.00,10900741.00,10900741.00,0,REMUNERAÇÃO DE PESSOAL ATIVO E ENCARGOS SOCIAIS,APOIO ÀS POLÍTICAS PÚBLICAS
2025,1370,SECRETARIA DE ESTADO DE MEIO AMBIENTE E DESENVOLVIMENTO SUSTENTÁVEL - SEMAD,3,0,2091,FUNDAÇÃO ESTADUAL DO MEIO AMBIENTE - FEAM,3,1,90,11,72,1,11105,18,122,705,2,417,2417,1,12500010.00,12500010.00,12500010.00,0,REMUNERAÇÃO DE PESSOAL ATIVO E ENCARGOS SOCIAIS,APOIO ÀS POLÍTICAS PÚBLICAS
2025,1370,SECRETARIA DE ESTADO DE MEIO AMBIENTE E DESENVOLVIMENTO SUSTENTÁVEL - SEMAD,3,0,2091,FUNDAÇÃO ESTADUAL DO MEIO AMBIENTE - FEAM,3,1,90,13,52,1,11105,18,122,705,2,417,2417,1,590550.00,590550.00,590550.00,0,REMUNERAÇÃO DE PESSOAL ATIVO E ENCARGOS SOCIAIS,APOIO ÀS POLÍTICAS PÚBLICAS
2025,1370,SECRETARIA DE ESTADO DE MEIO AMBIENTE E DESENVOLVIMENTO SUSTENTÁVEL - SEMAD,3,0,2091,FUNDAÇÃO ESTADUAL DO MEIO AMBIENTE - FEAM,3,1,91,13,52,1,11105,18,122,705,2,417,2417,1,9838588.00,9838588.00,9838588.00,0,REMUNERAÇÃO DE PESSOAL ATIVO E ENCARGOS SOCIAIS,APOIO ÀS POLÍTICAS PÚBLICAS
2025,1370,SECRETARIA DE ESTADO DE MEIO AMBIENTE E DESENVOLVIMENTO SUSTENTÁVEL - SEMAD,3,0,2091,FUNDAÇÃO ESTADUAL DO MEIO AMBIENTE - FEAM,3,3,90,46,72,7,11105,18,122,705,2,417,2417,1,7547893.00,7547893.00,7547893.00,0,REMUNERAÇÃO DE PESSOAL ATIVO E ENCARGOS SOCIAIS,APOIO ÀS POLÍTICAS PÚBLICAS
2025,1370,SECRETARIA DE ESTADO DE MEIO AMBIENTE E DESENVOLVIMENTO SUSTENTÁVEL - SEMAD,3,0,2091,FUNDAÇÃO ESTADUAL DO MEIO AMBIENTE - FEAM,3,3,90,49,72,7,11105,18,122,705,2,417,2417,1,154039.00,154039.00,154039.00,0,REMUNERAÇÃO DE PESSOAL ATIVO E ENCARGOS SOCIAIS,APOIO ÀS POLÍTICAS PÚBLICAS
2025,1370,SECRETARIA DE ESTADO DE MEIO AMBIENTE E DESENVOLVIMENTO SUSTENTÁVEL - SEMAD,3,0,2091,FUNDAÇÃO ESTADUAL DO MEIO AMBIENTE - FEAM,3,3,90,14,52,1,9511,18,122,705,2,500,2500,1,224295.00,224295.00,224295.00,0,ASSESSORAMENTO E GERENCIAMENTO DE POLÍTICAS PÚBLICAS,APOIO ÀS POLÍTICAS PÚBLICAS
2025,1370,SECRETARIA DE ESTADO DE MEIO AMBIENTE E DESENVOLVIMENTO SUSTENTÁVEL - SEMAD,3,0,2091,FUNDAÇÃO ESTADUAL DO MEIO AMBIENTE - FEAM,3,3,90,14,72,1,9511,18,122,705,2,500,2500,1,392908.00,392908.00,392908.00,0,ASSESSORAMENTO E GERENCIAMENTO DE POLÍTICAS PÚBLICAS,APOIO ÀS POLÍTICAS PÚBLICAS
2025,1370,SECRETARIA DE ESTADO DE MEIO AMBIENTE E DESENVOLVIMENTO SUSTENTÁVEL - SEMAD,3,0,2091,FUNDAÇÃO ESTADUAL DO MEIO AMBIENTE - FEAM,3,3,90,30,52,1,9511,18,122,705,2,500,2500,1,14030.00,14030.00,14030.00,0,ASSESSORAMENTO E GERENCIAMENTO DE POLÍTICAS PÚBLICAS,APOIO ÀS POLÍTICAS PÚBLICAS
2025,1370,SECRETARIA DE ESTADO DE MEIO AMBIENTE E DESENVOLVIMENTO SUSTENTÁVEL - SEMAD,3,0,2091,FUNDAÇÃO ESTADUAL DO MEIO AMBIENTE - FEAM,3,3,90,30,72,1,9511,18,122,705,2,500,2500,1,426581.00,426581.00,426581.00,0,ASSESSORAMENTO E GERENCIAMENTO DE POLÍTICAS PÚBLICAS,APOIO ÀS POLÍTICAS PÚBLICAS
2025,1370,SECRETARIA DE ESTADO DE MEIO AMBIENTE E DESENVOLVIMENTO SUSTENTÁVEL - SEMAD,3,0,2091,FUNDAÇÃO ESTADUAL DO MEIO AMBIENTE - FEAM,3,3,90,33,72,1,9511,18,122,705,2,500,2500,1,84770.00,84770.00,84770.00,0,ASSESSORAMENTO E GERENCIAMENTO DE POLÍTICAS PÚBLICAS,APOIO ÀS POLÍTICAS PÚBLICAS
2025,1370,SECRETARIA DE ESTADO DE MEIO AMBIENTE E DESENVOLVIMENTO SUSTENTÁVEL - SEMAD,3,0,2091,FUNDAÇÃO ESTADUAL DO MEIO AMBIENTE - FEAM,3,3,90,36,72,1,9511,18,122,705,2,500,2500,1,247721.00,247721.00,247721.00,0,ASSESSORAMENTO E GERENCIAMENTO DE POLÍTICAS PÚBLICAS,APOIO ÀS POLÍTICAS PÚBLICAS
2025,1370,SECRETARIA DE ESTADO DE MEIO AMBIENTE E DESENVOLVIMENTO SUSTENTÁVEL - SEMAD,3,0,2091,FUNDAÇÃO ESTADUAL DO MEIO AMBIENTE - FEAM,3,3,90,37,72,1,9511,18,122,705,2,500,2500,1,6551668.00,6551668.00,6551668.00,0,ASSESSORAMENTO E GERENCIAMENTO DE POLÍTICAS PÚBLICAS,APOIO ÀS POLÍTICAS PÚBLICAS
2025,1370,SECRETARIA DE ESTADO DE MEIO AMBIENTE E DESENVOLVIMENTO SUSTENTÁVEL - SEMAD,3,0,2091,FUNDAÇÃO ESTADUAL DO MEIO AMBIENTE - FEAM,3,3,90,39,52,1,9511,18,122,705,2,500,2500,1,29347.00,29347.00,29347.00,0,ASSESSORAMENTO E GERENCIAMENTO DE POLÍTICAS PÚBLICAS,APOIO ÀS POLÍTICAS PÚBLICAS
2025,1370,SECRETARIA DE ESTADO DE MEIO AMBIENTE E DESENVOLVIMENTO SUSTENTÁVEL - SEMAD,3,0,2091,FUNDAÇÃO ESTADUAL DO MEIO AMBIENTE - FEAM,3,3,90,39,72,1,9511,18,122,705,2,500,2500,1,4529122.00,4529122.00,4529122.00,0,ASSESSORAMENTO E GERENCIAMENTO DE POLÍTICAS PÚBLICAS,APOIO ÀS POLÍTICAS PÚBLICAS
2025,1370,SECRETARIA DE ESTADO DE MEIO AMBIENTE E DESENVOLVIMENTO SUSTENTÁVEL - SEMAD,3,0,2091,FUNDAÇÃO ESTADUAL DO MEIO AMBIENTE - FEAM,3,3,90,40,72,1,9511,18,122,705,2,500,2500,1,2215827.00,2215827.00,2215827.00,0,ASSESSORAMENTO E GERENCIAMENTO DE POLÍTICAS PÚBLICAS,APOIO ÀS POLÍTICAS PÚBLICAS
2025,1370,SECRETARIA DE ESTADO DE MEIO AMBIENTE E DESENVOLVIMENTO SUSTENTÁVEL - SEMAD,3,0,2091,FUNDAÇÃO ESTADUAL DO MEIO AMBIENTE - FEAM,3,3,90,47,52,1,9511,18,122,705,2,500,2500,1,263756.00,263756.00,263756.00,0,ASSESSORAMENTO E GERENCIAMENTO DE POLÍTICAS PÚBLICAS,APOIO ÀS POLÍTICAS PÚBLICAS
2025,1370,SECRETARIA DE ESTADO DE MEIO AMBIENTE E DESENVOLVIMENTO SUSTENTÁVEL - SEMAD,3,0,2091,FUNDAÇÃO ESTADUAL DO MEIO AMBIENTE - FEAM,3,3,90,47,72,1,9511,18,122,705,2,500,2500,1,47827.00,47827.00,47827.00,0,ASSESSORAMENTO E GERENCIAMENTO DE POLÍTICAS PÚBLICAS,APOIO ÀS POLÍTICAS PÚBLICAS
2025,1370,SECRETARIA DE ESTADO DE MEIO AMBIENTE E DESENVOLVIMENTO SUSTENTÁVEL - SEMAD,3,0,2091,FUNDAÇÃO ESTADUAL DO MEIO AMBIENTE - FEAM,4,4,90,52,60,1,9511,18,122,705,2,500,2500,1,17287.00,17287.00,17287.00,0,ASSESSORAMENTO E GERENCIAMENTO DE POLÍTICAS PÚBLICAS,APOIO ÀS POLÍTICAS PÚBLICAS
2025,1370,SECRETARIA DE ESTADO DE MEIO AMBIENTE E DESENVOLVIMENTO SUSTENTÁVEL - SEMAD,3,0,2091,FUNDAÇÃO ESTADUAL DO MEIO AMBIENTE - FEAM,4,4,90,52,72,1,9511,18,122,705,2,500,2500,1,1172.00,1172.00,1172.00,0,ASSESSORAMENTO E GERENCIAMENTO DE POLÍTICAS PÚBLICAS,APOIO ÀS POLÍTICAS PÚBLICAS
2025,1370,SECRETARIA DE ESTADO DE MEIO AMBIENTE E DESENVOLVIMENTO SUSTENTÁVEL - SEMAD,3,0,2091,FUNDAÇÃO ESTADUAL DO MEIO AMBIENTE - FEAM,3,3,90,14,72,1,10304,18,541,40,4,69,4069,1,174966.00,174966.00,174966.00,0,GESTÃO DE BARRAGENS,RECUPERAÇÃO AMBIENTAL E GESTÃO DE BARRAGENS
2025,1370,SECRETARIA DE ESTADO DE MEIO AMBIENTE E DESENVOLVIMENTO SUSTENTÁVEL - SEMAD,3,0,2091,FUNDAÇÃO ESTADUAL DO MEIO AMBIENTE - FEAM,3,3,90,33,72,1,10304,18,541,40,4,69,4069,1,16778.00,16778.00,16778.00,0,GESTÃO DE BARRAGENS,RECUPERAÇÃO AMBIENTAL E GESTÃO DE BARRAGENS
2025,1370,SECRETARIA DE ESTADO DE MEIO AMBIENTE E DESENVOLVIMENTO SUSTENTÁVEL - SEMAD,3,0,2091,FUNDAÇÃO ESTADUAL DO MEIO AMBIENTE - FEAM,3,3,90,37,72,1,10304,18,541,40,4,69,4069,1,262041.00,262041.00,262041.00,0,GESTÃO DE BARRAGENS,RECUPERAÇÃO AMBIENTAL E GESTÃO DE BARRAGENS
2025,1370,SECRETARIA DE ESTADO DE MEIO AMBIENTE E DESENVOLVIMENTO SUSTENTÁVEL - SEMAD,3,0,2091,FUNDAÇÃO ESTADUAL DO MEIO AMBIENTE - FEAM,3,3,90,39,72,1,10304,18,541,40,4,69,4069,1,713672.00,713672.00,713672.00,0,GESTÃO DE BARRAGENS,RECUPERAÇÃO AMBIENTAL E GESTÃO DE BARRAGENS
2025,1370,SECRETARIA DE ESTADO DE MEIO AMBIENTE E DESENVOLVIMENTO SUSTENTÁVEL - SEMAD,3,0,2091,FUNDAÇÃO ESTADUAL DO MEIO AMBIENTE - FEAM,3,3,90,40,72,1,10304,18,541,40,4,69,4069,1,8312.00,8312.00,8312.00,0,GESTÃO DE BARRAGENS,RECUPERAÇÃO AMBIENTAL E GESTÃO DE BARRAGENS
2025,1370,SECRETARIA DE ESTADO DE MEIO AMBIENTE E DESENVOLVIMENTO SUSTENTÁVEL - SEMAD,3,0,2091,FUNDAÇÃO ESTADUAL DO MEIO AMBIENTE - FEAM,3,3,90,14,72,1,10306,18,542,41,4,71,4071,1,440036.00,440036.00,440036.00,0,LICENCIAMENTO AMBIENTAL,REGULARIZAÇÃO AMBIENTAL
2025,1370,SECRETARIA DE ESTADO DE MEIO AMBIENTE E DESENVOLVIMENTO SUSTENTÁVEL - SEMAD,3,0,2091,FUNDAÇÃO ESTADUAL DO MEIO AMBIENTE - FEAM,3,3,90,30,72,1,10306,18,542,41,4,71,4071,1,312777.00,312777.00,312777.00,0,LICENCIAMENTO AMBIENTAL,REGULARIZAÇÃO AMBIENTAL
2025,1370,SECRETARIA DE ESTADO DE MEIO AMBIENTE E DESENVOLVIMENTO SUSTENTÁVEL - SEMAD,3,0,2091,FUNDAÇÃO ESTADUAL DO MEIO AMBIENTE - FEAM,3,3,90,33,72,1,10306,18,542,41,4,71,4071,1,102420.00,102420.00,102420.00,0,LICENCIAMENTO AMBIENTAL,REGULARIZAÇÃO AMBIENTAL
2025,1370,SECRETARIA DE ESTADO DE MEIO AMBIENTE E DESENVOLVIMENTO SUSTENTÁVEL - SEMAD,3,0,2091,FUNDAÇÃO ESTADUAL DO MEIO AMBIENTE - FEAM,3,3,90,37,72,1,10306,18,542,41,4,71,4071,1,141941.00,141941.00,141941.00,0,LICENCIAMENTO AMBIENTAL,REGULARIZAÇÃO AMBIENTAL
2025,1370,SECRETARIA DE ESTADO DE MEIO AMBIENTE E DESENVOLVIMENTO SUSTENTÁVEL - SEMAD,3,0,2091,FUNDAÇÃO ESTADUAL DO MEIO AMBIENTE - FEAM,3,3,90,39,72,1,10306,18,542,41,4,71,4071,1,1448200.00,1448200.00,1448200.00,0,LICENCIAMENTO AMBIENTAL,REGULARIZAÇÃO AMBIENTAL
2025,1370,SECRETARIA DE ESTADO DE MEIO AMBIENTE E DESENVOLVIMENTO SUSTENTÁVEL - SEMAD,3,0,2091,FUNDAÇÃO ESTADUAL DO MEIO AMBIENTE - FEAM,3,3,99,99,10,8,10306,18,542,41,4,71,4071,1,1000.00,1000.00,1000.00,0,LICENCIAMENTO AMBIENTAL,REGULARIZAÇÃO AMBIENTAL
2025,1370,SECRETARIA DE ESTADO DE MEIO AMBIENTE E DESENVOLVIMENTO SUSTENTÁVEL - SEMAD,3,0,2091,FUNDAÇÃO ESTADUAL DO MEIO AMBIENTE - FEAM,3,3,90,14,72,1,10307,18,542,41,4,72,4072,1,24573.00,24573.00,24573.00,0,APOIO AO LICENCIAMENTO AMBIENTAL MUNICIPAL,REGULARIZAÇÃO AMBIENTAL
2025,1370,SECRETARIA DE ESTADO DE MEIO AMBIENTE E DESENVOLVIMENTO SUSTENTÁVEL - SEMAD,3,0,2091,FUNDAÇÃO ESTADUAL DO MEIO AMBIENTE - FEAM,3,3,90,33,72,1,10307,18,542,41,4,72,4072,1,9891.00,9891.00,9891.00,0,APOIO AO LICENCIAMENTO AMBIENTAL MUNICIPAL,REGULARIZAÇÃO AMBIENTAL
2025,1370,SECRETARIA DE ESTADO DE MEIO AMBIENTE E DESENVOLVIMENTO SUSTENTÁVEL - SEMAD,3,0,2091,FUNDAÇÃO ESTADUAL DO MEIO AMBIENTE - FEAM,3,3,90,40,72,1,10307,18,542,41,4,72,4072,1,87919.00,87919.00,87919.00,0,APOIO AO LICENCIAMENTO AMBIENTAL MUNICIPAL,REGULARIZAÇÃO AMBIENTAL
2025,1370,SECRETARIA DE ESTADO DE MEIO AMBIENTE E DESENVOLVIMENTO SUSTENTÁVEL - SEMAD,3,0,2091,FUNDAÇÃO ESTADUAL DO MEIO AMBIENTE - FEAM,3,3,99,99,10,8,10307,18,542,41,4,72,4072,1,1000.00,1000.00,1000.00,0,APOIO AO LICENCIAMENTO AMBIENTAL MUNICIPAL,REGULARIZAÇÃO AMBIENTAL
2025,1370,SECRETARIA DE ESTADO DE MEIO AMBIENTE E DESENVOLVIMENTO SUSTENTÁVEL - SEMAD,3,0,2091,FUNDAÇÃO ESTADUAL DO MEIO AMBIENTE - FEAM,3,3,90,14,72,1,10305,18,543,40,4,70,4070,1,90937.00,90937.00,90937.00,0,GESTÃO E RECUPERAÇÃO DE ÁREAS DEGRADADAS E CONTAMINADAS,RECUPERAÇÃO AMBIENTAL E GESTÃO DE BARRAGENS
2025,1370,SECRETARIA DE ESTADO DE MEIO AMBIENTE E DESENVOLVIMENTO SUSTENTÁVEL - SEMAD,3,0,2091,FUNDAÇÃO ESTADUAL DO MEIO AMBIENTE - FEAM,3,3,90,33,72,1,10305,18,543,40,4,70,4070,1,19342.00,19342.00,19342.00,0,GESTÃO E RECUPERAÇÃO DE ÁREAS DEGRADADAS E CONTAMINADAS,RECUPERAÇÃO AMBIENTAL E GESTÃO DE BARRAGENS
2025,1370,SECRETARIA DE ESTADO DE MEIO AMBIENTE E DESENVOLVIMENTO SUSTENTÁVEL - SEMAD,3,0,2091,FUNDAÇÃO ESTADUAL DO MEIO AMBIENTE - FEAM,3,3,90,35,9,1,10305,18,543,40,4,70,4070,1,2971000.00,2971000.00,2971000.00,0,GESTÃO E RECUPERAÇÃO DE ÁREAS DEGRADADAS E CONTAMINADAS,RECUPERAÇÃO AMBIENTAL E GESTÃO DE BARRAGENS
2025,1370,SECRETARIA DE ESTADO DE MEIO AMBIENTE E DESENVOLVIMENTO SUSTENTÁVEL - SEMAD,3,0,2091,FUNDAÇÃO ESTADUAL DO MEIO AMBIENTE - FEAM,3,3,90,37,72,1,10305,18,543,40,4,70,4070,1,131021.00,131021.00,131021.00,0,GESTÃO E RECUPERAÇÃO DE ÁREAS DEGRADADAS E CONTAMINADAS,RECUPERAÇÃO AMBIENTAL E GESTÃO DE BARRAGENS
2025,1370,SECRETARIA DE ESTADO DE MEIO AMBIENTE E DESENVOLVIMENTO SUSTENTÁVEL - SEMAD,3,0,2091,FUNDAÇÃO ESTADUAL DO MEIO AMBIENTE - FEAM,3,3,90,39,45,1,10305,18,543,40,4,70,4070,1,224000.00,224000.00,224000.00,0,GESTÃO E RECUPERAÇÃO DE ÁREAS DEGRADADAS E CONTAMINADAS,RECUPERAÇÃO AMBIENTAL E GESTÃO DE BARRAGENS
2025,1370,SECRETARIA DE ESTADO DE MEIO AMBIENTE E DESENVOLVIMENTO SUSTENTÁVEL - SEMAD,3,0,2091,FUNDAÇÃO ESTADUAL DO MEIO AMBIENTE - FEAM,3,3,90,39,72,1,10305,18,543,40,4,70,4070,1,56923.00,56923.00,56923.00,0,GESTÃO E RECUPERAÇÃO DE ÁREAS DEGRADADAS E CONTAMINADAS,RECUPERAÇÃO AMBIENTAL E GESTÃO DE BARRAGENS
2025,1370,SECRETARIA DE ESTADO DE MEIO AMBIENTE E DESENVOLVIMENTO SUSTENTÁVEL - SEMAD,3,0,2091,FUNDAÇÃO ESTADUAL DO MEIO AMBIENTE - FEAM,3,3,99,99,10,8,10305,18,543,40,4,70,4070,1,1000.00,1000.00,1000.00,0,GESTÃO E RECUPERAÇÃO DE ÁREAS DEGRADADAS E CONTAMINADAS,RECUPERAÇÃO AMBIENTAL E GESTÃO DE BARRAGENS
2025,1370,SECRETARIA DE ESTADO DE MEIO AMBIENTE E DESENVOLVIMENTO SUSTENTÁVEL - SEMAD,3,0,2091,FUNDAÇÃO ESTADUAL DO MEIO AMBIENTE - FEAM,4,4,90,51,72,1,10305,18,543,40,4,70,4070,1,2094968.00,2094968.00,2094968.00,0,GESTÃO E RECUPERAÇÃO DE ÁREAS DEGRADADAS E CONTAMINADAS,RECUPERAÇÃO AMBIENTAL E GESTÃO DE BARRAGENS
2025,1370,SECRETARIA DE ESTADO DE MEIO AMBIENTE E DESENVOLVIMENTO SUSTENTÁVEL - SEMAD,3,0,2091,FUNDAÇÃO ESTADUAL DO MEIO AMBIENTE - FEAM,3,1,90,91,60,9,1779,28,846,705,7,4,7004,1,1304420.00,1304420.00,1304420.00,0,PRECATÓRIOS E SENTENÇAS JUDICIÁRIAS,APOIO ÀS POLÍTICAS PÚBLICAS
2025,1370,SECRETARIA DE ESTADO DE MEIO AMBIENTE E DESENVOLVIMENTO SUSTENTÁVEL - SEMAD,3,0,2101,INSTITUTO ESTADUAL DE FLORESTAS - IEF,3,1,90,11,26,1,11066,18,122,705,2,417,2417,1,71973368.00,71973368.00,71973368.00,0,REMUNERAÇÃO DE PESSOAL ATIVO E ENCARGOS SOCIAIS,APOIO ÀS POLÍTICAS PÚBLICAS
2025,1370,SECRETARIA DE ESTADO DE MEIO AMBIENTE E DESENVOLVIMENTO SUSTENTÁVEL - SEMAD,3,0,2101,INSTITUTO ESTADUAL DE FLORESTAS - IEF,3,1,90,11,72,1,11066,18,122,705,2,417,2417,1,2994683.00,2994683.00,2994683.00,0,REMUNERAÇÃO DE PESSOAL ATIVO E ENCARGOS SOCIAIS,APOIO ÀS POLÍTICAS PÚBLICAS
2025,1370,SECRETARIA DE ESTADO DE MEIO AMBIENTE E DESENVOLVIMENTO SUSTENTÁVEL - SEMAD,3,0,2101,INSTITUTO ESTADUAL DE FLORESTAS - IEF,3,1,90,11,91,1,11066,18,122,705,2,417,2417,1,14665125.00,14665125.00,14665125.00,0,REMUNERAÇÃO DE PESSOAL ATIVO E ENCARGOS SOCIAIS,APOIO ÀS POLÍTICAS PÚBLICAS
2025,1370,SECRETARIA DE ESTADO DE MEIO AMBIENTE E DESENVOLVIMENTO SUSTENTÁVEL - SEMAD,3,0,2101,INSTITUTO ESTADUAL DE FLORESTAS - IEF,3,1,91,13,26,1,11066,18,122,705,2,417,2417,1,28248632.00,28248632.00,28248632.00,0,REMUNERAÇÃO DE PESSOAL ATIVO E ENCARGOS SOCIAIS,APOIO ÀS POLÍTICAS PÚBLICAS
2025,1370,SECRETARIA DE ESTADO DE MEIO AMBIENTE E DESENVOLVIMENTO SUSTENTÁVEL - SEMAD,3,0,2101,INSTITUTO ESTADUAL DE FLORESTAS - IEF,3,1,91,13,72,1,11066,18,122,705,2,417,2417,1,1175374.00,1175374.00,1175374.00,0,REMUNERAÇÃO DE PESSOAL ATIVO E ENCARGOS SOCIAIS,APOIO ÀS POLÍTICAS PÚBLICAS
2025,1370,SECRETARIA DE ESTADO DE MEIO AMBIENTE E DESENVOLVIMENTO SUSTENTÁVEL - SEMAD,3,0,2101,INSTITUTO ESTADUAL DE FLORESTAS - IEF,3,1,91,13,91,1,11066,18,122,705,2,417,2417,1,5755875.00,5755875.00,5755875.00,0,REMUNERAÇÃO DE PESSOAL ATIVO E ENCARGOS SOCIAIS,APOIO ÀS POLÍTICAS PÚBLICAS
2025,1370,SECRETARIA DE ESTADO DE MEIO AMBIENTE E DESENVOLVIMENTO SUSTENTÁVEL - SEMAD,3,0,2101,INSTITUTO ESTADUAL DE FLORESTAS - IEF,3,3,90,46,72,7,11066,18,122,705,2,417,2417,1,20062784.00,20062784.00,20062784.00,0,REMUNERAÇÃO DE PESSOAL ATIVO E ENCARGOS SOCIAIS,APOIO ÀS POLÍTICAS PÚBLICAS
2025,1370,SECRETARIA DE ESTADO DE MEIO AMBIENTE E DESENVOLVIMENTO SUSTENTÁVEL - SEMAD,3,0,2101,INSTITUTO ESTADUAL DE FLORESTAS - IEF,3,3,90,49,72,7,11066,18,122,705,2,417,2417,1,305525.00,305525.00,305525.00,0,REMUNERAÇÃO DE PESSOAL ATIVO E ENCARGOS SOCIAIS,APOIO ÀS POLÍTICAS PÚBLICAS
2025,1370,SECRETARIA DE ESTADO DE MEIO AMBIENTE E DESENVOLVIMENTO SUSTENTÁVEL - SEMAD,3,0,2101,INSTITUTO ESTADUAL DE FLORESTAS - IEF,3,3,90,14,72,1,9659,18,122,705,2,500,2500,1,258258.00,258258.00,258258.00,0,ASSESSORAMENTO E GERENCIAMENTO DE POLÍTICAS PÚBLICAS,APOIO ÀS POLÍTICAS PÚBLICAS
2025,1370,SECRETARIA DE ESTADO DE MEIO AMBIENTE E DESENVOLVIMENTO SUSTENTÁVEL - SEMAD,3,0,2101,INSTITUTO ESTADUAL DE FLORESTAS - IEF,3,3,90,30,72,1,9659,18,122,705,2,500,2500,1,1430483.00,1430483.00,1430483.00,0,ASSESSORAMENTO E GERENCIAMENTO DE POLÍTICAS PÚBLICAS,APOIO ÀS POLÍTICAS PÚBLICAS
2025,1370,SECRETARIA DE ESTADO DE MEIO AMBIENTE E DESENVOLVIMENTO SUSTENTÁVEL - SEMAD,3,0,2101,INSTITUTO ESTADUAL DE FLORESTAS - IEF,3,3,90,33,72,1,9659,18,122,705,2,500,2500,1,62400.00,62400.00,62400.00,0,ASSESSORAMENTO E GERENCIAMENTO DE POLÍTICAS PÚBLICAS,APOIO ÀS POLÍTICAS PÚBLICAS
2025,1370,SECRETARIA DE ESTADO DE MEIO AMBIENTE E DESENVOLVIMENTO SUSTENTÁVEL - SEMAD,3,0,2101,INSTITUTO ESTADUAL DE FLORESTAS - IEF,3,3,90,36,72,1,9659,18,122,705,2,500,2500,1,256309.00,256309.00,256309.00,0,ASSESSORAMENTO E GERENCIAMENTO DE POLÍTICAS PÚBLICAS,APOIO ÀS POLÍTICAS PÚBLICAS
2025,1370,SECRETARIA DE ESTADO DE MEIO AMBIENTE E DESENVOLVIMENTO SUSTENTÁVEL - SEMAD,3,0,2101,INSTITUTO ESTADUAL DE FLORESTAS - IEF,3,3,90,37,72,1,9659,18,122,705,2,500,2500,1,5760580.00,5760580.00,5760580.00,0,ASSESSORAMENTO E GERENCIAMENTO DE POLÍTICAS PÚBLICAS,APOIO ÀS POLÍTICAS PÚBLICAS
2025,1370,SECRETARIA DE ESTADO DE MEIO AMBIENTE E DESENVOLVIMENTO SUSTENTÁVEL - SEMAD,3,0,2101,INSTITUTO ESTADUAL DE FLORESTAS - IEF,3,3,90,39,68,1,9659,18,122,705,2,500,2500,1,3500.00,3500.00,3500.00,0,ASSESSORAMENTO E GERENCIAMENTO DE POLÍTICAS PÚBLICAS,APOIO ÀS POLÍTICAS PÚBLICAS
2025,1370,SECRETARIA DE ESTADO DE MEIO AMBIENTE E DESENVOLVIMENTO SUSTENTÁVEL - SEMAD,3,0,2101,INSTITUTO ESTADUAL DE FLORESTAS - IEF,3,3,90,39,69,1,9659,18,122,705,2,500,2500,1,74000.00,74000.00,74000.00,0,ASSESSORAMENTO E GERENCIAMENTO DE POLÍTICAS PÚBLICAS,APOIO ÀS POLÍTICAS PÚBLICAS
2025,1370,SECRETARIA DE ESTADO DE MEIO AMBIENTE E DESENVOLVIMENTO SUSTENTÁVEL - SEMAD,3,0,2101,INSTITUTO ESTADUAL DE FLORESTAS - IEF,3,3,90,39,72,1,9659,18,122,705,2,500,2500,1,3040868.00,3040868.00,3040868.00,0,ASSESSORAMENTO E GERENCIAMENTO DE POLÍTICAS PÚBLICAS,APOIO ÀS POLÍTICAS PÚBLICAS
2025,1370,SECRETARIA DE ESTADO DE MEIO AMBIENTE E DESENVOLVIMENTO SUSTENTÁVEL - SEMAD,3,0,2101,INSTITUTO ESTADUAL DE FLORESTAS - IEF,3,3,90,39,74,1,9659,18,122,705,2,500,2500,1,7500.00,7500.00,7500.00,0,ASSESSORAMENTO E GERENCIAMENTO DE POLÍTICAS PÚBLICAS,APOIO ÀS POLÍTICAS PÚBLICAS
2025,1370,SECRETARIA DE ESTADO DE MEIO AMBIENTE E DESENVOLVIMENTO SUSTENTÁVEL - SEMAD,3,0,2101,INSTITUTO ESTADUAL DE FLORESTAS - IEF,3,3,90,40,72,1,9659,18,122,705,2,500,2500,1,770132.00,770132.00,770132.00,0,ASSESSORAMENTO E GERENCIAMENTO DE POLÍTICAS PÚBLICAS,APOIO ÀS POLÍTICAS PÚBLICAS
2025,1370,SECRETARIA DE ESTADO DE MEIO AMBIENTE E DESENVOLVIMENTO SUSTENTÁVEL - SEMAD,3,0,2101,INSTITUTO ESTADUAL DE FLORESTAS - IEF,3,3,90,47,72,1,9659,18,122,705,2,500,2500,1,3612000.00,3612000.00,3612000.00,0,ASSESSORAMENTO E GERENCIAMENTO DE POLÍTICAS PÚBLICAS,APOIO ÀS POLÍTICAS PÚBLICAS
2025,1370,SECRETARIA DE ESTADO DE MEIO AMBIENTE E DESENVOLVIMENTO SUSTENTÁVEL - SEMAD,3,0,2101,INSTITUTO ESTADUAL DE FLORESTAS - IEF,4,4,90,52,72,1,9659,18,122,705,2,500,2500,1,50000.00,50000.00,50000.00,0,ASSESSORAMENTO E GERENCIAMENTO DE POLÍTICAS PÚBLICAS,APOIO ÀS POLÍTICAS PÚBLICAS
2025,1370,SECRETARIA DE ESTADO DE MEIO AMBIENTE E DESENVOLVIMENTO SUSTENTÁVEL - SEMAD,3,0,2101,INSTITUTO ESTADUAL DE FLORESTAS - IEF,3,3,90,14,72,1,10271,18,541,31,4,54,4054,1,85527.00,85527.00,85527.00,0,PREVENÇÃO E COMBATE A INCÊNDIOS FLORESTAIS,"PROTEÇÃO DAS ÁREAS AMBIENTALMENTE CONSERVADAS, DA FAUNA E DA BIODIVERSIDADE FLORESTAL"
2025,1370,SECRETARIA DE ESTADO DE MEIO AMBIENTE E DESENVOLVIMENTO SUSTENTÁVEL - SEMAD,3,0,2101,INSTITUTO ESTADUAL DE FLORESTAS - IEF,3,3,90,30,72,1,10271,18,541,31,4,54,4054,1,100118.00,100118.00,100118.00,0,PREVENÇÃO E COMBATE A INCÊNDIOS FLORESTAIS,"PROTEÇÃO DAS ÁREAS AMBIENTALMENTE CONSERVADAS, DA FAUNA E DA BIODIVERSIDADE FLORESTAL"
2025,1370,SECRETARIA DE ESTADO DE MEIO AMBIENTE E DESENVOLVIMENTO SUSTENTÁVEL - SEMAD,3,0,2101,INSTITUTO ESTADUAL DE FLORESTAS - IEF,3,3,90,36,72,1,10271,18,541,31,4,54,4054,1,17700.00,17700.00,17700.00,0,PREVENÇÃO E COMBATE A INCÊNDIOS FLORESTAIS,"PROTEÇÃO DAS ÁREAS AMBIENTALMENTE CONSERVADAS, DA FAUNA E DA BIODIVERSIDADE FLORESTAL"
2025,1370,SECRETARIA DE ESTADO DE MEIO AMBIENTE E DESENVOLVIMENTO SUSTENTÁVEL - SEMAD,3,0,2101,INSTITUTO ESTADUAL DE FLORESTAS - IEF,3,3,90,37,72,1,10271,18,541,31,4,54,4054,1,714631.00,714631.00,714631.00,0,PREVENÇÃO E COMBATE A INCÊNDIOS FLORESTAIS,"PROTEÇÃO DAS ÁREAS AMBIENTALMENTE CONSERVADAS, DA FAUNA E DA BIODIVERSIDADE FLORESTAL"
2025,1370,SECRETARIA DE ESTADO DE MEIO AMBIENTE E DESENVOLVIMENTO SUSTENTÁVEL - SEMAD,3,0,2101,INSTITUTO ESTADUAL DE FLORESTAS - IEF,3,3,90,39,72,1,10271,18,541,31,4,54,4054,1,73146.00,73146.00,73146.00,0,PREVENÇÃO E COMBATE A INCÊNDIOS FLORESTAIS,"PROTEÇÃO DAS ÁREAS AMBIENTALMENTE CONSERVADAS, DA FAUNA E DA BIODIVERSIDADE FLORESTAL"
2025,1370,SECRETARIA DE ESTADO DE MEIO AMBIENTE E DESENVOLVIMENTO SUSTENTÁVEL - SEMAD,3,0,2101,INSTITUTO ESTADUAL DE FLORESTAS - IEF,3,3,90,40,72,1,10271,18,541,31,4,54,4054,1,120.00,120.00,120.00,0,PREVENÇÃO E COMBATE A INCÊNDIOS FLORESTAIS,"PROTEÇÃO DAS ÁREAS AMBIENTALMENTE CONSERVADAS, DA FAUNA E DA BIODIVERSIDADE FLORESTAL"
2025,1370,SECRETARIA DE ESTADO DE MEIO AMBIENTE E DESENVOLVIMENTO SUSTENTÁVEL - SEMAD,3,0,2101,INSTITUTO ESTADUAL DE FLORESTAS - IEF,3,3,99,99,10,8,10271,18,541,31,4,54,4054,1,1000.00,1000.00,1000.00,0,PREVENÇÃO E COMBATE A INCÊNDIOS FLORESTAIS,"PROTEÇÃO DAS ÁREAS AMBIENTALMENTE CONSERVADAS, DA FAUNA E DA BIODIVERSIDADE FLORESTAL"
2025,1370,SECRETARIA DE ESTADO DE MEIO AMBIENTE E DESENVOLVIMENTO SUSTENTÁVEL - SEMAD,3,0,2101,INSTITUTO ESTADUAL DE FLORESTAS - IEF,4,4,90,52,72,1,10271,18,541,31,4,54,4054,1,21165.00,21165.00,21165.00,0,PREVENÇÃO E COMBATE A INCÊNDIOS FLORESTAIS,"PROTEÇÃO DAS ÁREAS AMBIENTALMENTE CONSERVADAS, DA FAUNA E DA BIODIVERSIDADE FLORESTAL"
2025,1370,SECRETARIA DE ESTADO DE MEIO AMBIENTE E DESENVOLVIMENTO SUSTENTÁVEL - SEMAD,3,0,2101,INSTITUTO ESTADUAL DE FLORESTAS - IEF,3,3,90,39,72,1,10274,18,541,31,4,57,4057,1,1000.00,1000.00,1000.00,0,PARC - PROGRAMA DE CONCESSÃO DE PARQUES ESTADUAIS,"PROTEÇÃO DAS ÁREAS AMBIENTALMENTE CONSERVADAS, DA FAUNA E DA BIODIVERSIDADE FLORESTAL"
2025,1370,SECRETARIA DE ESTADO DE MEIO AMBIENTE E DESENVOLVIMENTO SUSTENTÁVEL - SEMAD,3,0,2101,INSTITUTO ESTADUAL DE FLORESTAS - IEF,3,3,90,14,72,1,10275,18,541,31,4,58,4058,1,67080.00,67080.00,67080.00,0,PROTEÇÃO E CONSERVAÇÃO DA FAUNA SILVESTRE,"PROTEÇÃO DAS ÁREAS AMBIENTALMENTE CONSERVADAS, DA FAUNA E DA BIODIVERSIDADE FLORESTAL"
2025,1370,SECRETARIA DE ESTADO DE MEIO AMBIENTE E DESENVOLVIMENTO SUSTENTÁVEL - SEMAD,3,0,2101,INSTITUTO ESTADUAL DE FLORESTAS - IEF,3,3,90,30,72,1,10275,18,541,31,4,58,4058,1,2617383.00,2617383.00,2617383.00,0,PROTEÇÃO E CONSERVAÇÃO DA FAUNA SILVESTRE,"PROTEÇÃO DAS ÁREAS AMBIENTALMENTE CONSERVADAS, DA FAUNA E DA BIODIVERSIDADE FLORESTAL"
2025,1370,SECRETARIA DE ESTADO DE MEIO AMBIENTE E DESENVOLVIMENTO SUSTENTÁVEL - SEMAD,3,0,2101,INSTITUTO ESTADUAL DE FLORESTAS - IEF,3,3,90,33,72,1,10275,18,541,31,4,58,4058,1,17200.00,17200.00,17200.00,0,PROTEÇÃO E CONSERVAÇÃO DA FAUNA SILVESTRE,"PROTEÇÃO DAS ÁREAS AMBIENTALMENTE CONSERVADAS, DA FAUNA E DA BIODIVERSIDADE FLORESTAL"
2025,1370,SECRETARIA DE ESTADO DE MEIO AMBIENTE E DESENVOLVIMENTO SUSTENTÁVEL - SEMAD,3,0,2101,INSTITUTO ESTADUAL DE FLORESTAS - IEF,3,3,90,36,72,1,10275,18,541,31,4,58,4058,1,10320.00,10320.00,10320.00,0,PROTEÇÃO E CONSERVAÇÃO DA FAUNA SILVESTRE,"PROTEÇÃO DAS ÁREAS AMBIENTALMENTE CONSERVADAS, DA FAUNA E DA BIODIVERSIDADE FLORESTAL"
2025,1370,SECRETARIA DE ESTADO DE MEIO AMBIENTE E DESENVOLVIMENTO SUSTENTÁVEL - SEMAD,3,0,2101,INSTITUTO ESTADUAL DE FLORESTAS - IEF,3,3,90,37,72,1,10275,18,541,31,4,58,4058,1,251591.00,251591.00,251591.00,0,PROTEÇÃO E CONSERVAÇÃO DA FAUNA SILVESTRE,"PROTEÇÃO DAS ÁREAS AMBIENTALMENTE CONSERVADAS, DA FAUNA E DA BIODIVERSIDADE FLORESTAL"
2025,1370,SECRETARIA DE ESTADO DE MEIO AMBIENTE E DESENVOLVIMENTO SUSTENTÁVEL - SEMAD,3,0,2101,INSTITUTO ESTADUAL DE FLORESTAS - IEF,3,3,90,39,24,1,10275,18,541,31,4,58,4058,1,552090.00,552090.00,552090.00,0,PROTEÇÃO E CONSERVAÇÃO DA FAUNA SILVESTRE,"PROTEÇÃO DAS ÁREAS AMBIENTALMENTE CONSERVADAS, DA FAUNA E DA BIODIVERSIDADE FLORESTAL"
2025,1370,SECRETARIA DE ESTADO DE MEIO AMBIENTE E DESENVOLVIMENTO SUSTENTÁVEL - SEMAD,3,0,2101,INSTITUTO ESTADUAL DE FLORESTAS - IEF,3,3,90,39,72,1,10275,18,541,31,4,58,4058,1,501863.00,501863.00,501863.00,0,PROTEÇÃO E CONSERVAÇÃO DA FAUNA SILVESTRE,"PROTEÇÃO DAS ÁREAS AMBIENTALMENTE CONSERVADAS, DA FAUNA E DA BIODIVERSIDADE FLORESTAL"
2025,1370,SECRETARIA DE ESTADO DE MEIO AMBIENTE E DESENVOLVIMENTO SUSTENTÁVEL - SEMAD,3,0,2101,INSTITUTO ESTADUAL DE FLORESTAS - IEF,3,3,90,39,72,3,10275,18,541,31,4,58,4058,1,10385.00,10385.00,10385.00,0,PROTEÇÃO E CONSERVAÇÃO DA FAUNA SILVESTRE,"PROTEÇÃO DAS ÁREAS AMBIENTALMENTE CONSERVADAS, DA FAUNA E DA BIODIVERSIDADE FLORESTAL"
2025,1370,SECRETARIA DE ESTADO DE MEIO AMBIENTE E DESENVOLVIMENTO SUSTENTÁVEL - SEMAD,3,0,2101,INSTITUTO ESTADUAL DE FLORESTAS - IEF,3,3,99,99,10,8,10275,18,541,31,4,58,4058,1,800000.00,800000.00,801000.00,0,PROTEÇÃO E CONSERVAÇÃO DA FAUNA SILVESTRE,"PROTEÇÃO DAS ÁREAS AMBIENTALMENTE CONSERVADAS, DA FAUNA E DA BIODIVERSIDADE FLORESTAL"
2025,1370,SECRETARIA DE ESTADO DE MEIO AMBIENTE E DESENVOLVIMENTO SUSTENTÁVEL - SEMAD,3,0,2101,INSTITUTO ESTADUAL DE FLORESTAS - IEF,4,4,90,52,72,1,10275,18,541,31,4,58,4058,1,4839.00,4839.00,4839.00,0,PROTEÇÃO E CONSERVAÇÃO DA FAUNA SILVESTRE,"PROTEÇÃO DAS ÁREAS AMBIENTALMENTE CONSERVADAS, DA FAUNA E DA BIODIVERSIDADE FLORESTAL"
2025,1370,SECRETARIA DE ESTADO DE MEIO AMBIENTE E DESENVOLVIMENTO SUSTENTÁVEL - SEMAD,3,0,2101,INSTITUTO ESTADUAL DE FLORESTAS - IEF,3,3,90,14,72,1,10276,18,541,31,4,59,4059,1,209625.00,209625.00,209625.00,0,GESTÃO DE UNIDADES E CONSERVAÇÃO,"PROTEÇÃO DAS ÁREAS AMBIENTALMENTE CONSERVADAS, DA FAUNA E DA BIODIVERSIDADE FLORESTAL"
2025,1370,SECRETARIA DE ESTADO DE MEIO AMBIENTE E DESENVOLVIMENTO SUSTENTÁVEL - SEMAD,3,0,2101,INSTITUTO ESTADUAL DE FLORESTAS - IEF,3,3,90,33,72,1,10276,18,541,31,4,59,4059,1,12100.00,12100.00,12100.00,0,GESTÃO DE UNIDADES E CONSERVAÇÃO,"PROTEÇÃO DAS ÁREAS AMBIENTALMENTE CONSERVADAS, DA FAUNA E DA BIODIVERSIDADE FLORESTAL"
2025,1370,SECRETARIA DE ESTADO DE MEIO AMBIENTE E DESENVOLVIMENTO SUSTENTÁVEL - SEMAD,3,0,2101,INSTITUTO ESTADUAL DE FLORESTAS - IEF,3,3,90,36,72,1,10276,18,541,31,4,59,4059,1,43998.00,43998.00,43998.00,0,GESTÃO DE UNIDADES E CONSERVAÇÃO,"PROTEÇÃO DAS ÁREAS AMBIENTALMENTE CONSERVADAS, DA FAUNA E DA BIODIVERSIDADE FLORESTAL"
2025,1370,SECRETARIA DE ESTADO DE MEIO AMBIENTE E DESENVOLVIMENTO SUSTENTÁVEL - SEMAD,3,0,2101,INSTITUTO ESTADUAL DE FLORESTAS - IEF,3,3,90,37,61,1,10276,18,541,31,4,59,4059,1,1150000.00,1150000.00,1150000.00,0,GESTÃO DE UNIDADES E CONSERVAÇÃO,"PROTEÇÃO DAS ÁREAS AMBIENTALMENTE CONSERVADAS, DA FAUNA E DA BIODIVERSIDADE FLORESTAL"
2025,1370,SECRETARIA DE ESTADO DE MEIO AMBIENTE E DESENVOLVIMENTO SUSTENTÁVEL - SEMAD,3,0,2101,INSTITUTO ESTADUAL DE FLORESTAS - IEF,3,3,90,37,72,1,10276,18,541,31,4,59,4059,1,35560312.00,35560312.00,35560312.00,0,GESTÃO DE UNIDADES E CONSERVAÇÃO,"PROTEÇÃO DAS ÁREAS AMBIENTALMENTE CONSERVADAS, DA FAUNA E DA BIODIVERSIDADE FLORESTAL"
2025,1370,SECRETARIA DE ESTADO DE MEIO AMBIENTE E DESENVOLVIMENTO SUSTENTÁVEL - SEMAD,3,0,2101,INSTITUTO ESTADUAL DE FLORESTAS - IEF,3,3,90,39,72,1,10276,18,541,31,4,59,4059,1,3408815.00,3408815.00,3408815.00,0,GESTÃO DE UNIDADES E CONSERVAÇÃO,"PROTEÇÃO DAS ÁREAS AMBIENTALMENTE CONSERVADAS, DA FAUNA E DA BIODIVERSIDADE FLORESTAL"
2025,1370,SECRETARIA DE ESTADO DE MEIO AMBIENTE E DESENVOLVIMENTO SUSTENTÁVEL - SEMAD,3,0,2101,INSTITUTO ESTADUAL DE FLORESTAS - IEF,3,3,90,39,80,1,10276,18,541,31,4,59,4059,1,200149234.00,200149234.00,200149234.00,0,GESTÃO DE UNIDADES E CONSERVAÇÃO,"PROTEÇÃO DAS ÁREAS AMBIENTALMENTE CONSERVADAS, DA FAUNA E DA BIODIVERSIDADE FLORESTAL"
2025,1370,SECRETARIA DE ESTADO DE MEIO AMBIENTE E DESENVOLVIMENTO SUSTENTÁVEL - SEMAD,3,0,2101,INSTITUTO ESTADUAL DE FLORESTAS - IEF,3,3,90,40,72,1,10276,18,541,31,4,59,4059,1,1254034.00,1254034.00,1254034.00,0,GESTÃO DE UNIDADES E CONSERVAÇÃO,"PROTEÇÃO DAS ÁREAS AMBIENTALMENTE CONSERVADAS, DA FAUNA E DA BIODIVERSIDADE FLORESTAL"
2025,1370,SECRETARIA DE ESTADO DE MEIO AMBIENTE E DESENVOLVIMENTO SUSTENTÁVEL - SEMAD,3,0,2101,INSTITUTO ESTADUAL DE FLORESTAS - IEF,3,3,90,47,72,1,10276,18,541,31,4,59,4059,1,3000.00,3000.00,3000.00,0,GESTÃO DE UNIDADES E CONSERVAÇÃO,"PROTEÇÃO DAS ÁREAS AMBIENTALMENTE CONSERVADAS, DA FAUNA E DA BIODIVERSIDADE FLORESTAL"
2025,1370,SECRETARIA DE ESTADO DE MEIO AMBIENTE E DESENVOLVIMENTO SUSTENTÁVEL - SEMAD,3,0,2101,INSTITUTO ESTADUAL DE FLORESTAS - IEF,3,3,99,99,10,8,10276,18,541,31,4,59,4059,1,400000.00,400000.00,401000.00,0,GESTÃO DE UNIDADES E CONSERVAÇÃO,"PROTEÇÃO DAS ÁREAS AMBIENTALMENTE CONSERVADAS, DA FAUNA E DA BIODIVERSIDADE FLORESTAL"
2025,1370,SECRETARIA DE ESTADO DE MEIO AMBIENTE E DESENVOLVIMENTO SUSTENTÁVEL - SEMAD,3,0,2101,INSTITUTO ESTADUAL DE FLORESTAS - IEF,4,4,90,51,24,1,10276,18,541,31,4,59,4059,1,517132.00,517132.00,517132.00,0,GESTÃO DE UNIDADES E CONSERVAÇÃO,"PROTEÇÃO DAS ÁREAS AMBIENTALMENTE CONSERVADAS, DA FAUNA E DA BIODIVERSIDADE FLORESTAL"
2025,1370,SECRETARIA DE ESTADO DE MEIO AMBIENTE E DESENVOLVIMENTO SUSTENTÁVEL - SEMAD,3,0,2101,INSTITUTO ESTADUAL DE FLORESTAS - IEF,4,4,90,51,61,1,10276,18,541,31,4,59,4059,1,1500000.00,1500000.00,1500000.00,0,GESTÃO DE UNIDADES E CONSERVAÇÃO,"PROTEÇÃO DAS ÁREAS AMBIENTALMENTE CONSERVADAS, DA FAUNA E DA BIODIVERSIDADE FLORESTAL"
2025,1370,SECRETARIA DE ESTADO DE MEIO AMBIENTE E DESENVOLVIMENTO SUSTENTÁVEL - SEMAD,3,0,2101,INSTITUTO ESTADUAL DE FLORESTAS - IEF,4,4,90,51,72,3,10276,18,541,31,4,59,4059,1,10000.00,10000.00,10000.00,0,GESTÃO DE UNIDADES E CONSERVAÇÃO,"PROTEÇÃO DAS ÁREAS AMBIENTALMENTE CONSERVADAS, DA FAUNA E DA BIODIVERSIDADE FLORESTAL"
2025,1370,SECRETARIA DE ESTADO DE MEIO AMBIENTE E DESENVOLVIMENTO SUSTENTÁVEL - SEMAD,3,0,2101,INSTITUTO ESTADUAL DE FLORESTAS - IEF,4,4,99,99,10,8,10276,18,541,31,4,59,4059,1,1000000.00,1000000.00,1000000.00,0,GESTÃO DE UNIDADES E CONSERVAÇÃO,"PROTEÇÃO DAS ÁREAS AMBIENTALMENTE CONSERVADAS, DA FAUNA E DA BIODIVERSIDADE FLORESTAL"
2025,1370,SECRETARIA DE ESTADO DE MEIO AMBIENTE E DESENVOLVIMENTO SUSTENTÁVEL - SEMAD,3,0,2101,INSTITUTO ESTADUAL DE FLORESTAS - IEF,3,3,99,99,10,8,11201,18,541,31,4,500,4500,1,1000.00,1000.00,1000.00,0,REGULARIZAÇÃO FUNDIÁRIA DE UNIDADES DE CONSERVAÇÃO,"PROTEÇÃO DAS ÁREAS AMBIENTALMENTE CONSERVADAS, DA FAUNA E DA BIODIVERSIDADE FLORESTAL"
2025,1370,SECRETARIA DE ESTADO DE MEIO AMBIENTE E DESENVOLVIMENTO SUSTENTÁVEL - SEMAD,3,0,2101,INSTITUTO ESTADUAL DE FLORESTAS - IEF,4,5,90,61,61,1,11201,18,541,31,4,500,4500,1,16150000.00,16150000.00,16150000.00,0,REGULARIZAÇÃO FUNDIÁRIA DE UNIDADES DE CONSERVAÇÃO,"PROTEÇÃO DAS ÁREAS AMBIENTALMENTE CONSERVADAS, DA FAUNA E DA BIODIVERSIDADE FLORESTAL"
2025,1370,SECRETARIA DE ESTADO DE MEIO AMBIENTE E DESENVOLVIMENTO SUSTENTÁVEL - SEMAD,3,0,2101,INSTITUTO ESTADUAL DE FLORESTAS - IEF,3,3,90,14,72,1,10335,18,541,46,4,91,4091,1,4000.00,4000.00,4000.00,0,GESTÃO DE AERONAVES DO SISEMA,SUPORTE AÉREO AOS SERVIÇOS PÚBLICOS ESTADUAIS
2025,1370,SECRETARIA DE ESTADO DE MEIO AMBIENTE E DESENVOLVIMENTO SUSTENTÁVEL - SEMAD,3,0,2101,INSTITUTO ESTADUAL DE FLORESTAS - IEF,3,3,90,15,72,1,10335,18,541,46,4,91,4091,1,460000.00,460000.00,460000.00,0,GESTÃO DE AERONAVES DO SISEMA,SUPORTE AÉREO AOS SERVIÇOS PÚBLICOS ESTADUAIS
2025,1370,SECRETARIA DE ESTADO DE MEIO AMBIENTE E DESENVOLVIMENTO SUSTENTÁVEL - SEMAD,3,0,2101,INSTITUTO ESTADUAL DE FLORESTAS - IEF,3,3,90,30,72,1,10335,18,541,46,4,91,4091,1,1467000.00,1467000.00,1467000.00,0,GESTÃO DE AERONAVES DO SISEMA,SUPORTE AÉREO AOS SERVIÇOS PÚBLICOS ESTADUAIS
2025,1370,SECRETARIA DE ESTADO DE MEIO AMBIENTE E DESENVOLVIMENTO SUSTENTÁVEL - SEMAD,3,0,2101,INSTITUTO ESTADUAL DE FLORESTAS - IEF,3,3,90,33,72,1,10335,18,541,46,4,91,4091,1,3295.00,3295.00,3295.00,0,GESTÃO DE AERONAVES DO SISEMA,SUPORTE AÉREO AOS SERVIÇOS PÚBLICOS ESTADUAIS
2025,1370,SECRETARIA DE ESTADO DE MEIO AMBIENTE E DESENVOLVIMENTO SUSTENTÁVEL - SEMAD,3,0,2101,INSTITUTO ESTADUAL DE FLORESTAS - IEF,3,3,90,37,72,1,10335,18,541,46,4,91,4091,1,20000.00,20000.00,20000.00,0,GESTÃO DE AERONAVES DO SISEMA,SUPORTE AÉREO AOS SERVIÇOS PÚBLICOS ESTADUAIS
2025,1370,SECRETARIA DE ESTADO DE MEIO AMBIENTE E DESENVOLVIMENTO SUSTENTÁVEL - SEMAD,3,0,2101,INSTITUTO ESTADUAL DE FLORESTAS - IEF,3,3,90,39,72,1,10335,18,541,46,4,91,4091,1,4080000.00,4080000.00,4080000.00,0,GESTÃO DE AERONAVES DO SISEMA,SUPORTE AÉREO AOS SERVIÇOS PÚBLICOS ESTADUAIS
2025,1370,SECRETARIA DE ESTADO DE MEIO AMBIENTE E DESENVOLVIMENTO SUSTENTÁVEL - SEMAD,3,0,2101,INSTITUTO ESTADUAL DE FLORESTAS - IEF,3,3,90,40,72,1,10335,18,541,46,4,91,4091,1,100000.00,100000.00,100000.00,0,GESTÃO DE AERONAVES DO SISEMA,SUPORTE AÉREO AOS SERVIÇOS PÚBLICOS ESTADUAIS
2025,1370,SECRETARIA DE ESTADO DE MEIO AMBIENTE E DESENVOLVIMENTO SUSTENTÁVEL - SEMAD,3,0,2101,INSTITUTO ESTADUAL DE FLORESTAS - IEF,3,3,90,14,72,1,10272,18,542,31,4,55,4055,1,134160.00,134160.00,134160.00,0,CONTROLE E MONITORAMENTO DE ATIVIDADES FLORESTAIS,"PROTEÇÃO DAS ÁREAS AMBIENTALMENTE CONSERVADAS, DA FAUNA E DA BIODIVERSIDADE FLORESTAL"
2025,1370,SECRETARIA DE ESTADO DE MEIO AMBIENTE E DESENVOLVIMENTO SUSTENTÁVEL - SEMAD,3,0,2101,INSTITUTO ESTADUAL DE FLORESTAS - IEF,3,3,90,33,72,1,10272,18,542,31,4,55,4055,1,25500.00,25500.00,25500.00,0,CONTROLE E MONITORAMENTO DE ATIVIDADES FLORESTAIS,"PROTEÇÃO DAS ÁREAS AMBIENTALMENTE CONSERVADAS, DA FAUNA E DA BIODIVERSIDADE FLORESTAL"
2025,1370,SECRETARIA DE ESTADO DE MEIO AMBIENTE E DESENVOLVIMENTO SUSTENTÁVEL - SEMAD,3,0,2101,INSTITUTO ESTADUAL DE FLORESTAS - IEF,3,3,90,36,72,1,10272,18,542,31,4,55,4055,1,394422.00,394422.00,394422.00,0,CONTROLE E MONITORAMENTO DE ATIVIDADES FLORESTAIS,"PROTEÇÃO DAS ÁREAS AMBIENTALMENTE CONSERVADAS, DA FAUNA E DA BIODIVERSIDADE FLORESTAL"
2025,1370,SECRETARIA DE ESTADO DE MEIO AMBIENTE E DESENVOLVIMENTO SUSTENTÁVEL - SEMAD,3,0,2101,INSTITUTO ESTADUAL DE FLORESTAS - IEF,3,3,90,39,72,1,10272,18,542,31,4,55,4055,1,1616518.00,1616518.00,1616518.00,0,CONTROLE E MONITORAMENTO DE ATIVIDADES FLORESTAIS,"PROTEÇÃO DAS ÁREAS AMBIENTALMENTE CONSERVADAS, DA FAUNA E DA BIODIVERSIDADE FLORESTAL"
2025,1370,SECRETARIA DE ESTADO DE MEIO AMBIENTE E DESENVOLVIMENTO SUSTENTÁVEL - SEMAD,3,0,2101,INSTITUTO ESTADUAL DE FLORESTAS - IEF,3,3,90,40,72,1,10272,18,542,31,4,55,4055,1,752420.00,752420.00,752420.00,0,CONTROLE E MONITORAMENTO DE ATIVIDADES FLORESTAIS,"PROTEÇÃO DAS ÁREAS AMBIENTALMENTE CONSERVADAS, DA FAUNA E DA BIODIVERSIDADE FLORESTAL"
2025,1370,SECRETARIA DE ESTADO DE MEIO AMBIENTE E DESENVOLVIMENTO SUSTENTÁVEL - SEMAD,3,0,2101,INSTITUTO ESTADUAL DE FLORESTAS - IEF,3,3,90,47,72,1,10272,18,542,31,4,55,4055,1,12000.00,12000.00,12000.00,0,CONTROLE E MONITORAMENTO DE ATIVIDADES FLORESTAIS,"PROTEÇÃO DAS ÁREAS AMBIENTALMENTE CONSERVADAS, DA FAUNA E DA BIODIVERSIDADE FLORESTAL"
2025,1370,SECRETARIA DE ESTADO DE MEIO AMBIENTE E DESENVOLVIMENTO SUSTENTÁVEL - SEMAD,3,0,2101,INSTITUTO ESTADUAL DE FLORESTAS - IEF,3,3,90,14,61,1,10273,18,543,31,4,56,4056,1,192855.00,192855.00,192855.00,0,RECUPERAÇÃO AMBIENTAL,"PROTEÇÃO DAS ÁREAS AMBIENTALMENTE CONSERVADAS, DA FAUNA E DA BIODIVERSIDADE FLORESTAL"
2025,1370,SECRETARIA DE ESTADO DE MEIO AMBIENTE E DESENVOLVIMENTO SUSTENTÁVEL - SEMAD,3,0,2101,INSTITUTO ESTADUAL DE FLORESTAS - IEF,3,3,90,30,61,1,10273,18,543,31,4,56,4056,1,487935.00,487935.00,487935.00,0,RECUPERAÇÃO AMBIENTAL,"PROTEÇÃO DAS ÁREAS AMBIENTALMENTE CONSERVADAS, DA FAUNA E DA BIODIVERSIDADE FLORESTAL"
2025,1370,SECRETARIA DE ESTADO DE MEIO AMBIENTE E DESENVOLVIMENTO SUSTENTÁVEL - SEMAD,3,0,2101,INSTITUTO ESTADUAL DE FLORESTAS - IEF,3,3,90,33,61,1,10273,18,543,31,4,56,4056,1,16700.00,16700.00,16700.00,0,RECUPERAÇÃO AMBIENTAL,"PROTEÇÃO DAS ÁREAS AMBIENTALMENTE CONSERVADAS, DA FAUNA E DA BIODIVERSIDADE FLORESTAL"
2025,1370,SECRETARIA DE ESTADO DE MEIO AMBIENTE E DESENVOLVIMENTO SUSTENTÁVEL - SEMAD,3,0,2101,INSTITUTO ESTADUAL DE FLORESTAS - IEF,3,3,90,36,61,1,10273,18,543,31,4,56,4056,1,4800.00,4800.00,4800.00,0,RECUPERAÇÃO AMBIENTAL,"PROTEÇÃO DAS ÁREAS AMBIENTALMENTE CONSERVADAS, DA FAUNA E DA BIODIVERSIDADE FLORESTAL"
2025,1370,SECRETARIA DE ESTADO DE MEIO AMBIENTE E DESENVOLVIMENTO SUSTENTÁVEL - SEMAD,3,0,2101,INSTITUTO ESTADUAL DE FLORESTAS - IEF,3,3,90,37,61,1,10273,18,543,31,4,56,4056,1,2476875.00,2476875.00,2476875.00,0,RECUPERAÇÃO AMBIENTAL,"PROTEÇÃO DAS ÁREAS AMBIENTALMENTE CONSERVADAS, DA FAUNA E DA BIODIVERSIDADE FLORESTAL"
2025,1370,SECRETARIA DE ESTADO DE MEIO AMBIENTE E DESENVOLVIMENTO SUSTENTÁVEL - SEMAD,3,0,2101,INSTITUTO ESTADUAL DE FLORESTAS - IEF,3,3,90,39,9,1,10273,18,543,31,4,56,4056,1,832694.00,832694.00,832694.00,0,RECUPERAÇÃO AMBIENTAL,"PROTEÇÃO DAS ÁREAS AMBIENTALMENTE CONSERVADAS, DA FAUNA E DA BIODIVERSIDADE FLORESTAL"
2025,1370,SECRETARIA DE ESTADO DE MEIO AMBIENTE E DESENVOLVIMENTO SUSTENTÁVEL - SEMAD,3,0,2101,INSTITUTO ESTADUAL DE FLORESTAS - IEF,3,3,90,39,61,1,10273,18,543,31,4,56,4056,1,576252.00,576252.00,576252.00,0,RECUPERAÇÃO AMBIENTAL,"PROTEÇÃO DAS ÁREAS AMBIENTALMENTE CONSERVADAS, DA FAUNA E DA BIODIVERSIDADE FLORESTAL"
2025,1370,SECRETARIA DE ESTADO DE MEIO AMBIENTE E DESENVOLVIMENTO SUSTENTÁVEL - SEMAD,3,0,2101,INSTITUTO ESTADUAL DE FLORESTAS - IEF,3,3,90,40,61,1,10273,18,543,31,4,56,4056,1,250807.00,250807.00,250807.00,0,RECUPERAÇÃO AMBIENTAL,"PROTEÇÃO DAS ÁREAS AMBIENTALMENTE CONSERVADAS, DA FAUNA E DA BIODIVERSIDADE FLORESTAL"
2025,1370,SECRETARIA DE ESTADO DE MEIO AMBIENTE E DESENVOLVIMENTO SUSTENTÁVEL - SEMAD,3,0,2101,INSTITUTO ESTADUAL DE FLORESTAS - IEF,3,3,99,99,10,8,10273,18,543,31,4,56,4056,1,1000.00,1000.00,1000.00,0,RECUPERAÇÃO AMBIENTAL,"PROTEÇÃO DAS ÁREAS AMBIENTALMENTE CONSERVADAS, DA FAUNA E DA BIODIVERSIDADE FLORESTAL"
2025,1370,SECRETARIA DE ESTADO DE MEIO AMBIENTE E DESENVOLVIMENTO SUSTENTÁVEL - SEMAD,3,0,2101,INSTITUTO ESTADUAL DE FLORESTAS - IEF,3,1,90,91,60,9,1399,28,846,705,7,4,7004,1,2741667.00,2741667.00,2741667.00,0,PRECATÓRIOS E SENTENÇAS JUDICIÁRIAS,APOIO ÀS POLÍTICAS PÚBLICAS
2025,1370,SECRETARIA DE ESTADO DE MEIO AMBIENTE E DESENVOLVIMENTO SUSTENTÁVEL - SEMAD,3,0,2101,INSTITUTO ESTADUAL DE FLORESTAS - IEF,3,3,90,91,60,9,1399,28,846,705,7,4,7004,1,77111.00,77111.00,77111.00,0,PRECATÓRIOS E SENTENÇAS JUDICIÁRIAS,APOIO ÀS POLÍTICAS PÚBLICAS
2025,1370,SECRETARIA DE ESTADO DE MEIO AMBIENTE E DESENVOLVIMENTO SUSTENTÁVEL - SEMAD,3,0,2241,INSTITUTO MINEIRO DE GESTÃO DAS ÁGUAS - IGAM,3,1,90,4,60,1,11161,18,122,705,2,417,2417,1,494080.00,494080.00,494080.00,0,REMUNERAÇÃO DE PESSOAL ATIVO E ENCARGOS SOCIAIS,APOIO ÀS POLÍTICAS PÚBLICAS
2025,1370,SECRETARIA DE ESTADO DE MEIO AMBIENTE E DESENVOLVIMENTO SUSTENTÁVEL - SEMAD,3,0,2241,INSTITUTO MINEIRO DE GESTÃO DAS ÁGUAS - IGAM,3,1,90,4,72,1,11161,18,122,705,2,417,2417,1,113193.00,113193.00,113193.00,0,REMUNERAÇÃO DE PESSOAL ATIVO E ENCARGOS SOCIAIS,APOIO ÀS POLÍTICAS PÚBLICAS
2025,1370,SECRETARIA DE ESTADO DE MEIO AMBIENTE E DESENVOLVIMENTO SUSTENTÁVEL - SEMAD,3,0,2241,INSTITUTO MINEIRO DE GESTÃO DAS ÁGUAS - IGAM,3,1,90,11,60,1,11161,18,122,705,2,417,2417,1,837887.00,837887.00,837887.00,0,REMUNERAÇÃO DE PESSOAL ATIVO E ENCARGOS SOCIAIS,APOIO ÀS POLÍTICAS PÚBLICAS
2025,1370,SECRETARIA DE ESTADO DE MEIO AMBIENTE E DESENVOLVIMENTO SUSTENTÁVEL - SEMAD,3,0,2241,INSTITUTO MINEIRO DE GESTÃO DAS ÁGUAS - IGAM,3,1,90,11,72,1,11161,18,122,705,2,417,2417,1,18371826.00,18371826.00,18371826.00,0,REMUNERAÇÃO DE PESSOAL ATIVO E ENCARGOS SOCIAIS,APOIO ÀS POLÍTICAS PÚBLICAS
2025,1370,SECRETARIA DE ESTADO DE MEIO AMBIENTE E DESENVOLVIMENTO SUSTENTÁVEL - SEMAD,3,0,2241,INSTITUTO MINEIRO DE GESTÃO DAS ÁGUAS - IGAM,3,1,90,16,60,1,11161,18,122,705,2,417,2417,1,33382.00,33382.00,33382.00,0,REMUNERAÇÃO DE PESSOAL ATIVO E ENCARGOS SOCIAIS,APOIO ÀS POLÍTICAS PÚBLICAS
2025,1370,SECRETARIA DE ESTADO DE MEIO AMBIENTE E DESENVOLVIMENTO SUSTENTÁVEL - SEMAD,3,0,2241,INSTITUTO MINEIRO DE GESTÃO DAS ÁGUAS - IGAM,3,1,91,4,72,1,11161,18,122,705,2,417,2417,1,5606.00,5606.00,5606.00,0,REMUNERAÇÃO DE PESSOAL ATIVO E ENCARGOS SOCIAIS,APOIO ÀS POLÍTICAS PÚBLICAS
2025,1370,SECRETARIA DE ESTADO DE MEIO AMBIENTE E DESENVOLVIMENTO SUSTENTÁVEL - SEMAD,3,0,2241,INSTITUTO MINEIRO DE GESTÃO DAS ÁGUAS - IGAM,3,1,91,13,72,1,11161,18,122,705,2,417,2417,1,8168434.00,8168434.00,8168434.00,0,REMUNERAÇÃO DE PESSOAL ATIVO E ENCARGOS SOCIAIS,APOIO ÀS POLÍTICAS PÚBLICAS
2025,1370,SECRETARIA DE ESTADO DE MEIO AMBIENTE E DESENVOLVIMENTO SUSTENTÁVEL - SEMAD,3,0,2241,INSTITUTO MINEIRO DE GESTÃO DAS ÁGUAS - IGAM,3,3,90,46,72,7,11161,18,122,705,2,417,2417,1,4067542.00,4067542.00,4067542.00,0,REMUNERAÇÃO DE PESSOAL ATIVO E ENCARGOS SOCIAIS,APOIO ÀS POLÍTICAS PÚBLICAS
2025,1370,SECRETARIA DE ESTADO DE MEIO AMBIENTE E DESENVOLVIMENTO SUSTENTÁVEL - SEMAD,3,0,2241,INSTITUTO MINEIRO DE GESTÃO DAS ÁGUAS - IGAM,3,3,90,49,72,7,11161,18,122,705,2,417,2417,1,42327.00,42327.00,42327.00,0,REMUNERAÇÃO DE PESSOAL ATIVO E ENCARGOS SOCIAIS,APOIO ÀS POLÍTICAS PÚBLICAS
2025,1370,SECRETARIA DE ESTADO DE MEIO AMBIENTE E DESENVOLVIMENTO SUSTENTÁVEL - SEMAD,3,0,2241,INSTITUTO MINEIRO DE GESTÃO DAS ÁGUAS - IGAM,3,3,90,14,72,1,9251,18,122,705,2,500,2500,1,99841.00,99841.00,99841.00,0,ASSESSORAMENTO E GERENCIAMENTO DE POLÍTICAS PÚBLICAS,APOIO ÀS POLÍTICAS PÚBLICAS
2025,1370,SECRETARIA DE ESTADO DE MEIO AMBIENTE E DESENVOLVIMENTO SUSTENTÁVEL - SEMAD,3,0,2241,INSTITUTO MINEIRO DE GESTÃO DAS ÁGUAS - IGAM,3,3,90,30,72,1,9251,18,122,705,2,500,2500,1,209825.00,209825.00,209825.00,0,ASSESSORAMENTO E GERENCIAMENTO DE POLÍTICAS PÚBLICAS,APOIO ÀS POLÍTICAS PÚBLICAS
2025,1370,SECRETARIA DE ESTADO DE MEIO AMBIENTE E DESENVOLVIMENTO SUSTENTÁVEL - SEMAD,3,0,2241,INSTITUTO MINEIRO DE GESTÃO DAS ÁGUAS - IGAM,3,3,90,33,72,1,9251,18,122,705,2,500,2500,1,127500.00,127500.00,127500.00,0,ASSESSORAMENTO E GERENCIAMENTO DE POLÍTICAS PÚBLICAS,APOIO ÀS POLÍTICAS PÚBLICAS
2025,1370,SECRETARIA DE ESTADO DE MEIO AMBIENTE E DESENVOLVIMENTO SUSTENTÁVEL - SEMAD,3,0,2241,INSTITUTO MINEIRO DE GESTÃO DAS ÁGUAS - IGAM,3,3,90,36,72,1,9251,18,122,705,2,500,2500,1,8172.00,8172.00,8172.00,0,ASSESSORAMENTO E GERENCIAMENTO DE POLÍTICAS PÚBLICAS,APOIO ÀS POLÍTICAS PÚBLICAS
2025,1370,SECRETARIA DE ESTADO DE MEIO AMBIENTE E DESENVOLVIMENTO SUSTENTÁVEL - SEMAD,3,0,2241,INSTITUTO MINEIRO DE GESTÃO DAS ÁGUAS - IGAM,3,3,90,37,72,1,9251,18,122,705,2,500,2500,1,728161.00,728161.00,728161.00,0,ASSESSORAMENTO E GERENCIAMENTO DE POLÍTICAS PÚBLICAS,APOIO ÀS POLÍTICAS PÚBLICAS
2025,1370,SECRETARIA DE ESTADO DE MEIO AMBIENTE E DESENVOLVIMENTO SUSTENTÁVEL - SEMAD,3,0,2241,INSTITUTO MINEIRO DE GESTÃO DAS ÁGUAS - IGAM,3,3,90,39,72,1,9251,18,122,705,2,500,2500,1,1027270.00,1027270.00,1027270.00,0,ASSESSORAMENTO E GERENCIAMENTO DE POLÍTICAS PÚBLICAS,APOIO ÀS POLÍTICAS PÚBLICAS
2025,1370,SECRETARIA DE ESTADO DE MEIO AMBIENTE E DESENVOLVIMENTO SUSTENTÁVEL - SEMAD,3,0,2241,INSTITUTO MINEIRO DE GESTÃO DAS ÁGUAS - IGAM,3,3,90,39,73,1,9251,18,122,705,2,500,2500,1,200000.00,200000.00,200000.00,0,ASSESSORAMENTO E GERENCIAMENTO DE POLÍTICAS PÚBLICAS,APOIO ÀS POLÍTICAS PÚBLICAS
2025,1370,SECRETARIA DE ESTADO DE MEIO AMBIENTE E DESENVOLVIMENTO SUSTENTÁVEL - SEMAD,3,0,2241,INSTITUTO MINEIRO DE GESTÃO DAS ÁGUAS - IGAM,3,3,90,40,72,1,9251,18,122,705,2,500,2500,1,126682.00,126682.00,126682.00,0,ASSESSORAMENTO E GERENCIAMENTO DE POLÍTICAS PÚBLICAS,APOIO ÀS POLÍTICAS PÚBLICAS
2025,1370,SECRETARIA DE ESTADO DE MEIO AMBIENTE E DESENVOLVIMENTO SUSTENTÁVEL - SEMAD,3,0,2241,INSTITUTO MINEIRO DE GESTÃO DAS ÁGUAS - IGAM,3,3,90,47,72,1,9251,18,122,705,2,500,2500,1,422000.00,422000.00,422000.00,0,ASSESSORAMENTO E GERENCIAMENTO DE POLÍTICAS PÚBLICAS,APOIO ÀS POLÍTICAS PÚBLICAS
2025,1370,SECRETARIA DE ESTADO DE MEIO AMBIENTE E DESENVOLVIMENTO SUSTENTÁVEL - SEMAD,3,0,2241,INSTITUTO MINEIRO DE GESTÃO DAS ÁGUAS - IGAM,3,3,90,39,72,1,10471,18,544,47,4,200,4200,1,3700000.00,3700000.00,3700000.00,0,PREVENÇÃO DE EVENTOS HIDROMETEOROLÓGICOS CRÍTICOS,SUPORTE ÀS AÇÕES DE COMBATE E RESPOSTA AOS DANOS CAUSADOS PELAS CHUVAS
2025,1370,SECRETARIA DE ESTADO DE MEIO AMBIENTE E DESENVOLVIMENTO SUSTENTÁVEL - SEMAD,3,0,2241,INSTITUTO MINEIRO DE GESTÃO DAS ÁGUAS - IGAM,3,3,90,14,72,1,10452,18,544,65,4,187,4187,1,29190.00,29190.00,29190.00,0,PLANEJAMENTO DE RECURSOS HÍDRICOS,FORTALECIMENTO DA POLÍTICA ESTADUAL DE RECURSOS HÍDRICOS
2025,1370,SECRETARIA DE ESTADO DE MEIO AMBIENTE E DESENVOLVIMENTO SUSTENTÁVEL - SEMAD,3,0,2241,INSTITUTO MINEIRO DE GESTÃO DAS ÁGUAS - IGAM,3,3,90,33,72,1,10452,18,544,65,4,187,4187,1,53000.00,53000.00,53000.00,0,PLANEJAMENTO DE RECURSOS HÍDRICOS,FORTALECIMENTO DA POLÍTICA ESTADUAL DE RECURSOS HÍDRICOS
2025,1370,SECRETARIA DE ESTADO DE MEIO AMBIENTE E DESENVOLVIMENTO SUSTENTÁVEL - SEMAD,3,0,2241,INSTITUTO MINEIRO DE GESTÃO DAS ÁGUAS - IGAM,3,3,90,39,72,1,10452,18,544,65,4,187,4187,1,116028.00,116028.00,116028.00,0,PLANEJAMENTO DE RECURSOS HÍDRICOS,FORTALECIMENTO DA POLÍTICA ESTADUAL DE RECURSOS HÍDRICOS
2025,1370,SECRETARIA DE ESTADO DE MEIO AMBIENTE E DESENVOLVIMENTO SUSTENTÁVEL - SEMAD,3,0,2241,INSTITUTO MINEIRO DE GESTÃO DAS ÁGUAS - IGAM,3,3,90,39,73,1,10452,18,544,65,4,187,4187,1,129596.00,129596.00,129596.00,0,PLANEJAMENTO DE RECURSOS HÍDRICOS,FORTALECIMENTO DA POLÍTICA ESTADUAL DE RECURSOS HÍDRICOS
2025,1370,SECRETARIA DE ESTADO DE MEIO AMBIENTE E DESENVOLVIMENTO SUSTENTÁVEL - SEMAD,3,0,2241,INSTITUTO MINEIRO DE GESTÃO DAS ÁGUAS - IGAM,3,3,99,99,10,8,10452,18,544,65,4,187,4187,1,1000.00,1000.00,1000.00,0,PLANEJAMENTO DE RECURSOS HÍDRICOS,FORTALECIMENTO DA POLÍTICA ESTADUAL DE RECURSOS HÍDRICOS
2025,1370,SECRETARIA DE ESTADO DE MEIO AMBIENTE E DESENVOLVIMENTO SUSTENTÁVEL - SEMAD,3,0,2241,INSTITUTO MINEIRO DE GESTÃO DAS ÁGUAS - IGAM,3,3,20,41,72,1,10453,18,544,65,4,188,4188,1,1151601.00,1151601.00,1151601.00,0,REGULAÇÃO DE RECURSOS HÍDRICOS,FORTALECIMENTO DA POLÍTICA ESTADUAL DE RECURSOS HÍDRICOS
2025,1370,SECRETARIA DE ESTADO DE MEIO AMBIENTE E DESENVOLVIMENTO SUSTENTÁVEL - SEMAD,3,0,2241,INSTITUTO MINEIRO DE GESTÃO DAS ÁGUAS - IGAM,3,3,90,14,72,1,10453,18,544,65,4,188,4188,1,63984.00,63984.00,63984.00,0,REGULAÇÃO DE RECURSOS HÍDRICOS,FORTALECIMENTO DA POLÍTICA ESTADUAL DE RECURSOS HÍDRICOS
2025,1370,SECRETARIA DE ESTADO DE MEIO AMBIENTE E DESENVOLVIMENTO SUSTENTÁVEL - SEMAD,3,0,2241,INSTITUTO MINEIRO DE GESTÃO DAS ÁGUAS - IGAM,3,3,90,33,72,1,10453,18,544,65,4,188,4188,1,160800.00,160800.00,160800.00,0,REGULAÇÃO DE RECURSOS HÍDRICOS,FORTALECIMENTO DA POLÍTICA ESTADUAL DE RECURSOS HÍDRICOS
2025,1370,SECRETARIA DE ESTADO DE MEIO AMBIENTE E DESENVOLVIMENTO SUSTENTÁVEL - SEMAD,3,0,2241,INSTITUTO MINEIRO DE GESTÃO DAS ÁGUAS - IGAM,3,3,90,37,72,1,10453,18,544,65,4,188,4188,1,999633.00,999633.00,999633.00,0,REGULAÇÃO DE RECURSOS HÍDRICOS,FORTALECIMENTO DA POLÍTICA ESTADUAL DE RECURSOS HÍDRICOS
2025,1370,SECRETARIA DE ESTADO DE MEIO AMBIENTE E DESENVOLVIMENTO SUSTENTÁVEL - SEMAD,3,0,2241,INSTITUTO MINEIRO DE GESTÃO DAS ÁGUAS - IGAM,3,3,90,39,72,1,10453,18,544,65,4,188,4188,1,600788.00,600788.00,600788.00,0,REGULAÇÃO DE RECURSOS HÍDRICOS,FORTALECIMENTO DA POLÍTICA ESTADUAL DE RECURSOS HÍDRICOS
2025,1370,SECRETARIA DE ESTADO DE MEIO AMBIENTE E DESENVOLVIMENTO SUSTENTÁVEL - SEMAD,3,0,2241,INSTITUTO MINEIRO DE GESTÃO DAS ÁGUAS - IGAM,3,3,90,39,73,1,10453,18,544,65,4,188,4188,1,103064.00,103064.00,103064.00,0,REGULAÇÃO DE RECURSOS HÍDRICOS,FORTALECIMENTO DA POLÍTICA ESTADUAL DE RECURSOS HÍDRICOS
2025,1370,SECRETARIA DE ESTADO DE MEIO AMBIENTE E DESENVOLVIMENTO SUSTENTÁVEL - SEMAD,3,0,2241,INSTITUTO MINEIRO DE GESTÃO DAS ÁGUAS - IGAM,4,4,90,40,72,1,10453,18,544,65,4,188,4188,1,136555.00,136555.00,136555.00,0,REGULAÇÃO DE RECURSOS HÍDRICOS,FORTALECIMENTO DA POLÍTICA ESTADUAL DE RECURSOS HÍDRICOS
2025,1370,SECRETARIA DE ESTADO DE MEIO AMBIENTE E DESENVOLVIMENTO SUSTENTÁVEL - SEMAD,3,0,2241,INSTITUTO MINEIRO DE GESTÃO DAS ÁGUAS - IGAM,4,4,90,40,73,1,10453,18,544,65,4,188,4188,1,53700.00,53700.00,53700.00,0,REGULAÇÃO DE RECURSOS HÍDRICOS,FORTALECIMENTO DA POLÍTICA ESTADUAL DE RECURSOS HÍDRICOS
2025,1370,SECRETARIA DE ESTADO DE MEIO AMBIENTE E DESENVOLVIMENTO SUSTENTÁVEL - SEMAD,3,0,2241,INSTITUTO MINEIRO DE GESTÃO DAS ÁGUAS - IGAM,4,4,90,52,73,1,10453,18,544,65,4,188,4188,1,20000.00,20000.00,20000.00,0,REGULAÇÃO DE RECURSOS HÍDRICOS,FORTALECIMENTO DA POLÍTICA ESTADUAL DE RECURSOS HÍDRICOS
2025,1370,SECRETARIA DE ESTADO DE MEIO AMBIENTE E DESENVOLVIMENTO SUSTENTÁVEL - SEMAD,3,0,2241,INSTITUTO MINEIRO DE GESTÃO DAS ÁGUAS - IGAM,3,3,50,41,61,1,10454,18,544,65,4,189,4189,1,122327217.00,122327217.00,122327217.00,0,COBRANÇA PELO USO DE RECURSOS HÍDRICOS,FORTALECIMENTO DA POLÍTICA ESTADUAL DE RECURSOS HÍDRICOS
2025,1370,SECRETARIA DE ESTADO DE MEIO AMBIENTE E DESENVOLVIMENTO SUSTENTÁVEL - SEMAD,3,0,2241,INSTITUTO MINEIRO DE GESTÃO DAS ÁGUAS - IGAM,3,3,90,14,61,1,10454,18,544,65,4,189,4189,1,5160.00,5160.00,5160.00,0,COBRANÇA PELO USO DE RECURSOS HÍDRICOS,FORTALECIMENTO DA POLÍTICA ESTADUAL DE RECURSOS HÍDRICOS
2025,1370,SECRETARIA DE ESTADO DE MEIO AMBIENTE E DESENVOLVIMENTO SUSTENTÁVEL - SEMAD,3,0,2241,INSTITUTO MINEIRO DE GESTÃO DAS ÁGUAS - IGAM,3,3,90,14,72,1,10454,18,544,65,4,189,4189,1,37648.00,37648.00,37648.00,0,COBRANÇA PELO USO DE RECURSOS HÍDRICOS,FORTALECIMENTO DA POLÍTICA ESTADUAL DE RECURSOS HÍDRICOS
2025,1370,SECRETARIA DE ESTADO DE MEIO AMBIENTE E DESENVOLVIMENTO SUSTENTÁVEL - SEMAD,3,0,2241,INSTITUTO MINEIRO DE GESTÃO DAS ÁGUAS - IGAM,3,3,90,33,61,1,10454,18,544,65,4,189,4189,1,1200.00,1200.00,1200.00,0,COBRANÇA PELO USO DE RECURSOS HÍDRICOS,FORTALECIMENTO DA POLÍTICA ESTADUAL DE RECURSOS HÍDRICOS
2025,1370,SECRETARIA DE ESTADO DE MEIO AMBIENTE E DESENVOLVIMENTO SUSTENTÁVEL - SEMAD,3,0,2241,INSTITUTO MINEIRO DE GESTÃO DAS ÁGUAS - IGAM,3,3,90,33,72,1,10454,18,544,65,4,189,4189,1,34400.00,34400.00,34400.00,0,COBRANÇA PELO USO DE RECURSOS HÍDRICOS,FORTALECIMENTO DA POLÍTICA ESTADUAL DE RECURSOS HÍDRICOS
2025,1370,SECRETARIA DE ESTADO DE MEIO AMBIENTE E DESENVOLVIMENTO SUSTENTÁVEL - SEMAD,3,0,2241,INSTITUTO MINEIRO DE GESTÃO DAS ÁGUAS - IGAM,3,3,90,37,72,1,10454,18,544,65,4,189,4189,1,168677.00,168677.00,168677.00,0,COBRANÇA PELO USO DE RECURSOS HÍDRICOS,FORTALECIMENTO DA POLÍTICA ESTADUAL DE RECURSOS HÍDRICOS
2025,1370,SECRETARIA DE ESTADO DE MEIO AMBIENTE E DESENVOLVIMENTO SUSTENTÁVEL - SEMAD,3,0,2241,INSTITUTO MINEIRO DE GESTÃO DAS ÁGUAS - IGAM,3,3,90,39,72,1,10454,18,544,65,4,189,4189,1,198845.00,198845.00,198845.00,0,COBRANÇA PELO USO DE RECURSOS HÍDRICOS,FORTALECIMENTO DA POLÍTICA ESTADUAL DE RECURSOS HÍDRICOS
2025,1370,SECRETARIA DE ESTADO DE MEIO AMBIENTE E DESENVOLVIMENTO SUSTENTÁVEL - SEMAD,3,0,2241,INSTITUTO MINEIRO DE GESTÃO DAS ÁGUAS - IGAM,3,3,90,39,73,1,10454,18,544,65,4,189,4189,1,50000.00,50000.00,50000.00,0,COBRANÇA PELO USO DE RECURSOS HÍDRICOS,FORTALECIMENTO DA POLÍTICA ESTADUAL DE RECURSOS HÍDRICOS
2025,1370,SECRETARIA DE ESTADO DE MEIO AMBIENTE E DESENVOLVIMENTO SUSTENTÁVEL - SEMAD,3,0,2241,INSTITUTO MINEIRO DE GESTÃO DAS ÁGUAS - IGAM,3,3,90,40,72,1,10454,18,544,65,4,189,4189,1,8055.00,8055.00,8055.00,0,COBRANÇA PELO USO DE RECURSOS HÍDRICOS,FORTALECIMENTO DA POLÍTICA ESTADUAL DE RECURSOS HÍDRICOS
2025,1370,SECRETARIA DE ESTADO DE MEIO AMBIENTE E DESENVOLVIMENTO SUSTENTÁVEL - SEMAD,3,0,2241,INSTITUTO MINEIRO DE GESTÃO DAS ÁGUAS - IGAM,3,3,90,47,61,1,10454,18,544,65,4,189,4189,1,1235628.00,1235628.00,1235628.00,0,COBRANÇA PELO USO DE RECURSOS HÍDRICOS,FORTALECIMENTO DA POLÍTICA ESTADUAL DE RECURSOS HÍDRICOS
2025,1370,SECRETARIA DE ESTADO DE MEIO AMBIENTE E DESENVOLVIMENTO SUSTENTÁVEL - SEMAD,3,0,2241,INSTITUTO MINEIRO DE GESTÃO DAS ÁGUAS - IGAM,3,3,90,14,72,1,10455,18,544,65,4,190,4190,1,26788.00,26788.00,26788.00,0,FORTALECIMENTO DA GESTÃO PARTICIPATIVA,FORTALECIMENTO DA POLÍTICA ESTADUAL DE RECURSOS HÍDRICOS
2025,1370,SECRETARIA DE ESTADO DE MEIO AMBIENTE E DESENVOLVIMENTO SUSTENTÁVEL - SEMAD,3,0,2241,INSTITUTO MINEIRO DE GESTÃO DAS ÁGUAS - IGAM,3,3,90,33,72,1,10455,18,544,65,4,190,4190,1,66000.00,66000.00,66000.00,0,FORTALECIMENTO DA GESTÃO PARTICIPATIVA,FORTALECIMENTO DA POLÍTICA ESTADUAL DE RECURSOS HÍDRICOS
2025,1370,SECRETARIA DE ESTADO DE MEIO AMBIENTE E DESENVOLVIMENTO SUSTENTÁVEL - SEMAD,3,0,2241,INSTITUTO MINEIRO DE GESTÃO DAS ÁGUAS - IGAM,3,3,90,36,72,1,10455,18,544,65,4,190,4190,1,6580.00,6580.00,6580.00,0,FORTALECIMENTO DA GESTÃO PARTICIPATIVA,FORTALECIMENTO DA POLÍTICA ESTADUAL DE RECURSOS HÍDRICOS
2025,1370,SECRETARIA DE ESTADO DE MEIO AMBIENTE E DESENVOLVIMENTO SUSTENTÁVEL - SEMAD,3,0,2241,INSTITUTO MINEIRO DE GESTÃO DAS ÁGUAS - IGAM,3,3,90,37,72,1,10455,18,544,65,4,190,4190,1,84338.00,84338.00,84338.00,0,FORTALECIMENTO DA GESTÃO PARTICIPATIVA,FORTALECIMENTO DA POLÍTICA ESTADUAL DE RECURSOS HÍDRICOS
2025,1370,SECRETARIA DE ESTADO DE MEIO AMBIENTE E DESENVOLVIMENTO SUSTENTÁVEL - SEMAD,3,0,2241,INSTITUTO MINEIRO DE GESTÃO DAS ÁGUAS - IGAM,3,3,90,39,72,1,10455,18,544,65,4,190,4190,1,92972.00,92972.00,92972.00,0,FORTALECIMENTO DA GESTÃO PARTICIPATIVA,FORTALECIMENTO DA POLÍTICA ESTADUAL DE RECURSOS HÍDRICOS
2025,1370,SECRETARIA DE ESTADO DE MEIO AMBIENTE E DESENVOLVIMENTO SUSTENTÁVEL - SEMAD,3,0,2241,INSTITUTO MINEIRO DE GESTÃO DAS ÁGUAS - IGAM,3,3,90,39,73,1,10455,18,544,65,4,190,4190,1,550000.00,550000.00,550000.00,0,FORTALECIMENTO DA GESTÃO PARTICIPATIVA,FORTALECIMENTO DA POLÍTICA ESTADUAL DE RECURSOS HÍDRICOS
2025,1370,SECRETARIA DE ESTADO DE MEIO AMBIENTE E DESENVOLVIMENTO SUSTENTÁVEL - SEMAD,3,0,2241,INSTITUTO MINEIRO DE GESTÃO DAS ÁGUAS - IGAM,3,3,99,99,10,8,10455,18,544,65,4,190,4190,1,1000.00,1000.00,1000.00,0,FORTALECIMENTO DA GESTÃO PARTICIPATIVA,FORTALECIMENTO DA POLÍTICA ESTADUAL DE RECURSOS HÍDRICOS
2025,1370,SECRETARIA DE ESTADO DE MEIO AMBIENTE E DESENVOLVIMENTO SUSTENTÁVEL - SEMAD,3,0,2241,INSTITUTO MINEIRO DE GESTÃO DAS ÁGUAS - IGAM,3,3,90,13,72,1,10456,18,544,65,4,191,4191,1,82624.00,82624.00,82624.00,0,MONITORAMENTO HIDROMETEOROLOGICO,FORTALECIMENTO DA POLÍTICA ESTADUAL DE RECURSOS HÍDRICOS
2025,1370,SECRETARIA DE ESTADO DE MEIO AMBIENTE E DESENVOLVIMENTO SUSTENTÁVEL - SEMAD,3,0,2241,INSTITUTO MINEIRO DE GESTÃO DAS ÁGUAS - IGAM,3,3,90,14,72,1,10456,18,544,65,4,191,4191,1,266256.00,266256.00,266256.00,0,MONITORAMENTO HIDROMETEOROLOGICO,FORTALECIMENTO DA POLÍTICA ESTADUAL DE RECURSOS HÍDRICOS
2025,1370,SECRETARIA DE ESTADO DE MEIO AMBIENTE E DESENVOLVIMENTO SUSTENTÁVEL - SEMAD,3,0,2241,INSTITUTO MINEIRO DE GESTÃO DAS ÁGUAS - IGAM,3,3,90,30,72,1,10456,18,544,65,4,191,4191,1,28000.00,28000.00,28000.00,0,MONITORAMENTO HIDROMETEOROLOGICO,FORTALECIMENTO DA POLÍTICA ESTADUAL DE RECURSOS HÍDRICOS
2025,1370,SECRETARIA DE ESTADO DE MEIO AMBIENTE E DESENVOLVIMENTO SUSTENTÁVEL - SEMAD,3,0,2241,INSTITUTO MINEIRO DE GESTÃO DAS ÁGUAS - IGAM,3,3,90,33,72,1,10456,18,544,65,4,191,4191,1,10200.00,10200.00,10200.00,0,MONITORAMENTO HIDROMETEOROLOGICO,FORTALECIMENTO DA POLÍTICA ESTADUAL DE RECURSOS HÍDRICOS
2025,1370,SECRETARIA DE ESTADO DE MEIO AMBIENTE E DESENVOLVIMENTO SUSTENTÁVEL - SEMAD,3,0,2241,INSTITUTO MINEIRO DE GESTÃO DAS ÁGUAS - IGAM,3,3,90,36,72,1,10456,18,544,65,4,191,4191,1,413121.00,413121.00,413121.00,0,MONITORAMENTO HIDROMETEOROLOGICO,FORTALECIMENTO DA POLÍTICA ESTADUAL DE RECURSOS HÍDRICOS
2025,1370,SECRETARIA DE ESTADO DE MEIO AMBIENTE E DESENVOLVIMENTO SUSTENTÁVEL - SEMAD,3,0,2241,INSTITUTO MINEIRO DE GESTÃO DAS ÁGUAS - IGAM,3,3,90,37,72,1,10456,18,544,65,4,191,4191,1,842451.00,842451.00,842451.00,0,MONITORAMENTO HIDROMETEOROLOGICO,FORTALECIMENTO DA POLÍTICA ESTADUAL DE RECURSOS HÍDRICOS
2025,1370,SECRETARIA DE ESTADO DE MEIO AMBIENTE E DESENVOLVIMENTO SUSTENTÁVEL - SEMAD,3,0,2241,INSTITUTO MINEIRO DE GESTÃO DAS ÁGUAS - IGAM,3,3,90,39,72,1,10456,18,544,65,4,191,4191,1,5020984.00,5020984.00,5020984.00,0,MONITORAMENTO HIDROMETEOROLOGICO,FORTALECIMENTO DA POLÍTICA ESTADUAL DE RECURSOS HÍDRICOS
2025,1370,SECRETARIA DE ESTADO DE MEIO AMBIENTE E DESENVOLVIMENTO SUSTENTÁVEL - SEMAD,3,0,2241,INSTITUTO MINEIRO DE GESTÃO DAS ÁGUAS - IGAM,3,3,90,39,73,1,10456,18,544,65,4,191,4191,1,3136000.00,3136000.00,3136000.00,0,MONITORAMENTO HIDROMETEOROLOGICO,FORTALECIMENTO DA POLÍTICA ESTADUAL DE RECURSOS HÍDRICOS
2025,1370,SECRETARIA DE ESTADO DE MEIO AMBIENTE E DESENVOLVIMENTO SUSTENTÁVEL - SEMAD,3,0,2241,INSTITUTO MINEIRO DE GESTÃO DAS ÁGUAS - IGAM,3,3,90,40,72,1,10456,18,544,65,4,191,4191,1,19332.00,19332.00,19332.00,0,MONITORAMENTO HIDROMETEOROLOGICO,FORTALECIMENTO DA POLÍTICA ESTADUAL DE RECURSOS HÍDRICOS
2025,1370,SECRETARIA DE ESTADO DE MEIO AMBIENTE E DESENVOLVIMENTO SUSTENTÁVEL - SEMAD,3,0,2241,INSTITUTO MINEIRO DE GESTÃO DAS ÁGUAS - IGAM,3,3,99,99,10,8,10456,18,544,65,4,191,4191,1,1000.00,1000.00,1000.00,0,MONITORAMENTO HIDROMETEOROLOGICO,FORTALECIMENTO DA POLÍTICA ESTADUAL DE RECURSOS HÍDRICOS
2025,1370,SECRETARIA DE ESTADO DE MEIO AMBIENTE E DESENVOLVIMENTO SUSTENTÁVEL - SEMAD,3,0,2241,INSTITUTO MINEIRO DE GESTÃO DAS ÁGUAS - IGAM,4,4,90,52,73,1,10456,18,544,65,4,191,4191,1,48000.00,48000.00,48000.00,0,MONITORAMENTO HIDROMETEOROLOGICO,FORTALECIMENTO DA POLÍTICA ESTADUAL DE RECURSOS HÍDRICOS
2025,1370,SECRETARIA DE ESTADO DE MEIO AMBIENTE E DESENVOLVIMENTO SUSTENTÁVEL - SEMAD,3,0,2241,INSTITUTO MINEIRO DE GESTÃO DAS ÁGUAS - IGAM,3,3,90,14,72,1,10457,18,544,65,4,192,4192,1,51600.00,51600.00,51600.00,0,SEGURANÇA DE BARRAGENS,FORTALECIMENTO DA POLÍTICA ESTADUAL DE RECURSOS HÍDRICOS
2025,1370,SECRETARIA DE ESTADO DE MEIO AMBIENTE E DESENVOLVIMENTO SUSTENTÁVEL - SEMAD,3,0,2241,INSTITUTO MINEIRO DE GESTÃO DAS ÁGUAS - IGAM,3,3,90,30,72,1,10457,18,544,65,4,192,4192,1,600.00,600.00,600.00,0,SEGURANÇA DE BARRAGENS,FORTALECIMENTO DA POLÍTICA ESTADUAL DE RECURSOS HÍDRICOS
2025,1370,SECRETARIA DE ESTADO DE MEIO AMBIENTE E DESENVOLVIMENTO SUSTENTÁVEL - SEMAD,3,0,2241,INSTITUTO MINEIRO DE GESTÃO DAS ÁGUAS - IGAM,3,3,90,33,72,1,10457,18,544,65,4,192,4192,1,22000.00,22000.00,22000.00,0,SEGURANÇA DE BARRAGENS,FORTALECIMENTO DA POLÍTICA ESTADUAL DE RECURSOS HÍDRICOS
2025,1370,SECRETARIA DE ESTADO DE MEIO AMBIENTE E DESENVOLVIMENTO SUSTENTÁVEL - SEMAD,3,0,2241,INSTITUTO MINEIRO DE GESTÃO DAS ÁGUAS - IGAM,3,3,90,37,72,1,10457,18,544,65,4,192,4192,1,84338.00,84338.00,84338.00,0,SEGURANÇA DE BARRAGENS,FORTALECIMENTO DA POLÍTICA ESTADUAL DE RECURSOS HÍDRICOS
2025,1370,SECRETARIA DE ESTADO DE MEIO AMBIENTE E DESENVOLVIMENTO SUSTENTÁVEL - SEMAD,3,0,2241,INSTITUTO MINEIRO DE GESTÃO DAS ÁGUAS - IGAM,3,3,90,39,72,1,10457,18,544,65,4,192,4192,1,393270.00,393270.00,393270.00,0,SEGURANÇA DE BARRAGENS,FORTALECIMENTO DA POLÍTICA ESTADUAL DE RECURSOS HÍDRICOS
2025,1370,SECRETARIA DE ESTADO DE MEIO AMBIENTE E DESENVOLVIMENTO SUSTENTÁVEL - SEMAD,3,0,2241,INSTITUTO MINEIRO DE GESTÃO DAS ÁGUAS - IGAM,3,3,90,39,73,1,10457,18,544,65,4,192,4192,1,50940.00,50940.00,50940.00,0,SEGURANÇA DE BARRAGENS,FORTALECIMENTO DA POLÍTICA ESTADUAL DE RECURSOS HÍDRICOS
2025,1370,SECRETARIA DE ESTADO DE MEIO AMBIENTE E DESENVOLVIMENTO SUSTENTÁVEL - SEMAD,3,0,2241,INSTITUTO MINEIRO DE GESTÃO DAS ÁGUAS - IGAM,4,4,90,40,73,1,10457,18,544,65,4,192,4192,1,70000.00,70000.00,70000.00,0,SEGURANÇA DE BARRAGENS,FORTALECIMENTO DA POLÍTICA ESTADUAL DE RECURSOS HÍDRICOS
2025,1370,SECRETARIA DE ESTADO DE MEIO AMBIENTE E DESENVOLVIMENTO SUSTENTÁVEL - SEMAD,3,0,2241,INSTITUTO MINEIRO DE GESTÃO DAS ÁGUAS - IGAM,3,3,90,14,72,1,10458,18,544,65,4,194,4194,1,18060.00,18060.00,18060.00,0,PROGRAMAS PROJETOS E PESQUISAS EM RECURSOS HÍDRICOS,FORTALECIMENTO DA POLÍTICA ESTADUAL DE RECURSOS HÍDRICOS
2025,1370,SECRETARIA DE ESTADO DE MEIO AMBIENTE E DESENVOLVIMENTO SUSTENTÁVEL - SEMAD,3,0,2241,INSTITUTO MINEIRO DE GESTÃO DAS ÁGUAS - IGAM,3,3,90,33,72,1,10458,18,544,65,4,194,4194,1,6001.00,6001.00,6001.00,0,PROGRAMAS PROJETOS E PESQUISAS EM RECURSOS HÍDRICOS,FORTALECIMENTO DA POLÍTICA ESTADUAL DE RECURSOS HÍDRICOS
2025,1370,SECRETARIA DE ESTADO DE MEIO AMBIENTE E DESENVOLVIMENTO SUSTENTÁVEL - SEMAD,3,0,2241,INSTITUTO MINEIRO DE GESTÃO DAS ÁGUAS - IGAM,3,3,90,36,72,1,10458,18,544,65,4,194,4194,1,2350.00,2350.00,2350.00,0,PROGRAMAS PROJETOS E PESQUISAS EM RECURSOS HÍDRICOS,FORTALECIMENTO DA POLÍTICA ESTADUAL DE RECURSOS HÍDRICOS
2025,1370,SECRETARIA DE ESTADO DE MEIO AMBIENTE E DESENVOLVIMENTO SUSTENTÁVEL - SEMAD,3,0,2241,INSTITUTO MINEIRO DE GESTÃO DAS ÁGUAS - IGAM,3,3,90,39,72,1,10458,18,544,65,4,194,4194,1,39799.00,39799.00,39799.00,0,PROGRAMAS PROJETOS E PESQUISAS EM RECURSOS HÍDRICOS,FORTALECIMENTO DA POLÍTICA ESTADUAL DE RECURSOS HÍDRICOS
2025,1370,SECRETARIA DE ESTADO DE MEIO AMBIENTE E DESENVOLVIMENTO SUSTENTÁVEL - SEMAD,3,0,2241,INSTITUTO MINEIRO DE GESTÃO DAS ÁGUAS - IGAM,3,3,90,39,73,1,10458,18,544,65,4,194,4194,1,200000.00,200000.00,200000.00,0,PROGRAMAS PROJETOS E PESQUISAS EM RECURSOS HÍDRICOS,FORTALECIMENTO DA POLÍTICA ESTADUAL DE RECURSOS HÍDRICOS
2025,1370,SECRETARIA DE ESTADO DE MEIO AMBIENTE E DESENVOLVIMENTO SUSTENTÁVEL - SEMAD,3,0,2241,INSTITUTO MINEIRO DE GESTÃO DAS ÁGUAS - IGAM,3,3,90,40,73,1,10458,18,544,65,4,194,4194,1,136100.00,136100.00,136100.00,0,PROGRAMAS PROJETOS E PESQUISAS EM RECURSOS HÍDRICOS,FORTALECIMENTO DA POLÍTICA ESTADUAL DE RECURSOS HÍDRICOS
2025,1370,SECRETARIA DE ESTADO DE MEIO AMBIENTE E DESENVOLVIMENTO SUSTENTÁVEL - SEMAD,3,0,2241,INSTITUTO MINEIRO DE GESTÃO DAS ÁGUAS - IGAM,3,3,99,99,10,8,10458,18,544,65,4,194,4194,1,1000.00,1000.00,1000.00,0,PROGRAMAS PROJETOS E PESQUISAS EM RECURSOS HÍDRICOS,FORTALECIMENTO DA POLÍTICA ESTADUAL DE RECURSOS HÍDRICOS
2025,1370,SECRETARIA DE ESTADO DE MEIO AMBIENTE E DESENVOLVIMENTO SUSTENTÁVEL - SEMAD,3,0,2241,INSTITUTO MINEIRO DE GESTÃO DAS ÁGUAS - IGAM,3,3,90,35,24,1,10459,18,544,65,4,195,4195,1,4629453.00,4629453.00,4629453.00,0,PROGRAMA ESTRATÉGICO SOMOS TODOS ÁGUA,FORTALECIMENTO DA POLÍTICA ESTADUAL DE RECURSOS HÍDRICOS
2025,1370,SECRETARIA DE ESTADO DE MEIO AMBIENTE E DESENVOLVIMENTO SUSTENTÁVEL - SEMAD,3,0,2241,INSTITUTO MINEIRO DE GESTÃO DAS ÁGUAS - IGAM,3,3,90,35,72,3,10459,18,544,65,4,195,4195,1,105000.00,105000.00,105000.00,0,PROGRAMA ESTRATÉGICO SOMOS TODOS ÁGUA,FORTALECIMENTO DA POLÍTICA ESTADUAL DE RECURSOS HÍDRICOS
2025,1370,SECRETARIA DE ESTADO DE MEIO AMBIENTE E DESENVOLVIMENTO SUSTENTÁVEL - SEMAD,3,0,2241,INSTITUTO MINEIRO DE GESTÃO DAS ÁGUAS - IGAM,3,3,99,99,10,8,10459,18,544,65,4,195,4195,1,1000.00,1000.00,1000.00,0,PROGRAMA ESTRATÉGICO SOMOS TODOS ÁGUA,FORTALECIMENTO DA POLÍTICA ESTADUAL DE RECURSOS HÍDRICOS
2025,1370,SECRETARIA DE ESTADO DE MEIO AMBIENTE E DESENVOLVIMENTO SUSTENTÁVEL - SEMAD,3,0,2241,INSTITUTO MINEIRO DE GESTÃO DAS ÁGUAS - IGAM,3,3,90,91,91,9,2433,28,846,705,7,4,7004,1,1000.00,1000.00,1000.00,0,PRECATÓRIOS E SENTENÇAS JUDICIÁRIAS,APOIO ÀS POLÍTICAS PÚBLICAS
2025,1370,SECRETARIA DE ESTADO DE MEIO AMBIENTE E DESENVOLVIMENTO SUSTENTÁVEL - SEMAD,3,0,2441,AGÊNCIA REGULADORA DE SERVIÇOS DE ABASTECIMENTO DE ÁGUA E DE ESGOTAMENTO SANITÁRIO DO ESTADO DE MINAS GERAIS - ARSAE -MG,3,1,90,7,59,1,11076,17,122,705,2,417,2417,1,8000.00,8000.00,8000.00,0,REMUNERAÇÃO DE PESSOAL ATIVO E ENCARGOS SOCIAIS,APOIO ÀS POLÍTICAS PÚBLICAS
2025,1370,SECRETARIA DE ESTADO DE MEIO AMBIENTE E DESENVOLVIMENTO SUSTENTÁVEL - SEMAD,3,0,2441,AGÊNCIA REGULADORA DE SERVIÇOS DE ABASTECIMENTO DE ÁGUA E DE ESGOTAMENTO SANITÁRIO DO ESTADO DE MINAS GERAIS - ARSAE -MG,3,1,90,11,59,1,11076,17,122,705,2,417,2417,1,10948988.00,10948988.00,10948988.00,0,REMUNERAÇÃO DE PESSOAL ATIVO E ENCARGOS SOCIAIS,APOIO ÀS POLÍTICAS PÚBLICAS
2025,1370,SECRETARIA DE ESTADO DE MEIO AMBIENTE E DESENVOLVIMENTO SUSTENTÁVEL - SEMAD,3,0,2441,AGÊNCIA REGULADORA DE SERVIÇOS DE ABASTECIMENTO DE ÁGUA E DE ESGOTAMENTO SANITÁRIO DO ESTADO DE MINAS GERAIS - ARSAE -MG,3,1,90,13,59,1,11076,17,122,705,2,417,2417,1,410000.00,410000.00,410000.00,0,REMUNERAÇÃO DE PESSOAL ATIVO E ENCARGOS SOCIAIS,APOIO ÀS POLÍTICAS PÚBLICAS
2025,1370,SECRETARIA DE ESTADO DE MEIO AMBIENTE E DESENVOLVIMENTO SUSTENTÁVEL - SEMAD,3,0,2441,AGÊNCIA REGULADORA DE SERVIÇOS DE ABASTECIMENTO DE ÁGUA E DE ESGOTAMENTO SANITÁRIO DO ESTADO DE MINAS GERAIS - ARSAE -MG,3,1,91,13,59,1,11076,17,122,705,2,417,2417,1,3286513.00,3286513.00,3286513.00,0,REMUNERAÇÃO DE PESSOAL ATIVO E ENCARGOS SOCIAIS,APOIO ÀS POLÍTICAS PÚBLICAS
2025,1370,SECRETARIA DE ESTADO DE MEIO AMBIENTE E DESENVOLVIMENTO SUSTENTÁVEL - SEMAD,3,0,2441,AGÊNCIA REGULADORA DE SERVIÇOS DE ABASTECIMENTO DE ÁGUA E DE ESGOTAMENTO SANITÁRIO DO ESTADO DE MINAS GERAIS - ARSAE -MG,3,3,90,46,59,7,11076,17,122,705,2,417,2417,1,1279710.00,1279710.00,1279710.00,0,REMUNERAÇÃO DE PESSOAL ATIVO E ENCARGOS SOCIAIS,APOIO ÀS POLÍTICAS PÚBLICAS
2025,1370,SECRETARIA DE ESTADO DE MEIO AMBIENTE E DESENVOLVIMENTO SUSTENTÁVEL - SEMAD,3,0,2441,AGÊNCIA REGULADORA DE SERVIÇOS DE ABASTECIMENTO DE ÁGUA E DE ESGOTAMENTO SANITÁRIO DO ESTADO DE MINAS GERAIS - ARSAE -MG,3,3,90,49,59,7,11076,17,122,705,2,417,2417,1,12069.00,12069.00,12069.00,0,REMUNERAÇÃO DE PESSOAL ATIVO E ENCARGOS SOCIAIS,APOIO ÀS POLÍTICAS PÚBLICAS
2025,1370,SECRETARIA DE ESTADO DE MEIO AMBIENTE E DESENVOLVIMENTO SUSTENTÁVEL - SEMAD,3,0,2441,AGÊNCIA REGULADORA DE SERVIÇOS DE ABASTECIMENTO DE ÁGUA E DE ESGOTAMENTO SANITÁRIO DO ESTADO DE MINAS GERAIS - ARSAE -MG,3,3,90,14,59,1,9577,17,122,705,2,500,2500,1,27000.00,27000.00,27000.00,0,ASSESSORAMENTO E GERENCIAMENTO DE POLÍTICAS PÚBLICAS,APOIO ÀS POLÍTICAS PÚBLICAS
2025,1370,SECRETARIA DE ESTADO DE MEIO AMBIENTE E DESENVOLVIMENTO SUSTENTÁVEL - SEMAD,3,0,2441,AGÊNCIA REGULADORA DE SERVIÇOS DE ABASTECIMENTO DE ÁGUA E DE ESGOTAMENTO SANITÁRIO DO ESTADO DE MINAS GERAIS - ARSAE -MG,3,3,90,30,59,1,9577,17,122,705,2,500,2500,1,6000.00,6000.00,6000.00,0,ASSESSORAMENTO E GERENCIAMENTO DE POLÍTICAS PÚBLICAS,APOIO ÀS POLÍTICAS PÚBLICAS
2025,1370,SECRETARIA DE ESTADO DE MEIO AMBIENTE E DESENVOLVIMENTO SUSTENTÁVEL - SEMAD,3,0,2441,AGÊNCIA REGULADORA DE SERVIÇOS DE ABASTECIMENTO DE ÁGUA E DE ESGOTAMENTO SANITÁRIO DO ESTADO DE MINAS GERAIS - ARSAE -MG,3,3,90,33,59,1,9577,17,122,705,2,500,2500,1,68216.00,68216.00,68216.00,0,ASSESSORAMENTO E GERENCIAMENTO DE POLÍTICAS PÚBLICAS,APOIO ÀS POLÍTICAS PÚBLICAS
2025,1370,SECRETARIA DE ESTADO DE MEIO AMBIENTE E DESENVOLVIMENTO SUSTENTÁVEL - SEMAD,3,0,2441,AGÊNCIA REGULADORA DE SERVIÇOS DE ABASTECIMENTO DE ÁGUA E DE ESGOTAMENTO SANITÁRIO DO ESTADO DE MINAS GERAIS - ARSAE -MG,3,3,90,36,59,1,9577,17,122,705,2,500,2500,1,5320.00,5320.00,5320.00,0,ASSESSORAMENTO E GERENCIAMENTO DE POLÍTICAS PÚBLICAS,APOIO ÀS POLÍTICAS PÚBLICAS
2025,1370,SECRETARIA DE ESTADO DE MEIO AMBIENTE E DESENVOLVIMENTO SUSTENTÁVEL - SEMAD,3,0,2441,AGÊNCIA REGULADORA DE SERVIÇOS DE ABASTECIMENTO DE ÁGUA E DE ESGOTAMENTO SANITÁRIO DO ESTADO DE MINAS GERAIS - ARSAE -MG,3,3,90,37,59,1,9577,17,122,705,2,500,2500,1,487373.00,487373.00,487373.00,0,ASSESSORAMENTO E GERENCIAMENTO DE POLÍTICAS PÚBLICAS,APOIO ÀS POLÍTICAS PÚBLICAS
2025,1370,SECRETARIA DE ESTADO DE MEIO AMBIENTE E DESENVOLVIMENTO SUSTENTÁVEL - SEMAD,3,0,2441,AGÊNCIA REGULADORA DE SERVIÇOS DE ABASTECIMENTO DE ÁGUA E DE ESGOTAMENTO SANITÁRIO DO ESTADO DE MINAS GERAIS - ARSAE -MG,3,3,90,39,59,1,9577,17,122,705,2,500,2500,1,269191.00,269191.00,269191.00,0,ASSESSORAMENTO E GERENCIAMENTO DE POLÍTICAS PÚBLICAS,APOIO ÀS POLÍTICAS PÚBLICAS
2025,1370,SECRETARIA DE ESTADO DE MEIO AMBIENTE E DESENVOLVIMENTO SUSTENTÁVEL - SEMAD,3,0,2441,AGÊNCIA REGULADORA DE SERVIÇOS DE ABASTECIMENTO DE ÁGUA E DE ESGOTAMENTO SANITÁRIO DO ESTADO DE MINAS GERAIS - ARSAE -MG,3,3,90,40,59,1,9577,17,122,705,2,500,2500,1,212398.00,212398.00,212398.00,0,ASSESSORAMENTO E GERENCIAMENTO DE POLÍTICAS PÚBLICAS,APOIO ÀS POLÍTICAS PÚBLICAS
2025,1370,SECRETARIA DE ESTADO DE MEIO AMBIENTE E DESENVOLVIMENTO SUSTENTÁVEL - SEMAD,3,0,2441,AGÊNCIA REGULADORA DE SERVIÇOS DE ABASTECIMENTO DE ÁGUA E DE ESGOTAMENTO SANITÁRIO DO ESTADO DE MINAS GERAIS - ARSAE -MG,3,3,90,14,59,1,10227,17,125,10,4,13,4013,1,14000.00,14000.00,14000.00,0,REGULAÇÃO E FISCALIZAÇÃO ECONÔMICO-FINANCEIRA,REGULAÇÃO E FISCALIZAÇÃO DOS SERVIÇOS DE ABASTECIMENTO DE ÁGUA E DE ESGOTAMENTO SANITÁRIO E ATENDIMENTO AOS USUÁRIOS
2025,1370,SECRETARIA DE ESTADO DE MEIO AMBIENTE E DESENVOLVIMENTO SUSTENTÁVEL - SEMAD,3,0,2441,AGÊNCIA REGULADORA DE SERVIÇOS DE ABASTECIMENTO DE ÁGUA E DE ESGOTAMENTO SANITÁRIO DO ESTADO DE MINAS GERAIS - ARSAE -MG,3,3,90,33,59,1,10227,17,125,10,4,13,4013,1,3000.00,3000.00,3000.00,0,REGULAÇÃO E FISCALIZAÇÃO ECONÔMICO-FINANCEIRA,REGULAÇÃO E FISCALIZAÇÃO DOS SERVIÇOS DE ABASTECIMENTO DE ÁGUA E DE ESGOTAMENTO SANITÁRIO E ATENDIMENTO AOS USUÁRIOS
2025,1370,SECRETARIA DE ESTADO DE MEIO AMBIENTE E DESENVOLVIMENTO SUSTENTÁVEL - SEMAD,3,0,2441,AGÊNCIA REGULADORA DE SERVIÇOS DE ABASTECIMENTO DE ÁGUA E DE ESGOTAMENTO SANITÁRIO DO ESTADO DE MINAS GERAIS - ARSAE -MG,3,3,90,39,59,1,10227,17,125,10,4,13,4013,1,81501.00,81501.00,81501.00,0,REGULAÇÃO E FISCALIZAÇÃO ECONÔMICO-FINANCEIRA,REGULAÇÃO E FISCALIZAÇÃO DOS SERVIÇOS DE ABASTECIMENTO DE ÁGUA E DE ESGOTAMENTO SANITÁRIO E ATENDIMENTO AOS USUÁRIOS
2025,1370,SECRETARIA DE ESTADO DE MEIO AMBIENTE E DESENVOLVIMENTO SUSTENTÁVEL - SEMAD,3,0,2441,AGÊNCIA REGULADORA DE SERVIÇOS DE ABASTECIMENTO DE ÁGUA E DE ESGOTAMENTO SANITÁRIO DO ESTADO DE MINAS GERAIS - ARSAE -MG,3,3,90,47,59,1,10227,17,125,10,4,13,4013,1,222000.00,222000.00,222000.00,0,REGULAÇÃO E FISCALIZAÇÃO ECONÔMICO-FINANCEIRA,REGULAÇÃO E FISCALIZAÇÃO DOS SERVIÇOS DE ABASTECIMENTO DE ÁGUA E DE ESGOTAMENTO SANITÁRIO E ATENDIMENTO AOS USUÁRIOS
2025,1370,SECRETARIA DE ESTADO DE MEIO AMBIENTE E DESENVOLVIMENTO SUSTENTÁVEL - SEMAD,3,0,2441,AGÊNCIA REGULADORA DE SERVIÇOS DE ABASTECIMENTO DE ÁGUA E DE ESGOTAMENTO SANITÁRIO DO ESTADO DE MINAS GERAIS - ARSAE -MG,3,3,90,14,59,1,10228,17,125,10,4,14,4014,1,57000.00,57000.00,57000.00,0,REGULAÇÃO OPERACIONAL E FISCALIZAÇÃO DA PRESTAÇÃO DE SERVIÇOS,REGULAÇÃO E FISCALIZAÇÃO DOS SERVIÇOS DE ABASTECIMENTO DE ÁGUA E DE ESGOTAMENTO SANITÁRIO E ATENDIMENTO AOS USUÁRIOS
2025,1370,SECRETARIA DE ESTADO DE MEIO AMBIENTE E DESENVOLVIMENTO SUSTENTÁVEL - SEMAD,3,0,2441,AGÊNCIA REGULADORA DE SERVIÇOS DE ABASTECIMENTO DE ÁGUA E DE ESGOTAMENTO SANITÁRIO DO ESTADO DE MINAS GERAIS - ARSAE -MG,3,3,90,30,59,1,10228,17,125,10,4,14,4014,1,20000.00,20000.00,20000.00,0,REGULAÇÃO OPERACIONAL E FISCALIZAÇÃO DA PRESTAÇÃO DE SERVIÇOS,REGULAÇÃO E FISCALIZAÇÃO DOS SERVIÇOS DE ABASTECIMENTO DE ÁGUA E DE ESGOTAMENTO SANITÁRIO E ATENDIMENTO AOS USUÁRIOS
2025,1370,SECRETARIA DE ESTADO DE MEIO AMBIENTE E DESENVOLVIMENTO SUSTENTÁVEL - SEMAD,3,0,2441,AGÊNCIA REGULADORA DE SERVIÇOS DE ABASTECIMENTO DE ÁGUA E DE ESGOTAMENTO SANITÁRIO DO ESTADO DE MINAS GERAIS - ARSAE -MG,3,3,90,33,59,1,10228,17,125,10,4,14,4014,1,5250.00,5250.00,5250.00,0,REGULAÇÃO OPERACIONAL E FISCALIZAÇÃO DA PRESTAÇÃO DE SERVIÇOS,REGULAÇÃO E FISCALIZAÇÃO DOS SERVIÇOS DE ABASTECIMENTO DE ÁGUA E DE ESGOTAMENTO SANITÁRIO E ATENDIMENTO AOS USUÁRIOS
2025,1370,SECRETARIA DE ESTADO DE MEIO AMBIENTE E DESENVOLVIMENTO SUSTENTÁVEL - SEMAD,3,0,2441,AGÊNCIA REGULADORA DE SERVIÇOS DE ABASTECIMENTO DE ÁGUA E DE ESGOTAMENTO SANITÁRIO DO ESTADO DE MINAS GERAIS - ARSAE -MG,3,3,90,37,59,1,10228,17,125,10,4,14,4014,1,345962.00,345962.00,345962.00,0,REGULAÇÃO OPERACIONAL E FISCALIZAÇÃO DA PRESTAÇÃO DE SERVIÇOS,REGULAÇÃO E FISCALIZAÇÃO DOS SERVIÇOS DE ABASTECIMENTO DE ÁGUA E DE ESGOTAMENTO SANITÁRIO E ATENDIMENTO AOS USUÁRIOS
2025,1370,SECRETARIA DE ESTADO DE MEIO AMBIENTE E DESENVOLVIMENTO SUSTENTÁVEL - SEMAD,3,0,2441,AGÊNCIA REGULADORA DE SERVIÇOS DE ABASTECIMENTO DE ÁGUA E DE ESGOTAMENTO SANITÁRIO DO ESTADO DE MINAS GERAIS - ARSAE -MG,3,3,90,39,59,1,10228,17,125,10,4,14,4014,1,328255.00,328255.00,328255.00,0,REGULAÇÃO OPERACIONAL E FISCALIZAÇÃO DA PRESTAÇÃO DE SERVIÇOS,REGULAÇÃO E FISCALIZAÇÃO DOS SERVIÇOS DE ABASTECIMENTO DE ÁGUA E DE ESGOTAMENTO SANITÁRIO E ATENDIMENTO AOS USUÁRIOS
2025,1370,SECRETARIA DE ESTADO DE MEIO AMBIENTE E DESENVOLVIMENTO SUSTENTÁVEL - SEMAD,3,0,2441,AGÊNCIA REGULADORA DE SERVIÇOS DE ABASTECIMENTO DE ÁGUA E DE ESGOTAMENTO SANITÁRIO DO ESTADO DE MINAS GERAIS - ARSAE -MG,3,3,90,40,59,1,10228,17,125,10,4,14,4014,1,412392.00,412392.00,412392.00,0,REGULAÇÃO OPERACIONAL E FISCALIZAÇÃO DA PRESTAÇÃO DE SERVIÇOS,REGULAÇÃO E FISCALIZAÇÃO DOS SERVIÇOS DE ABASTECIMENTO DE ÁGUA E DE ESGOTAMENTO SANITÁRIO E ATENDIMENTO AOS USUÁRIOS
2025,1370,SECRETARIA DE ESTADO DE MEIO AMBIENTE E DESENVOLVIMENTO SUSTENTÁVEL - SEMAD,3,0,2441,AGÊNCIA REGULADORA DE SERVIÇOS DE ABASTECIMENTO DE ÁGUA E DE ESGOTAMENTO SANITÁRIO DO ESTADO DE MINAS GERAIS - ARSAE -MG,3,3,90,47,59,1,10228,17,125,10,4,14,4014,1,222000.00,222000.00,222000.00,0,REGULAÇÃO OPERACIONAL E FISCALIZAÇÃO DA PRESTAÇÃO DE SERVIÇOS,REGULAÇÃO E FISCALIZAÇÃO DOS SERVIÇOS DE ABASTECIMENTO DE ÁGUA E DE ESGOTAMENTO SANITÁRIO E ATENDIMENTO AOS USUÁRIOS
2025,1370,SECRETARIA DE ESTADO DE MEIO AMBIENTE E DESENVOLVIMENTO SUSTENTÁVEL - SEMAD,3,0,2441,AGÊNCIA REGULADORA DE SERVIÇOS DE ABASTECIMENTO DE ÁGUA E DE ESGOTAMENTO SANITÁRIO DO ESTADO DE MINAS GERAIS - ARSAE -MG,3,3,90,14,59,1,10229,17,125,10,4,15,4015,1,2000.00,2000.00,2000.00,0,ATENDIMENTO AO INTERESSADO NA PRESTAÇÃO DE SERVIÇOS,REGULAÇÃO E FISCALIZAÇÃO DOS SERVIÇOS DE ABASTECIMENTO DE ÁGUA E DE ESGOTAMENTO SANITÁRIO E ATENDIMENTO AOS USUÁRIOS
2025,1370,SECRETARIA DE ESTADO DE MEIO AMBIENTE E DESENVOLVIMENTO SUSTENTÁVEL - SEMAD,3,0,2441,AGÊNCIA REGULADORA DE SERVIÇOS DE ABASTECIMENTO DE ÁGUA E DE ESGOTAMENTO SANITÁRIO DO ESTADO DE MINAS GERAIS - ARSAE -MG,3,3,90,33,59,1,10229,17,125,10,4,15,4015,1,1200.00,1200.00,1200.00,0,ATENDIMENTO AO INTERESSADO NA PRESTAÇÃO DE SERVIÇOS,REGULAÇÃO E FISCALIZAÇÃO DOS SERVIÇOS DE ABASTECIMENTO DE ÁGUA E DE ESGOTAMENTO SANITÁRIO E ATENDIMENTO AOS USUÁRIOS
2025,1370,SECRETARIA DE ESTADO DE MEIO AMBIENTE E DESENVOLVIMENTO SUSTENTÁVEL - SEMAD,3,0,2441,AGÊNCIA REGULADORA DE SERVIÇOS DE ABASTECIMENTO DE ÁGUA E DE ESGOTAMENTO SANITÁRIO DO ESTADO DE MINAS GERAIS - ARSAE -MG,3,3,90,37,59,1,10229,17,125,10,4,15,4015,1,285048.00,285048.00,285048.00,0,ATENDIMENTO AO INTERESSADO NA PRESTAÇÃO DE SERVIÇOS,REGULAÇÃO E FISCALIZAÇÃO DOS SERVIÇOS DE ABASTECIMENTO DE ÁGUA E DE ESGOTAMENTO SANITÁRIO E ATENDIMENTO AOS USUÁRIOS
2025,1370,SECRETARIA DE ESTADO DE MEIO AMBIENTE E DESENVOLVIMENTO SUSTENTÁVEL - SEMAD,3,0,2441,AGÊNCIA REGULADORA DE SERVIÇOS DE ABASTECIMENTO DE ÁGUA E DE ESGOTAMENTO SANITÁRIO DO ESTADO DE MINAS GERAIS - ARSAE -MG,3,3,90,39,59,1,10229,17,125,10,4,15,4015,1,30420.00,30420.00,30420.00,0,ATENDIMENTO AO INTERESSADO NA PRESTAÇÃO DE SERVIÇOS,REGULAÇÃO E FISCALIZAÇÃO DOS SERVIÇOS DE ABASTECIMENTO DE ÁGUA E DE ESGOTAMENTO SANITÁRIO E ATENDIMENTO AOS USUÁRIOS
2025,1370,SECRETARIA DE ESTADO DE MEIO AMBIENTE E DESENVOLVIMENTO SUSTENTÁVEL - SEMAD,3,0,2441,AGÊNCIA REGULADORA DE SERVIÇOS DE ABASTECIMENTO DE ÁGUA E DE ESGOTAMENTO SANITÁRIO DO ESTADO DE MINAS GERAIS - ARSAE -MG,3,3,90,40,59,1,10229,17,125,10,4,15,4015,1,48188.00,48188.00,48188.00,0,ATENDIMENTO AO INTERESSADO NA PRESTAÇÃO DE SERVIÇOS,REGULAÇÃO E FISCALIZAÇÃO DOS SERVIÇOS DE ABASTECIMENTO DE ÁGUA E DE ESGOTAMENTO SANITÁRIO E ATENDIMENTO AOS USUÁRIOS
2025,1370,SECRETARIA DE ESTADO DE MEIO AMBIENTE E DESENVOLVIMENTO SUSTENTÁVEL - SEMAD,3,0,2441,AGÊNCIA REGULADORA DE SERVIÇOS DE ABASTECIMENTO DE ÁGUA E DE ESGOTAMENTO SANITÁRIO DO ESTADO DE MINAS GERAIS - ARSAE -MG,3,1,90,91,59,9,5787,28,846,705,7,4,7004,1,32087.00,32087.00,32087.00,0,PRECATÓRIOS E SENTENÇAS JUDICIÁRIAS,APOIO ÀS POLÍTICAS PÚBLICAS
2025,1370,SECRETARIA DE ESTADO DE MEIO AMBIENTE E DESENVOLVIMENTO SUSTENTÁVEL - SEMAD,3,0,4341,"FUNDO DE RECUPERAÇÃO, PROTEÇÃO E DESENVOLVIMENTO SUSTENTÁVEL DAS BACIAS HIDROGRÁFICAS DO ESTADO DE MINAS GERAIS - FHIDRO",3,3,90,39,31,1,10541,17,512,21,4,258,4258,1,875000.00,875000.00,875000.00,0,APOIO À IMPLEMENTAÇÃO DE INFRAESTRUTURAS E/OU PROJETOS PARA OS SERVIÇOS DE SANEAMENTO BÁSICO,SANEAMENTO E RESÍDUOS ESPECIAIS
2025,1370,SECRETARIA DE ESTADO DE MEIO AMBIENTE E DESENVOLVIMENTO SUSTENTÁVEL - SEMAD,3,0,4341,"FUNDO DE RECUPERAÇÃO, PROTEÇÃO E DESENVOLVIMENTO SUSTENTÁVEL DAS BACIAS HIDROGRÁFICAS DO ESTADO DE MINAS GERAIS - FHIDRO",3,3,90,14,31,1,9708,18,122,705,2,500,2500,1,9218.00,9218.00,9218.00,0,ASSESSORAMENTO E GERENCIAMENTO DE POLÍTICAS PÚBLICAS,APOIO ÀS POLÍTICAS PÚBLICAS
2025,1370,SECRETARIA DE ESTADO DE MEIO AMBIENTE E DESENVOLVIMENTO SUSTENTÁVEL - SEMAD,3,0,4341,"FUNDO DE RECUPERAÇÃO, PROTEÇÃO E DESENVOLVIMENTO SUSTENTÁVEL DAS BACIAS HIDROGRÁFICAS DO ESTADO DE MINAS GERAIS - FHIDRO",3,3,90,39,31,1,9708,18,122,705,2,500,2500,1,429220.00,429220.00,429220.00,0,ASSESSORAMENTO E GERENCIAMENTO DE POLÍTICAS PÚBLICAS,APOIO ÀS POLÍTICAS PÚBLICAS
2025,1370,SECRETARIA DE ESTADO DE MEIO AMBIENTE E DESENVOLVIMENTO SUSTENTÁVEL - SEMAD,3,0,4341,"FUNDO DE RECUPERAÇÃO, PROTEÇÃO E DESENVOLVIMENTO SUSTENTÁVEL DAS BACIAS HIDROGRÁFICAS DO ESTADO DE MINAS GERAIS - FHIDRO",3,3,90,39,31,1,10292,18,541,27,4,64,4064,1,2231100.00,2231100.00,2231100.00,0,PAGAMENTO POR SERVIÇOS AMBIENTAIS,GESTÃO AMBIENTAL.
2025,1370,SECRETARIA DE ESTADO DE MEIO AMBIENTE E DESENVOLVIMENTO SUSTENTÁVEL - SEMAD,3,0,4341,"FUNDO DE RECUPERAÇÃO, PROTEÇÃO E DESENVOLVIMENTO SUSTENTÁVEL DAS BACIAS HIDROGRÁFICAS DO ESTADO DE MINAS GERAIS - FHIDRO",3,3,90,48,31,1,10416,18,541,31,4,151,4151,1,20611582.00,20611582.00,20611582.00,0,BOLSA VERDE: CONSERVAÇÃO DA COBERTURA VEGETAL NATIVA,"PROTEÇÃO DAS ÁREAS AMBIENTALMENTE CONSERVADAS, DA FAUNA E DA BIODIVERSIDADE FLORESTAL"
2025,1370,SECRETARIA DE ESTADO DE MEIO AMBIENTE E DESENVOLVIMENTO SUSTENTÁVEL - SEMAD,3,0,4341,"FUNDO DE RECUPERAÇÃO, PROTEÇÃO E DESENVOLVIMENTO SUSTENTÁVEL DAS BACIAS HIDROGRÁFICAS DO ESTADO DE MINAS GERAIS - FHIDRO",3,3,90,41,31,1,11190,18,544,27,4,392,4392,1,3138002.00,3138002.00,3138002.00,0,APOIO À GESTÃO DE RECURSOS HÍDRICOS,GESTÃO AMBIENTAL.
2025,1370,SECRETARIA DE ESTADO DE MEIO AMBIENTE E DESENVOLVIMENTO SUSTENTÁVEL - SEMAD,3,0,4341,"FUNDO DE RECUPERAÇÃO, PROTEÇÃO E DESENVOLVIMENTO SUSTENTÁVEL DAS BACIAS HIDROGRÁFICAS DO ESTADO DE MINAS GERAIS - FHIDRO",3,3,90,41,31,1,11191,18,544,27,4,413,4413,1,49031.00,49031.00,49031.00,0,"APOIO À GESTÃO DE RECURSOS HÍDRICOS, RECURSOS REEMBOLSÁVEIS",GESTÃO AMBIENTAL.
2025,1370,SECRETARIA DE ESTADO DE MEIO AMBIENTE E DESENVOLVIMENTO SUSTENTÁVEL - SEMAD,3,0,4341,"FUNDO DE RECUPERAÇÃO, PROTEÇÃO E DESENVOLVIMENTO SUSTENTÁVEL DAS BACIAS HIDROGRÁFICAS DO ESTADO DE MINAS GERAIS - FHIDRO",3,3,90,14,31,1,10548,18,544,65,4,263,4263,1,45540.00,45540.00,45540.00,0,APOIO AOS COMITÊS DE BACIAS HIDROGRÁFICAS,FORTALECIMENTO DA POLÍTICA ESTADUAL DE RECURSOS HÍDRICOS
2025,1370,SECRETARIA DE ESTADO DE MEIO AMBIENTE E DESENVOLVIMENTO SUSTENTÁVEL - SEMAD,3,0,4341,"FUNDO DE RECUPERAÇÃO, PROTEÇÃO E DESENVOLVIMENTO SUSTENTÁVEL DAS BACIAS HIDROGRÁFICAS DO ESTADO DE MINAS GERAIS - FHIDRO",3,3,90,33,31,1,10548,18,544,65,4,263,4263,1,27460.00,27460.00,27460.00,0,APOIO AOS COMITÊS DE BACIAS HIDROGRÁFICAS,FORTALECIMENTO DA POLÍTICA ESTADUAL DE RECURSOS HÍDRICOS
2025,1370,SECRETARIA DE ESTADO DE MEIO AMBIENTE E DESENVOLVIMENTO SUSTENTÁVEL - SEMAD,3,0,4341,"FUNDO DE RECUPERAÇÃO, PROTEÇÃO E DESENVOLVIMENTO SUSTENTÁVEL DAS BACIAS HIDROGRÁFICAS DO ESTADO DE MINAS GERAIS - FHIDRO",3,3,90,36,31,1,10548,18,544,65,4,263,4263,1,52624.00,52624.00,52624.00,0,APOIO AOS COMITÊS DE BACIAS HIDROGRÁFICAS,FORTALECIMENTO DA POLÍTICA ESTADUAL DE RECURSOS HÍDRICOS
2025,1370,SECRETARIA DE ESTADO DE MEIO AMBIENTE E DESENVOLVIMENTO SUSTENTÁVEL - SEMAD,3,0,4341,"FUNDO DE RECUPERAÇÃO, PROTEÇÃO E DESENVOLVIMENTO SUSTENTÁVEL DAS BACIAS HIDROGRÁFICAS DO ESTADO DE MINAS GERAIS - FHIDRO",3,3,90,37,31,1,10548,18,544,65,4,263,4263,1,928970.00,928970.00,928970.00,0,APOIO AOS COMITÊS DE BACIAS HIDROGRÁFICAS,FORTALECIMENTO DA POLÍTICA ESTADUAL DE RECURSOS HÍDRICOS
2025,1370,SECRETARIA DE ESTADO DE MEIO AMBIENTE E DESENVOLVIMENTO SUSTENTÁVEL - SEMAD,3,0,4341,"FUNDO DE RECUPERAÇÃO, PROTEÇÃO E DESENVOLVIMENTO SUSTENTÁVEL DAS BACIAS HIDROGRÁFICAS DO ESTADO DE MINAS GERAIS - FHIDRO",3,3,90,41,31,1,10548,18,544,65,4,263,4263,1,2058756.00,2058756.00,2058756.00,0,APOIO AOS COMITÊS DE BACIAS HIDROGRÁFICAS,FORTALECIMENTO DA POLÍTICA ESTADUAL DE RECURSOS HÍDRICOS
2025,1370,SECRETARIA DE ESTADO DE MEIO AMBIENTE E DESENVOLVIMENTO SUSTENTÁVEL - SEMAD,3,0,4341,"FUNDO DE RECUPERAÇÃO, PROTEÇÃO E DESENVOLVIMENTO SUSTENTÁVEL DAS BACIAS HIDROGRÁFICAS DO ESTADO DE MINAS GERAIS - FHIDRO",4,4,90,52,31,1,10550,18,544,65,4,264,4264,1,677004.00,677004.00,677004.00,0,MODERNIZAÇÃO DA REDE DE MONITORAMENTO HIDROLÓGICO DO ESTADO DE MINAS GERAIS,FORTALECIMENTO DA POLÍTICA ESTADUAL DE RECURSOS HÍDRICOS
2025,1400,CORPO DE BOMBEIROS MILITAR DO ESTADO DE MINAS GERAIS - CBMMG,3,0,1401,CORPO DE BOMBEIROS MILITAR DO ESTADO DE MINAS GERAIS - CBMMG,3,1,90,11,10,1,9378,6,122,705,2,500,2500,1,1939812.00,1939812.00,1939812.00,0,ASSESSORAMENTO E GERENCIAMENTO DE POLÍTICAS PÚBLICAS,APOIO ÀS POLÍTICAS PÚBLICAS
2025,1400,CORPO DE BOMBEIROS MILITAR DO ESTADO DE MINAS GERAIS - CBMMG,3,0,1401,CORPO DE BOMBEIROS MILITAR DO ESTADO DE MINAS GERAIS - CBMMG,3,1,90,13,10,1,9378,6,122,705,2,500,2500,1,184324.00,184324.00,184324.00,0,ASSESSORAMENTO E GERENCIAMENTO DE POLÍTICAS PÚBLICAS,APOIO ÀS POLÍTICAS PÚBLICAS
2025,1400,CORPO DE BOMBEIROS MILITAR DO ESTADO DE MINAS GERAIS - CBMMG,3,0,1401,CORPO DE BOMBEIROS MILITAR DO ESTADO DE MINAS GERAIS - CBMMG,3,1,91,13,10,1,9378,6,122,705,2,500,2500,1,180209.00,416957.00,416957.00,0,ASSESSORAMENTO E GERENCIAMENTO DE POLÍTICAS PÚBLICAS,APOIO ÀS POLÍTICAS PÚBLICAS
2025,1400,CORPO DE BOMBEIROS MILITAR DO ESTADO DE MINAS GERAIS - CBMMG,3,0,1401,CORPO DE BOMBEIROS MILITAR DO ESTADO DE MINAS GERAIS - CBMMG,3,3,90,14,27,1,9378,6,122,705,2,500,2500,1,1613.00,1613.00,1613.00,0,ASSESSORAMENTO E GERENCIAMENTO DE POLÍTICAS PÚBLICAS,APOIO ÀS POLÍTICAS PÚBLICAS
2025,1400,CORPO DE BOMBEIROS MILITAR DO ESTADO DE MINAS GERAIS - CBMMG,3,0,1401,CORPO DE BOMBEIROS MILITAR DO ESTADO DE MINAS GERAIS - CBMMG,3,3,90,15,10,1,9378,6,122,705,2,500,2500,1,728508.00,728508.00,728508.00,0,ASSESSORAMENTO E GERENCIAMENTO DE POLÍTICAS PÚBLICAS,APOIO ÀS POLÍTICAS PÚBLICAS
2025,1400,CORPO DE BOMBEIROS MILITAR DO ESTADO DE MINAS GERAIS - CBMMG,3,0,1401,CORPO DE BOMBEIROS MILITAR DO ESTADO DE MINAS GERAIS - CBMMG,3,3,90,15,27,1,9378,6,122,705,2,500,2500,1,48306.00,48306.00,48306.00,0,ASSESSORAMENTO E GERENCIAMENTO DE POLÍTICAS PÚBLICAS,APOIO ÀS POLÍTICAS PÚBLICAS
2025,1400,CORPO DE BOMBEIROS MILITAR DO ESTADO DE MINAS GERAIS - CBMMG,3,0,1401,CORPO DE BOMBEIROS MILITAR DO ESTADO DE MINAS GERAIS - CBMMG,3,3,90,19,10,7,9378,6,122,705,2,500,2500,1,21887.00,21887.00,21887.00,0,ASSESSORAMENTO E GERENCIAMENTO DE POLÍTICAS PÚBLICAS,APOIO ÀS POLÍTICAS PÚBLICAS
2025,1400,CORPO DE BOMBEIROS MILITAR DO ESTADO DE MINAS GERAIS - CBMMG,3,0,1401,CORPO DE BOMBEIROS MILITAR DO ESTADO DE MINAS GERAIS - CBMMG,3,3,90,33,10,1,9378,6,122,705,2,500,2500,1,133200.00,133200.00,133200.00,0,ASSESSORAMENTO E GERENCIAMENTO DE POLÍTICAS PÚBLICAS,APOIO ÀS POLÍTICAS PÚBLICAS
2025,1400,CORPO DE BOMBEIROS MILITAR DO ESTADO DE MINAS GERAIS - CBMMG,3,0,1401,CORPO DE BOMBEIROS MILITAR DO ESTADO DE MINAS GERAIS - CBMMG,3,3,90,33,27,1,9378,6,122,705,2,500,2500,1,1776.00,1776.00,1776.00,0,ASSESSORAMENTO E GERENCIAMENTO DE POLÍTICAS PÚBLICAS,APOIO ÀS POLÍTICAS PÚBLICAS
2025,1400,CORPO DE BOMBEIROS MILITAR DO ESTADO DE MINAS GERAIS - CBMMG,3,0,1401,CORPO DE BOMBEIROS MILITAR DO ESTADO DE MINAS GERAIS - CBMMG,3,3,90,37,10,1,9378,6,122,705,2,500,2500,1,13137981.00,13137981.00,13137981.00,0,ASSESSORAMENTO E GERENCIAMENTO DE POLÍTICAS PÚBLICAS,APOIO ÀS POLÍTICAS PÚBLICAS
2025,1400,CORPO DE BOMBEIROS MILITAR DO ESTADO DE MINAS GERAIS - CBMMG,3,0,1401,CORPO DE BOMBEIROS MILITAR DO ESTADO DE MINAS GERAIS - CBMMG,3,3,90,39,27,1,9378,6,122,705,2,500,2500,1,151941.00,151941.00,151941.00,0,ASSESSORAMENTO E GERENCIAMENTO DE POLÍTICAS PÚBLICAS,APOIO ÀS POLÍTICAS PÚBLICAS
2025,1400,CORPO DE BOMBEIROS MILITAR DO ESTADO DE MINAS GERAIS - CBMMG,3,0,1401,CORPO DE BOMBEIROS MILITAR DO ESTADO DE MINAS GERAIS - CBMMG,3,3,90,46,10,7,9378,6,122,705,2,500,2500,1,415769.00,415769.00,415769.00,0,ASSESSORAMENTO E GERENCIAMENTO DE POLÍTICAS PÚBLICAS,APOIO ÀS POLÍTICAS PÚBLICAS
2025,1400,CORPO DE BOMBEIROS MILITAR DO ESTADO DE MINAS GERAIS - CBMMG,3,0,1401,CORPO DE BOMBEIROS MILITAR DO ESTADO DE MINAS GERAIS - CBMMG,3,3,90,49,10,7,9378,6,122,705,2,500,2500,1,7284.00,7284.00,7284.00,0,ASSESSORAMENTO E GERENCIAMENTO DE POLÍTICAS PÚBLICAS,APOIO ÀS POLÍTICAS PÚBLICAS
2025,1400,CORPO DE BOMBEIROS MILITAR DO ESTADO DE MINAS GERAIS - CBMMG,3,0,1401,CORPO DE BOMBEIROS MILITAR DO ESTADO DE MINAS GERAIS - CBMMG,3,3,90,8,10,7,10204,6,122,705,7,10,7010,1,1145875.00,1145875.00,1145875.00,0,BENEFÍCIOS ASSISTENCIAIS,APOIO ÀS POLÍTICAS PÚBLICAS
2025,1400,CORPO DE BOMBEIROS MILITAR DO ESTADO DE MINAS GERAIS - CBMMG,3,0,1401,CORPO DE BOMBEIROS MILITAR DO ESTADO DE MINAS GERAIS - CBMMG,3,1,90,12,10,1,10376,6,128,52,4,119,4119,1,36309892.00,36309892.00,36309892.00,0,"RECRUTAMENTO, TREINAMENTO E FORMAÇÃO DE BOMBEIROS",PROMOÇÃO DE DEFESA CIVIL
2025,1400,CORPO DE BOMBEIROS MILITAR DO ESTADO DE MINAS GERAIS - CBMMG,3,0,1401,CORPO DE BOMBEIROS MILITAR DO ESTADO DE MINAS GERAIS - CBMMG,3,1,90,17,10,1,10376,6,128,52,4,119,4119,1,60750.00,60750.00,60750.00,0,"RECRUTAMENTO, TREINAMENTO E FORMAÇÃO DE BOMBEIROS",PROMOÇÃO DE DEFESA CIVIL
2025,1400,CORPO DE BOMBEIROS MILITAR DO ESTADO DE MINAS GERAIS - CBMMG,3,0,1401,CORPO DE BOMBEIROS MILITAR DO ESTADO DE MINAS GERAIS - CBMMG,3,1,91,13,10,1,10376,6,128,52,4,119,4119,1,6439202.00,6439202.00,6439202.00,0,"RECRUTAMENTO, TREINAMENTO E FORMAÇÃO DE BOMBEIROS",PROMOÇÃO DE DEFESA CIVIL
2025,1400,CORPO DE BOMBEIROS MILITAR DO ESTADO DE MINAS GERAIS - CBMMG,3,0,1401,CORPO DE BOMBEIROS MILITAR DO ESTADO DE MINAS GERAIS - CBMMG,3,3,90,15,10,1,10376,6,128,52,4,119,4119,1,1729117.00,1729117.00,1729117.00,0,"RECRUTAMENTO, TREINAMENTO E FORMAÇÃO DE BOMBEIROS",PROMOÇÃO DE DEFESA CIVIL
2025,1400,CORPO DE BOMBEIROS MILITAR DO ESTADO DE MINAS GERAIS - CBMMG,3,0,1401,CORPO DE BOMBEIROS MILITAR DO ESTADO DE MINAS GERAIS - CBMMG,3,3,90,15,60,1,10376,6,128,52,4,119,4119,1,1011773.00,1011773.00,1011773.00,0,"RECRUTAMENTO, TREINAMENTO E FORMAÇÃO DE BOMBEIROS",PROMOÇÃO DE DEFESA CIVIL
2025,1400,CORPO DE BOMBEIROS MILITAR DO ESTADO DE MINAS GERAIS - CBMMG,3,0,1401,CORPO DE BOMBEIROS MILITAR DO ESTADO DE MINAS GERAIS - CBMMG,3,3,90,18,10,7,10376,6,128,52,4,119,4119,1,3719905.00,3719905.00,3719905.00,0,"RECRUTAMENTO, TREINAMENTO E FORMAÇÃO DE BOMBEIROS",PROMOÇÃO DE DEFESA CIVIL
2025,1400,CORPO DE BOMBEIROS MILITAR DO ESTADO DE MINAS GERAIS - CBMMG,3,0,1401,CORPO DE BOMBEIROS MILITAR DO ESTADO DE MINAS GERAIS - CBMMG,3,3,90,30,60,1,10376,6,128,52,4,119,4119,1,120000.00,120000.00,120000.00,0,"RECRUTAMENTO, TREINAMENTO E FORMAÇÃO DE BOMBEIROS",PROMOÇÃO DE DEFESA CIVIL
2025,1400,CORPO DE BOMBEIROS MILITAR DO ESTADO DE MINAS GERAIS - CBMMG,3,0,1401,CORPO DE BOMBEIROS MILITAR DO ESTADO DE MINAS GERAIS - CBMMG,3,3,90,30,66,1,10376,6,128,52,4,119,4119,1,120000.00,120000.00,120000.00,0,"RECRUTAMENTO, TREINAMENTO E FORMAÇÃO DE BOMBEIROS",PROMOÇÃO DE DEFESA CIVIL
2025,1400,CORPO DE BOMBEIROS MILITAR DO ESTADO DE MINAS GERAIS - CBMMG,3,0,1401,CORPO DE BOMBEIROS MILITAR DO ESTADO DE MINAS GERAIS - CBMMG,3,3,90,30,70,1,10376,6,128,52,4,119,4119,1,40000.00,40000.00,40000.00,0,"RECRUTAMENTO, TREINAMENTO E FORMAÇÃO DE BOMBEIROS",PROMOÇÃO DE DEFESA CIVIL
2025,1400,CORPO DE BOMBEIROS MILITAR DO ESTADO DE MINAS GERAIS - CBMMG,3,0,1401,CORPO DE BOMBEIROS MILITAR DO ESTADO DE MINAS GERAIS - CBMMG,3,3,90,33,60,1,10376,6,128,52,4,119,4119,1,20000.00,20000.00,20000.00,0,"RECRUTAMENTO, TREINAMENTO E FORMAÇÃO DE BOMBEIROS",PROMOÇÃO DE DEFESA CIVIL
2025,1400,CORPO DE BOMBEIROS MILITAR DO ESTADO DE MINAS GERAIS - CBMMG,3,0,1401,CORPO DE BOMBEIROS MILITAR DO ESTADO DE MINAS GERAIS - CBMMG,3,3,90,39,60,1,10376,6,128,52,4,119,4119,1,2765003.00,2765003.00,2765003.00,0,"RECRUTAMENTO, TREINAMENTO E FORMAÇÃO DE BOMBEIROS",PROMOÇÃO DE DEFESA CIVIL
2025,1400,CORPO DE BOMBEIROS MILITAR DO ESTADO DE MINAS GERAIS - CBMMG,3,0,1401,CORPO DE BOMBEIROS MILITAR DO ESTADO DE MINAS GERAIS - CBMMG,3,3,90,46,60,1,10376,6,128,52,4,119,4119,1,95472.00,95472.00,95472.00,0,"RECRUTAMENTO, TREINAMENTO E FORMAÇÃO DE BOMBEIROS",PROMOÇÃO DE DEFESA CIVIL
2025,1400,CORPO DE BOMBEIROS MILITAR DO ESTADO DE MINAS GERAIS - CBMMG,3,0,1401,CORPO DE BOMBEIROS MILITAR DO ESTADO DE MINAS GERAIS - CBMMG,3,3,90,93,60,1,10376,6,128,52,4,119,4119,1,1536688.00,1536688.00,1536688.00,0,"RECRUTAMENTO, TREINAMENTO E FORMAÇÃO DE BOMBEIROS",PROMOÇÃO DE DEFESA CIVIL
2025,1400,CORPO DE BOMBEIROS MILITAR DO ESTADO DE MINAS GERAIS - CBMMG,3,0,1401,CORPO DE BOMBEIROS MILITAR DO ESTADO DE MINAS GERAIS - CBMMG,4,4,90,52,66,1,10376,6,128,52,4,119,4119,1,86000.00,86000.00,86000.00,0,"RECRUTAMENTO, TREINAMENTO E FORMAÇÃO DE BOMBEIROS",PROMOÇÃO DE DEFESA CIVIL
2025,1400,CORPO DE BOMBEIROS MILITAR DO ESTADO DE MINAS GERAIS - CBMMG,3,0,1401,CORPO DE BOMBEIROS MILITAR DO ESTADO DE MINAS GERAIS - CBMMG,4,4,90,52,70,1,10376,6,128,52,4,119,4119,1,100000.00,100000.00,100000.00,0,"RECRUTAMENTO, TREINAMENTO E FORMAÇÃO DE BOMBEIROS",PROMOÇÃO DE DEFESA CIVIL
2025,1400,CORPO DE BOMBEIROS MILITAR DO ESTADO DE MINAS GERAIS - CBMMG,3,0,1401,CORPO DE BOMBEIROS MILITAR DO ESTADO DE MINAS GERAIS - CBMMG,3,3,90,15,27,1,10406,6,182,47,4,142,4142,1,70013.00,70013.00,70013.00,0,GESTÃO DO ATENDIMENTO AO PERÍODO CHUVOSO,SUPORTE ÀS AÇÕES DE COMBATE E RESPOSTA AOS DANOS CAUSADOS PELAS CHUVAS
2025,1400,CORPO DE BOMBEIROS MILITAR DO ESTADO DE MINAS GERAIS - CBMMG,3,0,1401,CORPO DE BOMBEIROS MILITAR DO ESTADO DE MINAS GERAIS - CBMMG,3,3,90,39,70,1,10406,6,182,47,4,142,4142,1,50000.00,50000.00,50000.00,0,GESTÃO DO ATENDIMENTO AO PERÍODO CHUVOSO,SUPORTE ÀS AÇÕES DE COMBATE E RESPOSTA AOS DANOS CAUSADOS PELAS CHUVAS
2025,1400,CORPO DE BOMBEIROS MILITAR DO ESTADO DE MINAS GERAIS - CBMMG,3,0,1401,CORPO DE BOMBEIROS MILITAR DO ESTADO DE MINAS GERAIS - CBMMG,3,3,90,39,27,1,11003,6,182,52,1,98,1098,1,2235814.00,2235814.00,2235814.00,1,POTENCIALIZAÇÃO DO SERVIÇO DE PREVENÇÃO E RESPOSTA CONTRA INCÊNDIO E PÂNICO,PROMOÇÃO DE DEFESA CIVIL
2025,1400,CORPO DE BOMBEIROS MILITAR DO ESTADO DE MINAS GERAIS - CBMMG,3,0,1401,CORPO DE BOMBEIROS MILITAR DO ESTADO DE MINAS GERAIS - CBMMG,4,4,90,40,27,1,11003,6,182,52,1,98,1098,1,2376000.00,2376000.00,2376000.00,1,POTENCIALIZAÇÃO DO SERVIÇO DE PREVENÇÃO E RESPOSTA CONTRA INCÊNDIO E PÂNICO,PROMOÇÃO DE DEFESA CIVIL
2025,1400,CORPO DE BOMBEIROS MILITAR DO ESTADO DE MINAS GERAIS - CBMMG,3,0,1401,CORPO DE BOMBEIROS MILITAR DO ESTADO DE MINAS GERAIS - CBMMG,3,3,90,15,10,1,10368,6,182,52,4,113,4113,1,129360.00,129360.00,129360.00,0,MANUTENÇÃO E AMPLIAÇÃO DA INFRAESTRUTURA E SISTEMA DE TECNOLOGIA DA INFORMAÇÃO E COMUNICAÇÃO,PROMOÇÃO DE DEFESA CIVIL
2025,1400,CORPO DE BOMBEIROS MILITAR DO ESTADO DE MINAS GERAIS - CBMMG,3,0,1401,CORPO DE BOMBEIROS MILITAR DO ESTADO DE MINAS GERAIS - CBMMG,3,3,90,30,10,1,10368,6,182,52,4,113,4113,1,461686.00,461686.00,461686.00,0,MANUTENÇÃO E AMPLIAÇÃO DA INFRAESTRUTURA E SISTEMA DE TECNOLOGIA DA INFORMAÇÃO E COMUNICAÇÃO,PROMOÇÃO DE DEFESA CIVIL
2025,1400,CORPO DE BOMBEIROS MILITAR DO ESTADO DE MINAS GERAIS - CBMMG,3,0,1401,CORPO DE BOMBEIROS MILITAR DO ESTADO DE MINAS GERAIS - CBMMG,3,3,90,30,24,1,10368,6,182,52,4,113,4113,1,1959963.00,1959963.00,1959963.00,0,MANUTENÇÃO E AMPLIAÇÃO DA INFRAESTRUTURA E SISTEMA DE TECNOLOGIA DA INFORMAÇÃO E COMUNICAÇÃO,PROMOÇÃO DE DEFESA CIVIL
2025,1400,CORPO DE BOMBEIROS MILITAR DO ESTADO DE MINAS GERAIS - CBMMG,3,0,1401,CORPO DE BOMBEIROS MILITAR DO ESTADO DE MINAS GERAIS - CBMMG,3,3,90,30,66,1,10368,6,182,52,4,113,4113,1,30000.00,30000.00,30000.00,0,MANUTENÇÃO E AMPLIAÇÃO DA INFRAESTRUTURA E SISTEMA DE TECNOLOGIA DA INFORMAÇÃO E COMUNICAÇÃO,PROMOÇÃO DE DEFESA CIVIL
2025,1400,CORPO DE BOMBEIROS MILITAR DO ESTADO DE MINAS GERAIS - CBMMG,3,0,1401,CORPO DE BOMBEIROS MILITAR DO ESTADO DE MINAS GERAIS - CBMMG,3,3,90,30,70,1,10368,6,182,52,4,113,4113,1,68244.00,68244.00,68244.00,0,MANUTENÇÃO E AMPLIAÇÃO DA INFRAESTRUTURA E SISTEMA DE TECNOLOGIA DA INFORMAÇÃO E COMUNICAÇÃO,PROMOÇÃO DE DEFESA CIVIL
2025,1400,CORPO DE BOMBEIROS MILITAR DO ESTADO DE MINAS GERAIS - CBMMG,3,0,1401,CORPO DE BOMBEIROS MILITAR DO ESTADO DE MINAS GERAIS - CBMMG,3,3,90,36,10,1,10368,6,182,52,4,113,4113,1,894432.00,894432.00,894432.00,0,MANUTENÇÃO E AMPLIAÇÃO DA INFRAESTRUTURA E SISTEMA DE TECNOLOGIA DA INFORMAÇÃO E COMUNICAÇÃO,PROMOÇÃO DE DEFESA CIVIL
2025,1400,CORPO DE BOMBEIROS MILITAR DO ESTADO DE MINAS GERAIS - CBMMG,3,0,1401,CORPO DE BOMBEIROS MILITAR DO ESTADO DE MINAS GERAIS - CBMMG,3,3,90,39,10,1,10368,6,182,52,4,113,4113,1,780000.00,780000.00,780000.00,0,MANUTENÇÃO E AMPLIAÇÃO DA INFRAESTRUTURA E SISTEMA DE TECNOLOGIA DA INFORMAÇÃO E COMUNICAÇÃO,PROMOÇÃO DE DEFESA CIVIL
2025,1400,CORPO DE BOMBEIROS MILITAR DO ESTADO DE MINAS GERAIS - CBMMG,3,0,1401,CORPO DE BOMBEIROS MILITAR DO ESTADO DE MINAS GERAIS - CBMMG,3,3,90,39,66,1,10368,6,182,52,4,113,4113,1,45000.00,45000.00,45000.00,0,MANUTENÇÃO E AMPLIAÇÃO DA INFRAESTRUTURA E SISTEMA DE TECNOLOGIA DA INFORMAÇÃO E COMUNICAÇÃO,PROMOÇÃO DE DEFESA CIVIL
2025,1400,CORPO DE BOMBEIROS MILITAR DO ESTADO DE MINAS GERAIS - CBMMG,3,0,1401,CORPO DE BOMBEIROS MILITAR DO ESTADO DE MINAS GERAIS - CBMMG,3,3,90,39,70,1,10368,6,182,52,4,113,4113,1,32000.00,32000.00,32000.00,0,MANUTENÇÃO E AMPLIAÇÃO DA INFRAESTRUTURA E SISTEMA DE TECNOLOGIA DA INFORMAÇÃO E COMUNICAÇÃO,PROMOÇÃO DE DEFESA CIVIL
2025,1400,CORPO DE BOMBEIROS MILITAR DO ESTADO DE MINAS GERAIS - CBMMG,3,0,1401,CORPO DE BOMBEIROS MILITAR DO ESTADO DE MINAS GERAIS - CBMMG,3,3,90,40,10,1,10368,6,182,52,4,113,4113,1,8124482.00,8124482.00,8124482.00,0,MANUTENÇÃO E AMPLIAÇÃO DA INFRAESTRUTURA E SISTEMA DE TECNOLOGIA DA INFORMAÇÃO E COMUNICAÇÃO,PROMOÇÃO DE DEFESA CIVIL
2025,1400,CORPO DE BOMBEIROS MILITAR DO ESTADO DE MINAS GERAIS - CBMMG,3,0,1401,CORPO DE BOMBEIROS MILITAR DO ESTADO DE MINAS GERAIS - CBMMG,4,4,90,40,27,1,10368,6,182,52,4,113,4113,1,1063560.00,1063560.00,1063560.00,0,MANUTENÇÃO E AMPLIAÇÃO DA INFRAESTRUTURA E SISTEMA DE TECNOLOGIA DA INFORMAÇÃO E COMUNICAÇÃO,PROMOÇÃO DE DEFESA CIVIL
2025,1400,CORPO DE BOMBEIROS MILITAR DO ESTADO DE MINAS GERAIS - CBMMG,3,0,1401,CORPO DE BOMBEIROS MILITAR DO ESTADO DE MINAS GERAIS - CBMMG,4,4,90,52,24,1,10368,6,182,52,4,113,4113,1,2812000.00,2812000.00,2812000.00,0,MANUTENÇÃO E AMPLIAÇÃO DA INFRAESTRUTURA E SISTEMA DE TECNOLOGIA DA INFORMAÇÃO E COMUNICAÇÃO,PROMOÇÃO DE DEFESA CIVIL
2025,1400,CORPO DE BOMBEIROS MILITAR DO ESTADO DE MINAS GERAIS - CBMMG,3,0,1401,CORPO DE BOMBEIROS MILITAR DO ESTADO DE MINAS GERAIS - CBMMG,4,4,90,52,66,1,10368,6,182,52,4,113,4113,1,30000.00,30000.00,30000.00,0,MANUTENÇÃO E AMPLIAÇÃO DA INFRAESTRUTURA E SISTEMA DE TECNOLOGIA DA INFORMAÇÃO E COMUNICAÇÃO,PROMOÇÃO DE DEFESA CIVIL
2025,1400,CORPO DE BOMBEIROS MILITAR DO ESTADO DE MINAS GERAIS - CBMMG,3,0,1401,CORPO DE BOMBEIROS MILITAR DO ESTADO DE MINAS GERAIS - CBMMG,4,4,90,52,70,1,10368,6,182,52,4,113,4113,1,200000.00,200000.00,200000.00,0,MANUTENÇÃO E AMPLIAÇÃO DA INFRAESTRUTURA E SISTEMA DE TECNOLOGIA DA INFORMAÇÃO E COMUNICAÇÃO,PROMOÇÃO DE DEFESA CIVIL
2025,1400,CORPO DE BOMBEIROS MILITAR DO ESTADO DE MINAS GERAIS - CBMMG,3,0,1401,CORPO DE BOMBEIROS MILITAR DO ESTADO DE MINAS GERAIS - CBMMG,3,1,90,12,10,1,10369,6,182,52,4,114,4114,1,330367784.00,330367784.00,330367784.00,0,"GESTÃO DA PREVENÇÃO, MITIGAÇÃO E PREPARAÇÃO DE DESASTRE",PROMOÇÃO DE DEFESA CIVIL
2025,1400,CORPO DE BOMBEIROS MILITAR DO ESTADO DE MINAS GERAIS - CBMMG,3,0,1401,CORPO DE BOMBEIROS MILITAR DO ESTADO DE MINAS GERAIS - CBMMG,3,1,90,17,10,1,10369,6,182,52,4,114,4114,1,4498156.00,4498156.00,4498156.00,0,"GESTÃO DA PREVENÇÃO, MITIGAÇÃO E PREPARAÇÃO DE DESASTRE",PROMOÇÃO DE DEFESA CIVIL
2025,1400,CORPO DE BOMBEIROS MILITAR DO ESTADO DE MINAS GERAIS - CBMMG,3,0,1401,CORPO DE BOMBEIROS MILITAR DO ESTADO DE MINAS GERAIS - CBMMG,3,1,91,13,10,1,10369,6,182,52,4,114,4114,1,59285988.00,59285988.00,59285988.00,0,"GESTÃO DA PREVENÇÃO, MITIGAÇÃO E PREPARAÇÃO DE DESASTRE",PROMOÇÃO DE DEFESA CIVIL
2025,1400,CORPO DE BOMBEIROS MILITAR DO ESTADO DE MINAS GERAIS - CBMMG,3,0,1401,CORPO DE BOMBEIROS MILITAR DO ESTADO DE MINAS GERAIS - CBMMG,3,3,90,15,27,1,10369,6,182,52,4,114,4114,1,1042250.00,1042250.00,1042250.00,0,"GESTÃO DA PREVENÇÃO, MITIGAÇÃO E PREPARAÇÃO DE DESASTRE",PROMOÇÃO DE DEFESA CIVIL
2025,1400,CORPO DE BOMBEIROS MILITAR DO ESTADO DE MINAS GERAIS - CBMMG,3,0,1401,CORPO DE BOMBEIROS MILITAR DO ESTADO DE MINAS GERAIS - CBMMG,3,3,90,19,10,7,10369,6,182,52,4,114,4114,1,15828489.00,15828489.00,15828489.00,0,"GESTÃO DA PREVENÇÃO, MITIGAÇÃO E PREPARAÇÃO DE DESASTRE",PROMOÇÃO DE DEFESA CIVIL
2025,1400,CORPO DE BOMBEIROS MILITAR DO ESTADO DE MINAS GERAIS - CBMMG,3,0,1401,CORPO DE BOMBEIROS MILITAR DO ESTADO DE MINAS GERAIS - CBMMG,3,3,90,30,10,1,10369,6,182,52,4,114,4114,1,1608179.00,1608179.00,1608179.00,0,"GESTÃO DA PREVENÇÃO, MITIGAÇÃO E PREPARAÇÃO DE DESASTRE",PROMOÇÃO DE DEFESA CIVIL
2025,1400,CORPO DE BOMBEIROS MILITAR DO ESTADO DE MINAS GERAIS - CBMMG,3,0,1401,CORPO DE BOMBEIROS MILITAR DO ESTADO DE MINAS GERAIS - CBMMG,3,3,90,30,70,1,10369,6,182,52,4,114,4114,1,50000.00,50000.00,50000.00,0,"GESTÃO DA PREVENÇÃO, MITIGAÇÃO E PREPARAÇÃO DE DESASTRE",PROMOÇÃO DE DEFESA CIVIL
2025,1400,CORPO DE BOMBEIROS MILITAR DO ESTADO DE MINAS GERAIS - CBMMG,3,0,1401,CORPO DE BOMBEIROS MILITAR DO ESTADO DE MINAS GERAIS - CBMMG,3,3,90,33,27,1,10369,6,182,52,4,114,4114,1,98023.00,98023.00,98023.00,0,"GESTÃO DA PREVENÇÃO, MITIGAÇÃO E PREPARAÇÃO DE DESASTRE",PROMOÇÃO DE DEFESA CIVIL
2025,1400,CORPO DE BOMBEIROS MILITAR DO ESTADO DE MINAS GERAIS - CBMMG,3,0,1401,CORPO DE BOMBEIROS MILITAR DO ESTADO DE MINAS GERAIS - CBMMG,3,3,90,37,10,1,10369,6,182,52,4,114,4114,1,5075016.00,5075016.00,5075016.00,0,"GESTÃO DA PREVENÇÃO, MITIGAÇÃO E PREPARAÇÃO DE DESASTRE",PROMOÇÃO DE DEFESA CIVIL
2025,1400,CORPO DE BOMBEIROS MILITAR DO ESTADO DE MINAS GERAIS - CBMMG,3,0,1401,CORPO DE BOMBEIROS MILITAR DO ESTADO DE MINAS GERAIS - CBMMG,3,3,90,39,10,1,10369,6,182,52,4,114,4114,1,4919840.00,4919840.00,4919840.00,0,"GESTÃO DA PREVENÇÃO, MITIGAÇÃO E PREPARAÇÃO DE DESASTRE",PROMOÇÃO DE DEFESA CIVIL
2025,1400,CORPO DE BOMBEIROS MILITAR DO ESTADO DE MINAS GERAIS - CBMMG,3,0,1401,CORPO DE BOMBEIROS MILITAR DO ESTADO DE MINAS GERAIS - CBMMG,3,3,90,39,70,1,10369,6,182,52,4,114,4114,1,5000.00,5000.00,5000.00,0,"GESTÃO DA PREVENÇÃO, MITIGAÇÃO E PREPARAÇÃO DE DESASTRE",PROMOÇÃO DE DEFESA CIVIL
2025,1400,CORPO DE BOMBEIROS MILITAR DO ESTADO DE MINAS GERAIS - CBMMG,3,0,1401,CORPO DE BOMBEIROS MILITAR DO ESTADO DE MINAS GERAIS - CBMMG,3,3,90,46,10,1,10369,6,182,52,4,114,4114,1,150000.00,150000.00,150000.00,0,"GESTÃO DA PREVENÇÃO, MITIGAÇÃO E PREPARAÇÃO DE DESASTRE",PROMOÇÃO DE DEFESA CIVIL
2025,1400,CORPO DE BOMBEIROS MILITAR DO ESTADO DE MINAS GERAIS - CBMMG,3,0,1401,CORPO DE BOMBEIROS MILITAR DO ESTADO DE MINAS GERAIS - CBMMG,3,3,90,47,10,1,10369,6,182,52,4,114,4114,1,30000.00,30000.00,30000.00,0,"GESTÃO DA PREVENÇÃO, MITIGAÇÃO E PREPARAÇÃO DE DESASTRE",PROMOÇÃO DE DEFESA CIVIL
2025,1400,CORPO DE BOMBEIROS MILITAR DO ESTADO DE MINAS GERAIS - CBMMG,3,0,1401,CORPO DE BOMBEIROS MILITAR DO ESTADO DE MINAS GERAIS - CBMMG,3,3,90,93,10,1,10369,6,182,52,4,114,4114,1,2690325.00,2690325.00,2690325.00,0,"GESTÃO DA PREVENÇÃO, MITIGAÇÃO E PREPARAÇÃO DE DESASTRE",PROMOÇÃO DE DEFESA CIVIL
2025,1400,CORPO DE BOMBEIROS MILITAR DO ESTADO DE MINAS GERAIS - CBMMG,3,0,1401,CORPO DE BOMBEIROS MILITAR DO ESTADO DE MINAS GERAIS - CBMMG,3,3,90,93,27,1,10369,6,182,52,4,114,4114,1,947150.00,947150.00,947150.00,0,"GESTÃO DA PREVENÇÃO, MITIGAÇÃO E PREPARAÇÃO DE DESASTRE",PROMOÇÃO DE DEFESA CIVIL
2025,1400,CORPO DE BOMBEIROS MILITAR DO ESTADO DE MINAS GERAIS - CBMMG,3,0,1401,CORPO DE BOMBEIROS MILITAR DO ESTADO DE MINAS GERAIS - CBMMG,3,3,99,99,10,8,10369,6,182,52,4,114,4114,1,1000000.00,1000000.00,1200000.00,0,"GESTÃO DA PREVENÇÃO, MITIGAÇÃO E PREPARAÇÃO DE DESASTRE",PROMOÇÃO DE DEFESA CIVIL
2025,1400,CORPO DE BOMBEIROS MILITAR DO ESTADO DE MINAS GERAIS - CBMMG,3,0,1401,CORPO DE BOMBEIROS MILITAR DO ESTADO DE MINAS GERAIS - CBMMG,4,4,90,52,70,1,10369,6,182,52,4,114,4114,1,700000.00,700000.00,700000.00,0,"GESTÃO DA PREVENÇÃO, MITIGAÇÃO E PREPARAÇÃO DE DESASTRE",PROMOÇÃO DE DEFESA CIVIL
2025,1400,CORPO DE BOMBEIROS MILITAR DO ESTADO DE MINAS GERAIS - CBMMG,3,0,1401,CORPO DE BOMBEIROS MILITAR DO ESTADO DE MINAS GERAIS - CBMMG,4,4,99,99,10,8,10369,6,182,52,4,114,4114,1,500000.00,500000.00,7151000.00,0,"GESTÃO DA PREVENÇÃO, MITIGAÇÃO E PREPARAÇÃO DE DESASTRE",PROMOÇÃO DE DEFESA CIVIL
2025,1400,CORPO DE BOMBEIROS MILITAR DO ESTADO DE MINAS GERAIS - CBMMG,3,0,1401,CORPO DE BOMBEIROS MILITAR DO ESTADO DE MINAS GERAIS - CBMMG,3,1,90,12,10,1,10370,6,182,52,4,115,4115,1,444781931.00,444781931.00,444781931.00,0,GESTÃO DA RESPOSTA A DESASTRES,PROMOÇÃO DE DEFESA CIVIL
2025,1400,CORPO DE BOMBEIROS MILITAR DO ESTADO DE MINAS GERAIS - CBMMG,3,0,1401,CORPO DE BOMBEIROS MILITAR DO ESTADO DE MINAS GERAIS - CBMMG,3,1,90,17,10,1,10370,6,182,52,4,115,4115,1,3037500.00,3037500.00,3037500.00,0,GESTÃO DA RESPOSTA A DESASTRES,PROMOÇÃO DE DEFESA CIVIL
2025,1400,CORPO DE BOMBEIROS MILITAR DO ESTADO DE MINAS GERAIS - CBMMG,3,0,1401,CORPO DE BOMBEIROS MILITAR DO ESTADO DE MINAS GERAIS - CBMMG,3,1,91,13,10,1,10370,6,182,52,4,115,4115,1,79283719.00,79283719.00,79283719.00,0,GESTÃO DA RESPOSTA A DESASTRES,PROMOÇÃO DE DEFESA CIVIL
2025,1400,CORPO DE BOMBEIROS MILITAR DO ESTADO DE MINAS GERAIS - CBMMG,3,0,1401,CORPO DE BOMBEIROS MILITAR DO ESTADO DE MINAS GERAIS - CBMMG,3,3,90,15,27,1,10370,6,182,52,4,115,4115,1,1032615.00,1032615.00,1032615.00,0,GESTÃO DA RESPOSTA A DESASTRES,PROMOÇÃO DE DEFESA CIVIL
2025,1400,CORPO DE BOMBEIROS MILITAR DO ESTADO DE MINAS GERAIS - CBMMG,3,0,1401,CORPO DE BOMBEIROS MILITAR DO ESTADO DE MINAS GERAIS - CBMMG,3,3,90,19,10,7,10370,6,182,52,4,115,4115,1,28672484.00,28672484.00,28672484.00,0,GESTÃO DA RESPOSTA A DESASTRES,PROMOÇÃO DE DEFESA CIVIL
2025,1400,CORPO DE BOMBEIROS MILITAR DO ESTADO DE MINAS GERAIS - CBMMG,3,0,1401,CORPO DE BOMBEIROS MILITAR DO ESTADO DE MINAS GERAIS - CBMMG,3,3,90,30,10,1,10370,6,182,52,4,115,4115,1,9749460.00,9749460.00,9749460.00,0,GESTÃO DA RESPOSTA A DESASTRES,PROMOÇÃO DE DEFESA CIVIL
2025,1400,CORPO DE BOMBEIROS MILITAR DO ESTADO DE MINAS GERAIS - CBMMG,3,0,1401,CORPO DE BOMBEIROS MILITAR DO ESTADO DE MINAS GERAIS - CBMMG,3,3,90,30,24,1,10370,6,182,52,4,115,4115,1,5000000.00,5000000.00,5000000.00,0,GESTÃO DA RESPOSTA A DESASTRES,PROMOÇÃO DE DEFESA CIVIL
2025,1400,CORPO DE BOMBEIROS MILITAR DO ESTADO DE MINAS GERAIS - CBMMG,3,0,1401,CORPO DE BOMBEIROS MILITAR DO ESTADO DE MINAS GERAIS - CBMMG,3,3,90,30,70,1,10370,6,182,52,4,115,4115,1,150000.00,150000.00,150000.00,0,GESTÃO DA RESPOSTA A DESASTRES,PROMOÇÃO DE DEFESA CIVIL
2025,1400,CORPO DE BOMBEIROS MILITAR DO ESTADO DE MINAS GERAIS - CBMMG,3,0,1401,CORPO DE BOMBEIROS MILITAR DO ESTADO DE MINAS GERAIS - CBMMG,3,3,90,33,27,1,10370,6,182,52,4,115,4115,1,1776.00,1776.00,1776.00,0,GESTÃO DA RESPOSTA A DESASTRES,PROMOÇÃO DE DEFESA CIVIL
2025,1400,CORPO DE BOMBEIROS MILITAR DO ESTADO DE MINAS GERAIS - CBMMG,3,0,1401,CORPO DE BOMBEIROS MILITAR DO ESTADO DE MINAS GERAIS - CBMMG,3,3,90,37,70,1,10370,6,182,52,4,115,4115,1,30000.00,30000.00,30000.00,0,GESTÃO DA RESPOSTA A DESASTRES,PROMOÇÃO DE DEFESA CIVIL
2025,1400,CORPO DE BOMBEIROS MILITAR DO ESTADO DE MINAS GERAIS - CBMMG,3,0,1401,CORPO DE BOMBEIROS MILITAR DO ESTADO DE MINAS GERAIS - CBMMG,3,3,90,39,10,1,10370,6,182,52,4,115,4115,1,12888974.00,12888974.00,12888974.00,0,GESTÃO DA RESPOSTA A DESASTRES,PROMOÇÃO DE DEFESA CIVIL
2025,1400,CORPO DE BOMBEIROS MILITAR DO ESTADO DE MINAS GERAIS - CBMMG,3,0,1401,CORPO DE BOMBEIROS MILITAR DO ESTADO DE MINAS GERAIS - CBMMG,3,3,90,39,24,1,10370,6,182,52,4,115,4115,1,500000.00,500000.00,500000.00,0,GESTÃO DA RESPOSTA A DESASTRES,PROMOÇÃO DE DEFESA CIVIL
2025,1400,CORPO DE BOMBEIROS MILITAR DO ESTADO DE MINAS GERAIS - CBMMG,3,0,1401,CORPO DE BOMBEIROS MILITAR DO ESTADO DE MINAS GERAIS - CBMMG,3,3,90,39,70,1,10370,6,182,52,4,115,4115,1,100000.00,100000.00,100000.00,0,GESTÃO DA RESPOSTA A DESASTRES,PROMOÇÃO DE DEFESA CIVIL
2025,1400,CORPO DE BOMBEIROS MILITAR DO ESTADO DE MINAS GERAIS - CBMMG,3,0,1401,CORPO DE BOMBEIROS MILITAR DO ESTADO DE MINAS GERAIS - CBMMG,4,4,90,52,1,1,10370,6,182,52,4,115,4115,1,39584.00,39584.00,39584.00,0,GESTÃO DA RESPOSTA A DESASTRES,PROMOÇÃO DE DEFESA CIVIL
2025,1400,CORPO DE BOMBEIROS MILITAR DO ESTADO DE MINAS GERAIS - CBMMG,3,0,1401,CORPO DE BOMBEIROS MILITAR DO ESTADO DE MINAS GERAIS - CBMMG,4,4,90,52,2,1,10370,6,182,52,4,115,4115,1,20816987.00,20816987.00,20816987.00,0,GESTÃO DA RESPOSTA A DESASTRES,PROMOÇÃO DE DEFESA CIVIL
2025,1400,CORPO DE BOMBEIROS MILITAR DO ESTADO DE MINAS GERAIS - CBMMG,3,0,1401,CORPO DE BOMBEIROS MILITAR DO ESTADO DE MINAS GERAIS - CBMMG,4,4,90,52,24,1,10370,6,182,52,4,115,4115,1,14098031.00,14098031.00,14098031.00,0,GESTÃO DA RESPOSTA A DESASTRES,PROMOÇÃO DE DEFESA CIVIL
2025,1400,CORPO DE BOMBEIROS MILITAR DO ESTADO DE MINAS GERAIS - CBMMG,3,0,1401,CORPO DE BOMBEIROS MILITAR DO ESTADO DE MINAS GERAIS - CBMMG,4,4,90,52,27,1,10370,6,182,52,4,115,4115,1,249600.00,249600.00,249600.00,0,GESTÃO DA RESPOSTA A DESASTRES,PROMOÇÃO DE DEFESA CIVIL
2025,1400,CORPO DE BOMBEIROS MILITAR DO ESTADO DE MINAS GERAIS - CBMMG,3,0,1401,CORPO DE BOMBEIROS MILITAR DO ESTADO DE MINAS GERAIS - CBMMG,4,4,90,52,66,1,10370,6,182,52,4,115,4115,1,260995.00,260995.00,260995.00,0,GESTÃO DA RESPOSTA A DESASTRES,PROMOÇÃO DE DEFESA CIVIL
2025,1400,CORPO DE BOMBEIROS MILITAR DO ESTADO DE MINAS GERAIS - CBMMG,3,0,1401,CORPO DE BOMBEIROS MILITAR DO ESTADO DE MINAS GERAIS - CBMMG,4,4,90,52,70,1,10370,6,182,52,4,115,4115,1,1200000.00,1200000.00,1200000.00,0,GESTÃO DA RESPOSTA A DESASTRES,PROMOÇÃO DE DEFESA CIVIL
2025,1400,CORPO DE BOMBEIROS MILITAR DO ESTADO DE MINAS GERAIS - CBMMG,3,0,1401,CORPO DE BOMBEIROS MILITAR DO ESTADO DE MINAS GERAIS - CBMMG,3,3,90,15,60,1,10373,6,182,52,4,117,4117,1,48000.00,48000.00,48000.00,0,BOMBEIRO NAS ESCOLAS,PROMOÇÃO DE DEFESA CIVIL
2025,1400,CORPO DE BOMBEIROS MILITAR DO ESTADO DE MINAS GERAIS - CBMMG,3,0,1401,CORPO DE BOMBEIROS MILITAR DO ESTADO DE MINAS GERAIS - CBMMG,3,3,90,14,10,1,10377,6,182,52,4,120,4120,1,15000.00,15000.00,15000.00,0,MODERNIZAÇÃO E ESTRUTURAÇÃO DO CORPO DE BOMBEIROS MILITAR DE MINAS GERAIS,PROMOÇÃO DE DEFESA CIVIL
2025,1400,CORPO DE BOMBEIROS MILITAR DO ESTADO DE MINAS GERAIS - CBMMG,3,0,1401,CORPO DE BOMBEIROS MILITAR DO ESTADO DE MINAS GERAIS - CBMMG,3,3,90,15,10,1,10377,6,182,52,4,120,4120,1,75000.00,75000.00,75000.00,0,MODERNIZAÇÃO E ESTRUTURAÇÃO DO CORPO DE BOMBEIROS MILITAR DE MINAS GERAIS,PROMOÇÃO DE DEFESA CIVIL
2025,1400,CORPO DE BOMBEIROS MILITAR DO ESTADO DE MINAS GERAIS - CBMMG,3,0,1401,CORPO DE BOMBEIROS MILITAR DO ESTADO DE MINAS GERAIS - CBMMG,3,3,90,30,10,1,10377,6,182,52,4,120,4120,1,624824.00,624824.00,624824.00,0,MODERNIZAÇÃO E ESTRUTURAÇÃO DO CORPO DE BOMBEIROS MILITAR DE MINAS GERAIS,PROMOÇÃO DE DEFESA CIVIL
2025,1400,CORPO DE BOMBEIROS MILITAR DO ESTADO DE MINAS GERAIS - CBMMG,3,0,1401,CORPO DE BOMBEIROS MILITAR DO ESTADO DE MINAS GERAIS - CBMMG,3,3,90,30,24,1,10377,6,182,52,4,120,4120,1,1500000.00,1500000.00,1500000.00,0,MODERNIZAÇÃO E ESTRUTURAÇÃO DO CORPO DE BOMBEIROS MILITAR DE MINAS GERAIS,PROMOÇÃO DE DEFESA CIVIL
2025,1400,CORPO DE BOMBEIROS MILITAR DO ESTADO DE MINAS GERAIS - CBMMG,3,0,1401,CORPO DE BOMBEIROS MILITAR DO ESTADO DE MINAS GERAIS - CBMMG,3,3,90,30,66,1,10377,6,182,52,4,120,4120,1,40000.00,40000.00,40000.00,0,MODERNIZAÇÃO E ESTRUTURAÇÃO DO CORPO DE BOMBEIROS MILITAR DE MINAS GERAIS,PROMOÇÃO DE DEFESA CIVIL
2025,1400,CORPO DE BOMBEIROS MILITAR DO ESTADO DE MINAS GERAIS - CBMMG,3,0,1401,CORPO DE BOMBEIROS MILITAR DO ESTADO DE MINAS GERAIS - CBMMG,3,3,90,30,70,1,10377,6,182,52,4,120,4120,1,100000.00,100000.00,100000.00,0,MODERNIZAÇÃO E ESTRUTURAÇÃO DO CORPO DE BOMBEIROS MILITAR DE MINAS GERAIS,PROMOÇÃO DE DEFESA CIVIL
2025,1400,CORPO DE BOMBEIROS MILITAR DO ESTADO DE MINAS GERAIS - CBMMG,3,0,1401,CORPO DE BOMBEIROS MILITAR DO ESTADO DE MINAS GERAIS - CBMMG,3,3,90,39,10,1,10377,6,182,52,4,120,4120,1,720000.00,720000.00,720000.00,0,MODERNIZAÇÃO E ESTRUTURAÇÃO DO CORPO DE BOMBEIROS MILITAR DE MINAS GERAIS,PROMOÇÃO DE DEFESA CIVIL
2025,1400,CORPO DE BOMBEIROS MILITAR DO ESTADO DE MINAS GERAIS - CBMMG,3,0,1401,CORPO DE BOMBEIROS MILITAR DO ESTADO DE MINAS GERAIS - CBMMG,3,3,90,39,66,1,10377,6,182,52,4,120,4120,1,150000.00,150000.00,150000.00,0,MODERNIZAÇÃO E ESTRUTURAÇÃO DO CORPO DE BOMBEIROS MILITAR DE MINAS GERAIS,PROMOÇÃO DE DEFESA CIVIL
2025,1400,CORPO DE BOMBEIROS MILITAR DO ESTADO DE MINAS GERAIS - CBMMG,3,0,1401,CORPO DE BOMBEIROS MILITAR DO ESTADO DE MINAS GERAIS - CBMMG,3,3,90,39,70,1,10377,6,182,52,4,120,4120,1,60000.00,60000.00,60000.00,0,MODERNIZAÇÃO E ESTRUTURAÇÃO DO CORPO DE BOMBEIROS MILITAR DE MINAS GERAIS,PROMOÇÃO DE DEFESA CIVIL
2025,1400,CORPO DE BOMBEIROS MILITAR DO ESTADO DE MINAS GERAIS - CBMMG,3,0,1401,CORPO DE BOMBEIROS MILITAR DO ESTADO DE MINAS GERAIS - CBMMG,3,3,99,99,10,8,10377,6,182,52,4,120,4120,1,150000.00,150000.00,150000.00,0,MODERNIZAÇÃO E ESTRUTURAÇÃO DO CORPO DE BOMBEIROS MILITAR DE MINAS GERAIS,PROMOÇÃO DE DEFESA CIVIL
2025,1400,CORPO DE BOMBEIROS MILITAR DO ESTADO DE MINAS GERAIS - CBMMG,3,0,1401,CORPO DE BOMBEIROS MILITAR DO ESTADO DE MINAS GERAIS - CBMMG,4,4,90,39,80,1,10377,6,182,52,4,120,4120,1,6250000.00,6250000.00,6250000.00,0,MODERNIZAÇÃO E ESTRUTURAÇÃO DO CORPO DE BOMBEIROS MILITAR DE MINAS GERAIS,PROMOÇÃO DE DEFESA CIVIL
2025,1400,CORPO DE BOMBEIROS MILITAR DO ESTADO DE MINAS GERAIS - CBMMG,3,0,1401,CORPO DE BOMBEIROS MILITAR DO ESTADO DE MINAS GERAIS - CBMMG,4,4,90,40,27,1,10377,6,182,52,4,120,4120,1,433000.00,433000.00,433000.00,0,MODERNIZAÇÃO E ESTRUTURAÇÃO DO CORPO DE BOMBEIROS MILITAR DE MINAS GERAIS,PROMOÇÃO DE DEFESA CIVIL
2025,1400,CORPO DE BOMBEIROS MILITAR DO ESTADO DE MINAS GERAIS - CBMMG,3,0,1401,CORPO DE BOMBEIROS MILITAR DO ESTADO DE MINAS GERAIS - CBMMG,4,4,90,51,25,1,10377,6,182,52,4,120,4120,1,5100000.00,5100000.00,5100000.00,0,MODERNIZAÇÃO E ESTRUTURAÇÃO DO CORPO DE BOMBEIROS MILITAR DE MINAS GERAIS,PROMOÇÃO DE DEFESA CIVIL
2025,1400,CORPO DE BOMBEIROS MILITAR DO ESTADO DE MINAS GERAIS - CBMMG,3,0,1401,CORPO DE BOMBEIROS MILITAR DO ESTADO DE MINAS GERAIS - CBMMG,4,4,90,52,24,1,10377,6,182,52,4,120,4120,1,2500000.00,2500000.00,2500000.00,0,MODERNIZAÇÃO E ESTRUTURAÇÃO DO CORPO DE BOMBEIROS MILITAR DE MINAS GERAIS,PROMOÇÃO DE DEFESA CIVIL
2025,1400,CORPO DE BOMBEIROS MILITAR DO ESTADO DE MINAS GERAIS - CBMMG,3,0,1401,CORPO DE BOMBEIROS MILITAR DO ESTADO DE MINAS GERAIS - CBMMG,4,4,90,52,70,1,10377,6,182,52,4,120,4120,1,400277.00,400277.00,400277.00,0,MODERNIZAÇÃO E ESTRUTURAÇÃO DO CORPO DE BOMBEIROS MILITAR DE MINAS GERAIS,PROMOÇÃO DE DEFESA CIVIL
2025,1400,CORPO DE BOMBEIROS MILITAR DO ESTADO DE MINAS GERAIS - CBMMG,3,0,1401,CORPO DE BOMBEIROS MILITAR DO ESTADO DE MINAS GERAIS - CBMMG,4,4,90,52,74,1,10377,6,182,52,4,120,4120,1,422053.00,422053.00,422053.00,0,MODERNIZAÇÃO E ESTRUTURAÇÃO DO CORPO DE BOMBEIROS MILITAR DE MINAS GERAIS,PROMOÇÃO DE DEFESA CIVIL
2025,1400,CORPO DE BOMBEIROS MILITAR DO ESTADO DE MINAS GERAIS - CBMMG,3,0,1401,CORPO DE BOMBEIROS MILITAR DO ESTADO DE MINAS GERAIS - CBMMG,4,4,90,52,80,1,10377,6,182,52,4,120,4120,1,8195369.00,8195369.00,8195369.00,0,MODERNIZAÇÃO E ESTRUTURAÇÃO DO CORPO DE BOMBEIROS MILITAR DE MINAS GERAIS,PROMOÇÃO DE DEFESA CIVIL
2025,1400,CORPO DE BOMBEIROS MILITAR DO ESTADO DE MINAS GERAIS - CBMMG,3,0,1401,CORPO DE BOMBEIROS MILITAR DO ESTADO DE MINAS GERAIS - CBMMG,4,4,99,99,10,4,10377,6,182,52,4,120,4120,1,520000.00,520000.00,520000.00,0,MODERNIZAÇÃO E ESTRUTURAÇÃO DO CORPO DE BOMBEIROS MILITAR DE MINAS GERAIS,PROMOÇÃO DE DEFESA CIVIL
2025,1400,CORPO DE BOMBEIROS MILITAR DO ESTADO DE MINAS GERAIS - CBMMG,3,0,1401,CORPO DE BOMBEIROS MILITAR DO ESTADO DE MINAS GERAIS - CBMMG,4,4,99,99,10,8,10377,6,182,52,4,120,4120,1,1000000.00,1000000.00,2100000.00,0,MODERNIZAÇÃO E ESTRUTURAÇÃO DO CORPO DE BOMBEIROS MILITAR DE MINAS GERAIS,PROMOÇÃO DE DEFESA CIVIL
2025,1400,CORPO DE BOMBEIROS MILITAR DO ESTADO DE MINAS GERAIS - CBMMG,3,0,1401,CORPO DE BOMBEIROS MILITAR DO ESTADO DE MINAS GERAIS - CBMMG,3,3,90,30,10,1,10404,6,182,52,4,140,4140,1,1000.00,1000.00,1000.00,0,MODERNIZAÇÃO E ESTRUTURAÇÃO DO CORPO DE BOMBEIROS MILITAR DE MINAS GERAIS - REPARAÇÃO BRUMADINHO,PROMOÇÃO DE DEFESA CIVIL
2025,1400,CORPO DE BOMBEIROS MILITAR DO ESTADO DE MINAS GERAIS - CBMMG,3,0,1401,CORPO DE BOMBEIROS MILITAR DO ESTADO DE MINAS GERAIS - CBMMG,3,3,90,30,10,1,10405,6,182,52,4,141,4141,1,1000.00,1000.00,1000.00,0,MANUTENÇÃO E AMPLIAÇÃO DO SISTEMA DE TIC PARA POTENCIALIZAÇÃO DO SERVIÇO DE SEGURANÇA CONTRA INCÊNDIO E PÂNICO - REPARAÇÃO BRUMADINHO,PROMOÇÃO DE DEFESA CIVIL
2025,1400,CORPO DE BOMBEIROS MILITAR DO ESTADO DE MINAS GERAIS - CBMMG,3,0,1401,CORPO DE BOMBEIROS MILITAR DO ESTADO DE MINAS GERAIS - CBMMG,3,3,90,30,10,1,10131,6,182,705,4,556,4556,1,1000.00,1000.00,1000.00,0,AMPLIAÇÃO DE POSTOS DE ABASTECIMENTO PRÓPRIOS DO ESTADO - CBMMG,APOIO ÀS POLÍTICAS PÚBLICAS
2025,1400,CORPO DE BOMBEIROS MILITAR DO ESTADO DE MINAS GERAIS - CBMMG,3,0,1401,CORPO DE BOMBEIROS MILITAR DO ESTADO DE MINAS GERAIS - CBMMG,3,1,90,1,10,1,2428,6,272,705,7,7,7007,1,674284860.00,674284860.00,674284860.00,0,PROVENTOS DE INATIVOS MILITARES,APOIO ÀS POLÍTICAS PÚBLICAS
2025,1400,CORPO DE BOMBEIROS MILITAR DO ESTADO DE MINAS GERAIS - CBMMG,3,0,1401,CORPO DE BOMBEIROS MILITAR DO ESTADO DE MINAS GERAIS - CBMMG,3,1,91,13,10,1,2428,6,272,705,7,7,7007,1,121027247.00,121027247.00,121027247.00,0,PROVENTOS DE INATIVOS MILITARES,APOIO ÀS POLÍTICAS PÚBLICAS
2025,1400,CORPO DE BOMBEIROS MILITAR DO ESTADO DE MINAS GERAIS - CBMMG,3,0,1401,CORPO DE BOMBEIROS MILITAR DO ESTADO DE MINAS GERAIS - CBMMG,3,1,90,12,10,1,10364,10,302,52,2,21,2021,1,25974555.00,25974555.00,25974555.00,0,"ASSISTÊNCIA MÉDICA, ODONTOLÓGICA, PSICOLÓGICA E FISIOTERÁPICA AOS BOMBEIROS MILITARES E SEUS DEPENDENTES",PROMOÇÃO DE DEFESA CIVIL
2025,1400,CORPO DE BOMBEIROS MILITAR DO ESTADO DE MINAS GERAIS - CBMMG,3,0,1401,CORPO DE BOMBEIROS MILITAR DO ESTADO DE MINAS GERAIS - CBMMG,3,1,90,17,10,1,10364,10,302,52,2,21,2021,1,91125.00,91125.00,91125.00,0,"ASSISTÊNCIA MÉDICA, ODONTOLÓGICA, PSICOLÓGICA E FISIOTERÁPICA AOS BOMBEIROS MILITARES E SEUS DEPENDENTES",PROMOÇÃO DE DEFESA CIVIL
2025,1400,CORPO DE BOMBEIROS MILITAR DO ESTADO DE MINAS GERAIS - CBMMG,3,0,1401,CORPO DE BOMBEIROS MILITAR DO ESTADO DE MINAS GERAIS - CBMMG,3,1,91,13,10,1,10364,10,302,52,2,21,2021,1,4614771.00,4614771.00,4614771.00,0,"ASSISTÊNCIA MÉDICA, ODONTOLÓGICA, PSICOLÓGICA E FISIOTERÁPICA AOS BOMBEIROS MILITARES E SEUS DEPENDENTES",PROMOÇÃO DE DEFESA CIVIL
2025,1400,CORPO DE BOMBEIROS MILITAR DO ESTADO DE MINAS GERAIS - CBMMG,3,0,1401,CORPO DE BOMBEIROS MILITAR DO ESTADO DE MINAS GERAIS - CBMMG,3,3,90,15,10,1,10364,10,302,52,2,21,2021,1,22738.00,22738.00,22738.00,0,"ASSISTÊNCIA MÉDICA, ODONTOLÓGICA, PSICOLÓGICA E FISIOTERÁPICA AOS BOMBEIROS MILITARES E SEUS DEPENDENTES",PROMOÇÃO DE DEFESA CIVIL
2025,1400,CORPO DE BOMBEIROS MILITAR DO ESTADO DE MINAS GERAIS - CBMMG,3,0,1401,CORPO DE BOMBEIROS MILITAR DO ESTADO DE MINAS GERAIS - CBMMG,3,3,90,15,27,1,10364,10,302,52,2,21,2021,1,134396.00,134396.00,134396.00,0,"ASSISTÊNCIA MÉDICA, ODONTOLÓGICA, PSICOLÓGICA E FISIOTERÁPICA AOS BOMBEIROS MILITARES E SEUS DEPENDENTES",PROMOÇÃO DE DEFESA CIVIL
2025,1400,CORPO DE BOMBEIROS MILITAR DO ESTADO DE MINAS GERAIS - CBMMG,3,0,1401,CORPO DE BOMBEIROS MILITAR DO ESTADO DE MINAS GERAIS - CBMMG,3,3,90,15,60,2,10364,10,302,52,2,21,2021,1,75000.00,75000.00,75000.00,0,"ASSISTÊNCIA MÉDICA, ODONTOLÓGICA, PSICOLÓGICA E FISIOTERÁPICA AOS BOMBEIROS MILITARES E SEUS DEPENDENTES",PROMOÇÃO DE DEFESA CIVIL
2025,1400,CORPO DE BOMBEIROS MILITAR DO ESTADO DE MINAS GERAIS - CBMMG,3,0,1401,CORPO DE BOMBEIROS MILITAR DO ESTADO DE MINAS GERAIS - CBMMG,3,3,90,19,10,7,10364,10,302,52,2,21,2021,1,1223301.00,1223301.00,1223301.00,0,"ASSISTÊNCIA MÉDICA, ODONTOLÓGICA, PSICOLÓGICA E FISIOTERÁPICA AOS BOMBEIROS MILITARES E SEUS DEPENDENTES",PROMOÇÃO DE DEFESA CIVIL
2025,1400,CORPO DE BOMBEIROS MILITAR DO ESTADO DE MINAS GERAIS - CBMMG,3,0,1401,CORPO DE BOMBEIROS MILITAR DO ESTADO DE MINAS GERAIS - CBMMG,3,3,90,30,60,2,10364,10,302,52,2,21,2021,1,55129.00,55129.00,55129.00,0,"ASSISTÊNCIA MÉDICA, ODONTOLÓGICA, PSICOLÓGICA E FISIOTERÁPICA AOS BOMBEIROS MILITARES E SEUS DEPENDENTES",PROMOÇÃO DE DEFESA CIVIL
2025,1400,CORPO DE BOMBEIROS MILITAR DO ESTADO DE MINAS GERAIS - CBMMG,3,0,1401,CORPO DE BOMBEIROS MILITAR DO ESTADO DE MINAS GERAIS - CBMMG,3,3,90,33,27,1,10364,10,302,52,2,21,2021,1,3552.00,3552.00,3552.00,0,"ASSISTÊNCIA MÉDICA, ODONTOLÓGICA, PSICOLÓGICA E FISIOTERÁPICA AOS BOMBEIROS MILITARES E SEUS DEPENDENTES",PROMOÇÃO DE DEFESA CIVIL
2025,1400,CORPO DE BOMBEIROS MILITAR DO ESTADO DE MINAS GERAIS - CBMMG,3,0,1401,CORPO DE BOMBEIROS MILITAR DO ESTADO DE MINAS GERAIS - CBMMG,3,3,90,37,60,2,10364,10,302,52,2,21,2021,1,158475.00,158475.00,158475.00,0,"ASSISTÊNCIA MÉDICA, ODONTOLÓGICA, PSICOLÓGICA E FISIOTERÁPICA AOS BOMBEIROS MILITARES E SEUS DEPENDENTES",PROMOÇÃO DE DEFESA CIVIL
2025,1400,CORPO DE BOMBEIROS MILITAR DO ESTADO DE MINAS GERAIS - CBMMG,3,0,1401,CORPO DE BOMBEIROS MILITAR DO ESTADO DE MINAS GERAIS - CBMMG,3,3,90,39,60,2,10364,10,302,52,2,21,2021,1,132383.00,132383.00,132383.00,0,"ASSISTÊNCIA MÉDICA, ODONTOLÓGICA, PSICOLÓGICA E FISIOTERÁPICA AOS BOMBEIROS MILITARES E SEUS DEPENDENTES",PROMOÇÃO DE DEFESA CIVIL
2025,1400,CORPO DE BOMBEIROS MILITAR DO ESTADO DE MINAS GERAIS - CBMMG,3,0,1401,CORPO DE BOMBEIROS MILITAR DO ESTADO DE MINAS GERAIS - CBMMG,3,3,90,40,60,2,10364,10,302,52,2,21,2021,1,416471.00,416471.00,416471.00,0,"ASSISTÊNCIA MÉDICA, ODONTOLÓGICA, PSICOLÓGICA E FISIOTERÁPICA AOS BOMBEIROS MILITARES E SEUS DEPENDENTES",PROMOÇÃO DE DEFESA CIVIL
2025,1400,CORPO DE BOMBEIROS MILITAR DO ESTADO DE MINAS GERAIS - CBMMG,3,0,1401,CORPO DE BOMBEIROS MILITAR DO ESTADO DE MINAS GERAIS - CBMMG,4,4,90,52,60,2,10364,10,302,52,2,21,2021,1,61402.00,61402.00,61402.00,0,"ASSISTÊNCIA MÉDICA, ODONTOLÓGICA, PSICOLÓGICA E FISIOTERÁPICA AOS BOMBEIROS MILITARES E SEUS DEPENDENTES",PROMOÇÃO DE DEFESA CIVIL
2025,1400,CORPO DE BOMBEIROS MILITAR DO ESTADO DE MINAS GERAIS - CBMMG,3,0,1401,CORPO DE BOMBEIROS MILITAR DO ESTADO DE MINAS GERAIS - CBMMG,3,3,90,30,10,1,10341,10,302,53,4,94,4094,1,633000.00,633000.00,633000.00,0,SUPORTE BÁSICO E AVANÇADO DE VIDA,ATENDIMENTO PRÉ-HOSPITALAR
2025,1400,CORPO DE BOMBEIROS MILITAR DO ESTADO DE MINAS GERAIS - CBMMG,3,0,1401,CORPO DE BOMBEIROS MILITAR DO ESTADO DE MINAS GERAIS - CBMMG,3,3,90,30,70,1,10341,10,302,53,4,94,4094,1,7000.00,7000.00,7000.00,0,SUPORTE BÁSICO E AVANÇADO DE VIDA,ATENDIMENTO PRÉ-HOSPITALAR
2025,1400,CORPO DE BOMBEIROS MILITAR DO ESTADO DE MINAS GERAIS - CBMMG,3,0,1401,CORPO DE BOMBEIROS MILITAR DO ESTADO DE MINAS GERAIS - CBMMG,3,3,90,39,70,1,10341,10,302,53,4,94,4094,1,15000.00,15000.00,15000.00,0,SUPORTE BÁSICO E AVANÇADO DE VIDA,ATENDIMENTO PRÉ-HOSPITALAR
2025,1400,CORPO DE BOMBEIROS MILITAR DO ESTADO DE MINAS GERAIS - CBMMG,3,0,1401,CORPO DE BOMBEIROS MILITAR DO ESTADO DE MINAS GERAIS - CBMMG,3,3,99,99,10,8,10341,10,302,53,4,94,4094,1,500000.00,500000.00,500000.00,0,SUPORTE BÁSICO E AVANÇADO DE VIDA,ATENDIMENTO PRÉ-HOSPITALAR
2025,1400,CORPO DE BOMBEIROS MILITAR DO ESTADO DE MINAS GERAIS - CBMMG,3,0,1401,CORPO DE BOMBEIROS MILITAR DO ESTADO DE MINAS GERAIS - CBMMG,4,4,90,52,27,1,10341,10,302,53,4,94,4094,1,130000.00,130000.00,130000.00,0,SUPORTE BÁSICO E AVANÇADO DE VIDA,ATENDIMENTO PRÉ-HOSPITALAR
2025,1400,CORPO DE BOMBEIROS MILITAR DO ESTADO DE MINAS GERAIS - CBMMG,3,0,1401,CORPO DE BOMBEIROS MILITAR DO ESTADO DE MINAS GERAIS - CBMMG,4,4,90,52,70,1,10341,10,302,53,4,94,4094,1,100000.00,100000.00,100000.00,0,SUPORTE BÁSICO E AVANÇADO DE VIDA,ATENDIMENTO PRÉ-HOSPITALAR
2025,1400,CORPO DE BOMBEIROS MILITAR DO ESTADO DE MINAS GERAIS - CBMMG,3,0,1401,CORPO DE BOMBEIROS MILITAR DO ESTADO DE MINAS GERAIS - CBMMG,4,4,99,99,10,8,10341,10,302,53,4,94,4094,1,900000.00,900000.00,7100000.00,0,SUPORTE BÁSICO E AVANÇADO DE VIDA,ATENDIMENTO PRÉ-HOSPITALAR
2025,1400,CORPO DE BOMBEIROS MILITAR DO ESTADO DE MINAS GERAIS - CBMMG,3,0,1401,CORPO DE BOMBEIROS MILITAR DO ESTADO DE MINAS GERAIS - CBMMG,3,3,90,15,60,1,10371,12,363,52,4,116,4116,1,120000.00,120000.00,120000.00,0,FORMAÇÃO E CAPACITAÇÃO TÉCNICO PROFISSIONAL PARA CIVIS,PROMOÇÃO DE DEFESA CIVIL
2025,1400,CORPO DE BOMBEIROS MILITAR DO ESTADO DE MINAS GERAIS - CBMMG,3,0,1401,CORPO DE BOMBEIROS MILITAR DO ESTADO DE MINAS GERAIS - CBMMG,3,3,90,15,27,1,10402,18,182,52,4,138,4138,1,598434.00,598434.00,598434.00,0,"SUPORTE ÀS AÇÕES DE PREVENÇÃO, MITIGAÇÃO, PREPARAÇÃO E RESPOSTA AOS INCÊNDIOS EM VEGETAÇÃO",PROMOÇÃO DE DEFESA CIVIL
2025,1400,CORPO DE BOMBEIROS MILITAR DO ESTADO DE MINAS GERAIS - CBMMG,3,0,1401,CORPO DE BOMBEIROS MILITAR DO ESTADO DE MINAS GERAIS - CBMMG,3,3,90,30,10,1,10402,18,182,52,4,138,4138,1,60000.00,60000.00,60000.00,0,"SUPORTE ÀS AÇÕES DE PREVENÇÃO, MITIGAÇÃO, PREPARAÇÃO E RESPOSTA AOS INCÊNDIOS EM VEGETAÇÃO",PROMOÇÃO DE DEFESA CIVIL
2025,1400,CORPO DE BOMBEIROS MILITAR DO ESTADO DE MINAS GERAIS - CBMMG,3,0,1401,CORPO DE BOMBEIROS MILITAR DO ESTADO DE MINAS GERAIS - CBMMG,3,3,90,30,60,2,10402,18,182,52,4,138,4138,1,64044.00,64044.00,64044.00,0,"SUPORTE ÀS AÇÕES DE PREVENÇÃO, MITIGAÇÃO, PREPARAÇÃO E RESPOSTA AOS INCÊNDIOS EM VEGETAÇÃO",PROMOÇÃO DE DEFESA CIVIL
2025,1400,CORPO DE BOMBEIROS MILITAR DO ESTADO DE MINAS GERAIS - CBMMG,3,0,1401,CORPO DE BOMBEIROS MILITAR DO ESTADO DE MINAS GERAIS - CBMMG,3,3,90,39,60,2,10402,18,182,52,4,138,4138,1,5307338.00,5307338.00,5307338.00,0,"SUPORTE ÀS AÇÕES DE PREVENÇÃO, MITIGAÇÃO, PREPARAÇÃO E RESPOSTA AOS INCÊNDIOS EM VEGETAÇÃO",PROMOÇÃO DE DEFESA CIVIL
2025,1450,SECRETARIA DE ESTADO DE JUSTIÇA E SEGURANÇA PÚBLICA - SEJUSP,3,0,1451,SECRETARIA DE ESTADO DE JUSTIÇA E SEGURANÇA PÚBLICA - SEJUSP,3,1,90,4,10,1,11138,6,122,705,2,417,2417,1,440604414.00,440604414.00,440604414.00,0,REMUNERAÇÃO DE PESSOAL ATIVO E ENCARGOS SOCIAIS,APOIO ÀS POLÍTICAS PÚBLICAS
2025,1450,SECRETARIA DE ESTADO DE JUSTIÇA E SEGURANÇA PÚBLICA - SEJUSP,3,0,1451,SECRETARIA DE ESTADO DE JUSTIÇA E SEGURANÇA PÚBLICA - SEJUSP,3,1,90,4,27,1,11138,6,122,705,2,417,2417,1,20774449.00,20774449.00,20774449.00,0,REMUNERAÇÃO DE PESSOAL ATIVO E ENCARGOS SOCIAIS,APOIO ÀS POLÍTICAS PÚBLICAS
2025,1450,SECRETARIA DE ESTADO DE JUSTIÇA E SEGURANÇA PÚBLICA - SEJUSP,3,0,1451,SECRETARIA DE ESTADO DE JUSTIÇA E SEGURANÇA PÚBLICA - SEJUSP,3,1,90,7,10,1,11138,6,122,705,2,417,2417,1,140950.00,140950.00,140950.00,0,REMUNERAÇÃO DE PESSOAL ATIVO E ENCARGOS SOCIAIS,APOIO ÀS POLÍTICAS PÚBLICAS
2025,1450,SECRETARIA DE ESTADO DE JUSTIÇA E SEGURANÇA PÚBLICA - SEJUSP,3,0,1451,SECRETARIA DE ESTADO DE JUSTIÇA E SEGURANÇA PÚBLICA - SEJUSP,3,1,90,7,27,1,11138,6,122,705,2,417,2417,1,3548.00,3548.00,3548.00,0,REMUNERAÇÃO DE PESSOAL ATIVO E ENCARGOS SOCIAIS,APOIO ÀS POLÍTICAS PÚBLICAS
2025,1450,SECRETARIA DE ESTADO DE JUSTIÇA E SEGURANÇA PÚBLICA - SEJUSP,3,0,1451,SECRETARIA DE ESTADO DE JUSTIÇA E SEGURANÇA PÚBLICA - SEJUSP,3,1,90,11,10,1,11138,6,122,705,2,417,2417,1,890348226.00,890348226.00,890348226.00,0,REMUNERAÇÃO DE PESSOAL ATIVO E ENCARGOS SOCIAIS,APOIO ÀS POLÍTICAS PÚBLICAS
2025,1450,SECRETARIA DE ESTADO DE JUSTIÇA E SEGURANÇA PÚBLICA - SEJUSP,3,0,1451,SECRETARIA DE ESTADO DE JUSTIÇA E SEGURANÇA PÚBLICA - SEJUSP,3,1,90,11,27,1,11138,6,122,705,2,417,2417,1,475959396.00,475959396.00,475959396.00,0,REMUNERAÇÃO DE PESSOAL ATIVO E ENCARGOS SOCIAIS,APOIO ÀS POLÍTICAS PÚBLICAS
2025,1450,SECRETARIA DE ESTADO DE JUSTIÇA E SEGURANÇA PÚBLICA - SEJUSP,3,0,1451,SECRETARIA DE ESTADO DE JUSTIÇA E SEGURANÇA PÚBLICA - SEJUSP,3,1,90,11,57,2,11138,6,122,705,2,417,2417,1,293318.00,293318.00,293318.00,0,REMUNERAÇÃO DE PESSOAL ATIVO E ENCARGOS SOCIAIS,APOIO ÀS POLÍTICAS PÚBLICAS
2025,1450,SECRETARIA DE ESTADO DE JUSTIÇA E SEGURANÇA PÚBLICA - SEJUSP,3,0,1451,SECRETARIA DE ESTADO DE JUSTIÇA E SEGURANÇA PÚBLICA - SEJUSP,3,1,90,13,10,1,11138,6,122,705,2,417,2417,1,9967137.00,9967137.00,9967137.00,0,REMUNERAÇÃO DE PESSOAL ATIVO E ENCARGOS SOCIAIS,APOIO ÀS POLÍTICAS PÚBLICAS
2025,1450,SECRETARIA DE ESTADO DE JUSTIÇA E SEGURANÇA PÚBLICA - SEJUSP,3,0,1451,SECRETARIA DE ESTADO DE JUSTIÇA E SEGURANÇA PÚBLICA - SEJUSP,3,1,90,13,27,1,11138,6,122,705,2,417,2417,1,80422.00,80422.00,80422.00,0,REMUNERAÇÃO DE PESSOAL ATIVO E ENCARGOS SOCIAIS,APOIO ÀS POLÍTICAS PÚBLICAS
2025,1450,SECRETARIA DE ESTADO DE JUSTIÇA E SEGURANÇA PÚBLICA - SEJUSP,3,0,1451,SECRETARIA DE ESTADO DE JUSTIÇA E SEGURANÇA PÚBLICA - SEJUSP,3,1,90,16,10,1,11138,6,122,705,2,417,2417,1,472720.00,472720.00,472720.00,0,REMUNERAÇÃO DE PESSOAL ATIVO E ENCARGOS SOCIAIS,APOIO ÀS POLÍTICAS PÚBLICAS
2025,1450,SECRETARIA DE ESTADO DE JUSTIÇA E SEGURANÇA PÚBLICA - SEJUSP,3,0,1451,SECRETARIA DE ESTADO DE JUSTIÇA E SEGURANÇA PÚBLICA - SEJUSP,3,1,90,16,27,1,11138,6,122,705,2,417,2417,1,157121.00,157121.00,157121.00,0,REMUNERAÇÃO DE PESSOAL ATIVO E ENCARGOS SOCIAIS,APOIO ÀS POLÍTICAS PÚBLICAS
2025,1450,SECRETARIA DE ESTADO DE JUSTIÇA E SEGURANÇA PÚBLICA - SEJUSP,3,0,1451,SECRETARIA DE ESTADO DE JUSTIÇA E SEGURANÇA PÚBLICA - SEJUSP,3,1,91,4,10,1,11138,6,122,705,2,417,2417,1,616453.00,616453.00,616453.00,0,REMUNERAÇÃO DE PESSOAL ATIVO E ENCARGOS SOCIAIS,APOIO ÀS POLÍTICAS PÚBLICAS
2025,1450,SECRETARIA DE ESTADO DE JUSTIÇA E SEGURANÇA PÚBLICA - SEJUSP,3,0,1451,SECRETARIA DE ESTADO DE JUSTIÇA E SEGURANÇA PÚBLICA - SEJUSP,3,1,91,4,27,1,11138,6,122,705,2,417,2417,1,262274.00,262274.00,262274.00,0,REMUNERAÇÃO DE PESSOAL ATIVO E ENCARGOS SOCIAIS,APOIO ÀS POLÍTICAS PÚBLICAS
2025,1450,SECRETARIA DE ESTADO DE JUSTIÇA E SEGURANÇA PÚBLICA - SEJUSP,3,0,1451,SECRETARIA DE ESTADO DE JUSTIÇA E SEGURANÇA PÚBLICA - SEJUSP,3,1,91,13,10,1,11138,6,122,705,2,417,2417,1,187608382.00,187608382.00,187608382.00,0,REMUNERAÇÃO DE PESSOAL ATIVO E ENCARGOS SOCIAIS,APOIO ÀS POLÍTICAS PÚBLICAS
2025,1450,SECRETARIA DE ESTADO DE JUSTIÇA E SEGURANÇA PÚBLICA - SEJUSP,3,0,1451,SECRETARIA DE ESTADO DE JUSTIÇA E SEGURANÇA PÚBLICA - SEJUSP,3,1,91,13,27,1,11138,6,122,705,2,417,2417,1,527118681.00,527118681.00,527118681.00,0,REMUNERAÇÃO DE PESSOAL ATIVO E ENCARGOS SOCIAIS,APOIO ÀS POLÍTICAS PÚBLICAS
2025,1450,SECRETARIA DE ESTADO DE JUSTIÇA E SEGURANÇA PÚBLICA - SEJUSP,3,0,1451,SECRETARIA DE ESTADO DE JUSTIÇA E SEGURANÇA PÚBLICA - SEJUSP,3,3,90,8,27,7,11138,6,122,705,2,417,2417,1,535.00,535.00,535.00,0,REMUNERAÇÃO DE PESSOAL ATIVO E ENCARGOS SOCIAIS,APOIO ÀS POLÍTICAS PÚBLICAS
2025,1450,SECRETARIA DE ESTADO DE JUSTIÇA E SEGURANÇA PÚBLICA - SEJUSP,3,0,1451,SECRETARIA DE ESTADO DE JUSTIÇA E SEGURANÇA PÚBLICA - SEJUSP,3,3,90,19,10,7,11138,6,122,705,2,417,2417,1,84934139.00,84934139.00,84934139.00,0,REMUNERAÇÃO DE PESSOAL ATIVO E ENCARGOS SOCIAIS,APOIO ÀS POLÍTICAS PÚBLICAS
2025,1450,SECRETARIA DE ESTADO DE JUSTIÇA E SEGURANÇA PÚBLICA - SEJUSP,3,0,1451,SECRETARIA DE ESTADO DE JUSTIÇA E SEGURANÇA PÚBLICA - SEJUSP,3,3,90,19,27,7,11138,6,122,705,2,417,2417,1,89253377.00,89253377.00,89253377.00,0,REMUNERAÇÃO DE PESSOAL ATIVO E ENCARGOS SOCIAIS,APOIO ÀS POLÍTICAS PÚBLICAS
2025,1450,SECRETARIA DE ESTADO DE JUSTIÇA E SEGURANÇA PÚBLICA - SEJUSP,3,0,1451,SECRETARIA DE ESTADO DE JUSTIÇA E SEGURANÇA PÚBLICA - SEJUSP,3,3,90,46,27,7,11138,6,122,705,2,417,2417,1,25806333.00,25806333.00,25806333.00,0,REMUNERAÇÃO DE PESSOAL ATIVO E ENCARGOS SOCIAIS,APOIO ÀS POLÍTICAS PÚBLICAS
2025,1450,SECRETARIA DE ESTADO DE JUSTIÇA E SEGURANÇA PÚBLICA - SEJUSP,3,0,1451,SECRETARIA DE ESTADO DE JUSTIÇA E SEGURANÇA PÚBLICA - SEJUSP,3,3,90,49,27,7,11138,6,122,705,2,417,2417,1,1470923.00,1470923.00,1470923.00,0,REMUNERAÇÃO DE PESSOAL ATIVO E ENCARGOS SOCIAIS,APOIO ÀS POLÍTICAS PÚBLICAS
2025,1450,SECRETARIA DE ESTADO DE JUSTIÇA E SEGURANÇA PÚBLICA - SEJUSP,3,0,1451,SECRETARIA DE ESTADO DE JUSTIÇA E SEGURANÇA PÚBLICA - SEJUSP,3,3,90,14,10,1,9490,6,122,705,2,500,2500,1,231800.00,231800.00,231800.00,0,ASSESSORAMENTO E GERENCIAMENTO DE POLÍTICAS PÚBLICAS,APOIO ÀS POLÍTICAS PÚBLICAS
2025,1450,SECRETARIA DE ESTADO DE JUSTIÇA E SEGURANÇA PÚBLICA - SEJUSP,3,0,1451,SECRETARIA DE ESTADO DE JUSTIÇA E SEGURANÇA PÚBLICA - SEJUSP,3,3,90,30,10,1,9490,6,122,705,2,500,2500,1,175329.00,175329.00,175329.00,0,ASSESSORAMENTO E GERENCIAMENTO DE POLÍTICAS PÚBLICAS,APOIO ÀS POLÍTICAS PÚBLICAS
2025,1450,SECRETARIA DE ESTADO DE JUSTIÇA E SEGURANÇA PÚBLICA - SEJUSP,3,0,1451,SECRETARIA DE ESTADO DE JUSTIÇA E SEGURANÇA PÚBLICA - SEJUSP,3,3,90,33,10,1,9490,6,122,705,2,500,2500,1,137895.00,137895.00,137895.00,0,ASSESSORAMENTO E GERENCIAMENTO DE POLÍTICAS PÚBLICAS,APOIO ÀS POLÍTICAS PÚBLICAS
2025,1450,SECRETARIA DE ESTADO DE JUSTIÇA E SEGURANÇA PÚBLICA - SEJUSP,3,0,1451,SECRETARIA DE ESTADO DE JUSTIÇA E SEGURANÇA PÚBLICA - SEJUSP,3,3,90,37,10,1,9490,6,122,705,2,500,2500,1,8519339.00,8519339.00,8519339.00,0,ASSESSORAMENTO E GERENCIAMENTO DE POLÍTICAS PÚBLICAS,APOIO ÀS POLÍTICAS PÚBLICAS
2025,1450,SECRETARIA DE ESTADO DE JUSTIÇA E SEGURANÇA PÚBLICA - SEJUSP,3,0,1451,SECRETARIA DE ESTADO DE JUSTIÇA E SEGURANÇA PÚBLICA - SEJUSP,3,3,90,39,10,1,9490,6,122,705,2,500,2500,1,8375876.00,8375876.00,8375876.00,0,ASSESSORAMENTO E GERENCIAMENTO DE POLÍTICAS PÚBLICAS,APOIO ÀS POLÍTICAS PÚBLICAS
2025,1450,SECRETARIA DE ESTADO DE JUSTIÇA E SEGURANÇA PÚBLICA - SEJUSP,3,0,1451,SECRETARIA DE ESTADO DE JUSTIÇA E SEGURANÇA PÚBLICA - SEJUSP,3,3,90,40,10,1,9490,6,122,705,2,500,2500,1,1513032.00,1513032.00,1513032.00,0,ASSESSORAMENTO E GERENCIAMENTO DE POLÍTICAS PÚBLICAS,APOIO ÀS POLÍTICAS PÚBLICAS
2025,1450,SECRETARIA DE ESTADO DE JUSTIÇA E SEGURANÇA PÚBLICA - SEJUSP,3,0,1451,SECRETARIA DE ESTADO DE JUSTIÇA E SEGURANÇA PÚBLICA - SEJUSP,3,3,90,47,10,1,9490,6,122,705,2,500,2500,1,9949.00,9949.00,9949.00,0,ASSESSORAMENTO E GERENCIAMENTO DE POLÍTICAS PÚBLICAS,APOIO ÀS POLÍTICAS PÚBLICAS
2025,1450,SECRETARIA DE ESTADO DE JUSTIÇA E SEGURANÇA PÚBLICA - SEJUSP,3,0,1451,SECRETARIA DE ESTADO DE JUSTIÇA E SEGURANÇA PÚBLICA - SEJUSP,3,3,90,37,10,1,10711,6,181,134,4,376,4376,1,40249673.00,40249673.00,40249673.00,0,INTEGRAÇÃO OPERACIONAL E AÇÕES DE COMANDO E CONTROLE NO ATENDIMENTO DE DENÚNCIAS E CHAMADAS DE EMERGÊNCIA POLICIAL E DE BOMBEIRO,GESTÃO INTEGRADA DE SEGURANÇA PÚBLICA
2025,1450,SECRETARIA DE ESTADO DE JUSTIÇA E SEGURANÇA PÚBLICA - SEJUSP,3,0,1451,SECRETARIA DE ESTADO DE JUSTIÇA E SEGURANÇA PÚBLICA - SEJUSP,3,3,90,14,10,1,10713,6,181,134,4,378,4378,1,271686.00,271686.00,271686.00,1,OPERACIONALIZAÇÃO DA POLÍTICA DE INTEGRAÇÃO DA SEGURANÇA PÚBLICA DE MINAS GERAIS,GESTÃO INTEGRADA DE SEGURANÇA PÚBLICA
2025,1450,SECRETARIA DE ESTADO DE JUSTIÇA E SEGURANÇA PÚBLICA - SEJUSP,3,0,1451,SECRETARIA DE ESTADO DE JUSTIÇA E SEGURANÇA PÚBLICA - SEJUSP,3,3,90,30,10,1,10713,6,181,134,4,378,4378,1,69428.00,69428.00,69428.00,1,OPERACIONALIZAÇÃO DA POLÍTICA DE INTEGRAÇÃO DA SEGURANÇA PÚBLICA DE MINAS GERAIS,GESTÃO INTEGRADA DE SEGURANÇA PÚBLICA
2025,1450,SECRETARIA DE ESTADO DE JUSTIÇA E SEGURANÇA PÚBLICA - SEJUSP,3,0,1451,SECRETARIA DE ESTADO DE JUSTIÇA E SEGURANÇA PÚBLICA - SEJUSP,3,3,90,33,10,1,10713,6,181,134,4,378,4378,1,106982.00,106982.00,106982.00,1,OPERACIONALIZAÇÃO DA POLÍTICA DE INTEGRAÇÃO DA SEGURANÇA PÚBLICA DE MINAS GERAIS,GESTÃO INTEGRADA DE SEGURANÇA PÚBLICA
2025,1450,SECRETARIA DE ESTADO DE JUSTIÇA E SEGURANÇA PÚBLICA - SEJUSP,3,0,1451,SECRETARIA DE ESTADO DE JUSTIÇA E SEGURANÇA PÚBLICA - SEJUSP,3,3,90,36,10,1,10713,6,181,134,4,378,4378,1,1284000.00,1284000.00,1284000.00,1,OPERACIONALIZAÇÃO DA POLÍTICA DE INTEGRAÇÃO DA SEGURANÇA PÚBLICA DE MINAS GERAIS,GESTÃO INTEGRADA DE SEGURANÇA PÚBLICA
2025,1450,SECRETARIA DE ESTADO DE JUSTIÇA E SEGURANÇA PÚBLICA - SEJUSP,3,0,1451,SECRETARIA DE ESTADO DE JUSTIÇA E SEGURANÇA PÚBLICA - SEJUSP,3,3,90,37,10,1,10713,6,181,134,4,378,4378,1,70140.00,70140.00,70140.00,1,OPERACIONALIZAÇÃO DA POLÍTICA DE INTEGRAÇÃO DA SEGURANÇA PÚBLICA DE MINAS GERAIS,GESTÃO INTEGRADA DE SEGURANÇA PÚBLICA
2025,1450,SECRETARIA DE ESTADO DE JUSTIÇA E SEGURANÇA PÚBLICA - SEJUSP,3,0,1451,SECRETARIA DE ESTADO DE JUSTIÇA E SEGURANÇA PÚBLICA - SEJUSP,3,3,90,39,10,1,10713,6,181,134,4,378,4378,1,4131750.00,4131750.00,4131750.00,1,OPERACIONALIZAÇÃO DA POLÍTICA DE INTEGRAÇÃO DA SEGURANÇA PÚBLICA DE MINAS GERAIS,GESTÃO INTEGRADA DE SEGURANÇA PÚBLICA
2025,1450,SECRETARIA DE ESTADO DE JUSTIÇA E SEGURANÇA PÚBLICA - SEJUSP,3,0,1451,SECRETARIA DE ESTADO DE JUSTIÇA E SEGURANÇA PÚBLICA - SEJUSP,3,3,90,40,10,1,10713,6,181,134,4,378,4378,1,9049706.00,9049706.00,9049706.00,1,OPERACIONALIZAÇÃO DA POLÍTICA DE INTEGRAÇÃO DA SEGURANÇA PÚBLICA DE MINAS GERAIS,GESTÃO INTEGRADA DE SEGURANÇA PÚBLICA
2025,1450,SECRETARIA DE ESTADO DE JUSTIÇA E SEGURANÇA PÚBLICA - SEJUSP,3,0,1451,SECRETARIA DE ESTADO DE JUSTIÇA E SEGURANÇA PÚBLICA - SEJUSP,4,4,90,40,10,1,10713,6,181,134,4,378,4378,1,2616904.00,2616904.00,2616904.00,1,OPERACIONALIZAÇÃO DA POLÍTICA DE INTEGRAÇÃO DA SEGURANÇA PÚBLICA DE MINAS GERAIS,GESTÃO INTEGRADA DE SEGURANÇA PÚBLICA
2025,1450,SECRETARIA DE ESTADO DE JUSTIÇA E SEGURANÇA PÚBLICA - SEJUSP,3,0,1451,SECRETARIA DE ESTADO DE JUSTIÇA E SEGURANÇA PÚBLICA - SEJUSP,4,4,90,52,2,1,10713,6,181,134,4,378,4378,1,1937547.00,1937547.00,1937547.00,1,OPERACIONALIZAÇÃO DA POLÍTICA DE INTEGRAÇÃO DA SEGURANÇA PÚBLICA DE MINAS GERAIS,GESTÃO INTEGRADA DE SEGURANÇA PÚBLICA
2025,1450,SECRETARIA DE ESTADO DE JUSTIÇA E SEGURANÇA PÚBLICA - SEJUSP,3,0,1451,SECRETARIA DE ESTADO DE JUSTIÇA E SEGURANÇA PÚBLICA - SEJUSP,3,3,90,39,10,1,10714,6,183,134,1,54,1054,1,4109437.00,4109437.00,4109437.00,0,PRODUÇÃO DE INFORMAÇÕES E CONHECIMENTOS DE JUSTIÇA E SEGURANÇA PÚBLICA,GESTÃO INTEGRADA DE SEGURANÇA PÚBLICA
2025,1450,SECRETARIA DE ESTADO DE JUSTIÇA E SEGURANÇA PÚBLICA - SEJUSP,3,0,1451,SECRETARIA DE ESTADO DE JUSTIÇA E SEGURANÇA PÚBLICA - SEJUSP,3,3,90,14,10,1,10710,6,183,134,4,375,4375,1,70301.00,70301.00,70301.00,0,ESTRUTURAÇÃO E MANUTENÇÃO DE UM SISTEMA ESTADUAL DE INTELIGÊNCIA DE SEGURANÇA PÚBLICA EM MINAS GERAIS,GESTÃO INTEGRADA DE SEGURANÇA PÚBLICA
2025,1450,SECRETARIA DE ESTADO DE JUSTIÇA E SEGURANÇA PÚBLICA - SEJUSP,3,0,1451,SECRETARIA DE ESTADO DE JUSTIÇA E SEGURANÇA PÚBLICA - SEJUSP,3,3,90,33,10,1,10710,6,183,134,4,375,4375,1,25856.00,25856.00,25856.00,0,ESTRUTURAÇÃO E MANUTENÇÃO DE UM SISTEMA ESTADUAL DE INTELIGÊNCIA DE SEGURANÇA PÚBLICA EM MINAS GERAIS,GESTÃO INTEGRADA DE SEGURANÇA PÚBLICA
2025,1450,SECRETARIA DE ESTADO DE JUSTIÇA E SEGURANÇA PÚBLICA - SEJUSP,3,0,1451,SECRETARIA DE ESTADO DE JUSTIÇA E SEGURANÇA PÚBLICA - SEJUSP,3,3,90,36,10,1,10710,6,183,134,4,375,4375,1,16000.00,16000.00,16000.00,0,ESTRUTURAÇÃO E MANUTENÇÃO DE UM SISTEMA ESTADUAL DE INTELIGÊNCIA DE SEGURANÇA PÚBLICA EM MINAS GERAIS,GESTÃO INTEGRADA DE SEGURANÇA PÚBLICA
2025,1450,SECRETARIA DE ESTADO DE JUSTIÇA E SEGURANÇA PÚBLICA - SEJUSP,3,0,1451,SECRETARIA DE ESTADO DE JUSTIÇA E SEGURANÇA PÚBLICA - SEJUSP,3,3,50,43,10,1,10789,6,243,146,4,441,4441,1,1182361.00,1182361.00,1182361.00,1,"ADEQUAÇÃO, MANUTENÇÃO E DESENVOLVIMENTO DO ATENDIMENTO SOCIOEDUCATIVO",PROMOÇÃO DA POLÍTICA SOCIOEDUCATIVA PARA ATENDIMENTO AOS ADOLESCENTES EM CONFLITO COM A LEI
2025,1450,SECRETARIA DE ESTADO DE JUSTIÇA E SEGURANÇA PÚBLICA - SEJUSP,3,0,1451,SECRETARIA DE ESTADO DE JUSTIÇA E SEGURANÇA PÚBLICA - SEJUSP,3,3,50,85,10,1,10789,6,243,146,4,441,4441,1,2689769.00,2689769.00,2689769.00,1,"ADEQUAÇÃO, MANUTENÇÃO E DESENVOLVIMENTO DO ATENDIMENTO SOCIOEDUCATIVO",PROMOÇÃO DA POLÍTICA SOCIOEDUCATIVA PARA ATENDIMENTO AOS ADOLESCENTES EM CONFLITO COM A LEI
2025,1450,SECRETARIA DE ESTADO DE JUSTIÇA E SEGURANÇA PÚBLICA - SEJUSP,3,0,1451,SECRETARIA DE ESTADO DE JUSTIÇA E SEGURANÇA PÚBLICA - SEJUSP,3,3,90,14,10,1,10789,6,243,146,4,441,4441,1,218573.00,218573.00,218573.00,1,"ADEQUAÇÃO, MANUTENÇÃO E DESENVOLVIMENTO DO ATENDIMENTO SOCIOEDUCATIVO",PROMOÇÃO DA POLÍTICA SOCIOEDUCATIVA PARA ATENDIMENTO AOS ADOLESCENTES EM CONFLITO COM A LEI
2025,1450,SECRETARIA DE ESTADO DE JUSTIÇA E SEGURANÇA PÚBLICA - SEJUSP,3,0,1451,SECRETARIA DE ESTADO DE JUSTIÇA E SEGURANÇA PÚBLICA - SEJUSP,3,3,90,30,10,1,10789,6,243,146,4,441,4441,1,4294134.00,4294134.00,4294134.00,1,"ADEQUAÇÃO, MANUTENÇÃO E DESENVOLVIMENTO DO ATENDIMENTO SOCIOEDUCATIVO",PROMOÇÃO DA POLÍTICA SOCIOEDUCATIVA PARA ATENDIMENTO AOS ADOLESCENTES EM CONFLITO COM A LEI
2025,1450,SECRETARIA DE ESTADO DE JUSTIÇA E SEGURANÇA PÚBLICA - SEJUSP,3,0,1451,SECRETARIA DE ESTADO DE JUSTIÇA E SEGURANÇA PÚBLICA - SEJUSP,3,3,90,33,10,1,10789,6,243,146,4,441,4441,1,43426.00,43426.00,43426.00,1,"ADEQUAÇÃO, MANUTENÇÃO E DESENVOLVIMENTO DO ATENDIMENTO SOCIOEDUCATIVO",PROMOÇÃO DA POLÍTICA SOCIOEDUCATIVA PARA ATENDIMENTO AOS ADOLESCENTES EM CONFLITO COM A LEI
2025,1450,SECRETARIA DE ESTADO DE JUSTIÇA E SEGURANÇA PÚBLICA - SEJUSP,3,0,1451,SECRETARIA DE ESTADO DE JUSTIÇA E SEGURANÇA PÚBLICA - SEJUSP,3,3,90,36,10,1,10789,6,243,146,4,441,4441,1,468000.00,468000.00,468000.00,1,"ADEQUAÇÃO, MANUTENÇÃO E DESENVOLVIMENTO DO ATENDIMENTO SOCIOEDUCATIVO",PROMOÇÃO DA POLÍTICA SOCIOEDUCATIVA PARA ATENDIMENTO AOS ADOLESCENTES EM CONFLITO COM A LEI
2025,1450,SECRETARIA DE ESTADO DE JUSTIÇA E SEGURANÇA PÚBLICA - SEJUSP,3,0,1451,SECRETARIA DE ESTADO DE JUSTIÇA E SEGURANÇA PÚBLICA - SEJUSP,3,3,90,37,10,1,10789,6,243,146,4,441,4441,1,6964715.00,6964715.00,6964715.00,1,"ADEQUAÇÃO, MANUTENÇÃO E DESENVOLVIMENTO DO ATENDIMENTO SOCIOEDUCATIVO",PROMOÇÃO DA POLÍTICA SOCIOEDUCATIVA PARA ATENDIMENTO AOS ADOLESCENTES EM CONFLITO COM A LEI
2025,1450,SECRETARIA DE ESTADO DE JUSTIÇA E SEGURANÇA PÚBLICA - SEJUSP,3,0,1451,SECRETARIA DE ESTADO DE JUSTIÇA E SEGURANÇA PÚBLICA - SEJUSP,3,3,90,39,10,1,10789,6,243,146,4,441,4441,1,17085458.00,17085458.00,17085458.00,1,"ADEQUAÇÃO, MANUTENÇÃO E DESENVOLVIMENTO DO ATENDIMENTO SOCIOEDUCATIVO",PROMOÇÃO DA POLÍTICA SOCIOEDUCATIVA PARA ATENDIMENTO AOS ADOLESCENTES EM CONFLITO COM A LEI
2025,1450,SECRETARIA DE ESTADO DE JUSTIÇA E SEGURANÇA PÚBLICA - SEJUSP,3,0,1451,SECRETARIA DE ESTADO DE JUSTIÇA E SEGURANÇA PÚBLICA - SEJUSP,3,3,90,40,10,1,10789,6,243,146,4,441,4441,1,799392.00,799392.00,799392.00,1,"ADEQUAÇÃO, MANUTENÇÃO E DESENVOLVIMENTO DO ATENDIMENTO SOCIOEDUCATIVO",PROMOÇÃO DA POLÍTICA SOCIOEDUCATIVA PARA ATENDIMENTO AOS ADOLESCENTES EM CONFLITO COM A LEI
2025,1450,SECRETARIA DE ESTADO DE JUSTIÇA E SEGURANÇA PÚBLICA - SEJUSP,3,0,1451,SECRETARIA DE ESTADO DE JUSTIÇA E SEGURANÇA PÚBLICA - SEJUSP,3,3,90,47,10,1,10789,6,243,146,4,441,4441,1,273600.00,273600.00,273600.00,1,"ADEQUAÇÃO, MANUTENÇÃO E DESENVOLVIMENTO DO ATENDIMENTO SOCIOEDUCATIVO",PROMOÇÃO DA POLÍTICA SOCIOEDUCATIVA PARA ATENDIMENTO AOS ADOLESCENTES EM CONFLITO COM A LEI
2025,1450,SECRETARIA DE ESTADO DE JUSTIÇA E SEGURANÇA PÚBLICA - SEJUSP,3,0,1451,SECRETARIA DE ESTADO DE JUSTIÇA E SEGURANÇA PÚBLICA - SEJUSP,4,4,90,39,24,1,10789,6,243,146,4,441,4441,1,29500000.00,29500000.00,29500000.00,1,"ADEQUAÇÃO, MANUTENÇÃO E DESENVOLVIMENTO DO ATENDIMENTO SOCIOEDUCATIVO",PROMOÇÃO DA POLÍTICA SOCIOEDUCATIVA PARA ATENDIMENTO AOS ADOLESCENTES EM CONFLITO COM A LEI
2025,1450,SECRETARIA DE ESTADO DE JUSTIÇA E SEGURANÇA PÚBLICA - SEJUSP,3,0,1451,SECRETARIA DE ESTADO DE JUSTIÇA E SEGURANÇA PÚBLICA - SEJUSP,4,4,99,99,10,8,10789,6,243,146,4,441,4441,1,500000.00,512000.00,512000.00,1,"ADEQUAÇÃO, MANUTENÇÃO E DESENVOLVIMENTO DO ATENDIMENTO SOCIOEDUCATIVO",PROMOÇÃO DA POLÍTICA SOCIOEDUCATIVA PARA ATENDIMENTO AOS ADOLESCENTES EM CONFLITO COM A LEI
2025,1450,SECRETARIA DE ESTADO DE JUSTIÇA E SEGURANÇA PÚBLICA - SEJUSP,3,0,1451,SECRETARIA DE ESTADO DE JUSTIÇA E SEGURANÇA PÚBLICA - SEJUSP,3,3,90,39,10,1,10712,6,331,134,4,377,4377,1,82028.00,82028.00,82028.00,0,MANUTENÇÃO DE MORADIAS FUNCIONAIS PARA SERVIDORES EM SITUAÇÃO DE RISCO,GESTÃO INTEGRADA DE SEGURANÇA PÚBLICA
2025,1450,SECRETARIA DE ESTADO DE JUSTIÇA E SEGURANÇA PÚBLICA - SEJUSP,3,0,1451,SECRETARIA DE ESTADO DE JUSTIÇA E SEGURANÇA PÚBLICA - SEJUSP,3,3,90,47,10,1,10712,6,331,134,4,377,4377,1,8568.00,8568.00,8568.00,0,MANUTENÇÃO DE MORADIAS FUNCIONAIS PARA SERVIDORES EM SITUAÇÃO DE RISCO,GESTÃO INTEGRADA DE SEGURANÇA PÚBLICA
2025,1450,SECRETARIA DE ESTADO DE JUSTIÇA E SEGURANÇA PÚBLICA - SEJUSP,3,0,1451,SECRETARIA DE ESTADO DE JUSTIÇA E SEGURANÇA PÚBLICA - SEJUSP,3,3,90,14,10,1,10715,6,363,134,4,379,4379,1,366461.00,366461.00,366461.00,0,"RECRUTAMENTO, SELEÇÃO, FORMAÇÃO, CAPACITAÇÃO E TREINAMENTO DOS PROFISSIONAIS DO SISTEMA DE JUSTIÇA E SEGURANÇA PÚBLICA",GESTÃO INTEGRADA DE SEGURANÇA PÚBLICA
2025,1450,SECRETARIA DE ESTADO DE JUSTIÇA E SEGURANÇA PÚBLICA - SEJUSP,3,0,1451,SECRETARIA DE ESTADO DE JUSTIÇA E SEGURANÇA PÚBLICA - SEJUSP,3,3,90,30,10,1,10715,6,363,134,4,379,4379,1,6820.00,6820.00,6820.00,0,"RECRUTAMENTO, SELEÇÃO, FORMAÇÃO, CAPACITAÇÃO E TREINAMENTO DOS PROFISSIONAIS DO SISTEMA DE JUSTIÇA E SEGURANÇA PÚBLICA",GESTÃO INTEGRADA DE SEGURANÇA PÚBLICA
2025,1450,SECRETARIA DE ESTADO DE JUSTIÇA E SEGURANÇA PÚBLICA - SEJUSP,3,0,1451,SECRETARIA DE ESTADO DE JUSTIÇA E SEGURANÇA PÚBLICA - SEJUSP,3,3,90,39,24,1,10715,6,363,134,4,379,4379,1,5565758.00,5565758.00,5565758.00,0,"RECRUTAMENTO, SELEÇÃO, FORMAÇÃO, CAPACITAÇÃO E TREINAMENTO DOS PROFISSIONAIS DO SISTEMA DE JUSTIÇA E SEGURANÇA PÚBLICA",GESTÃO INTEGRADA DE SEGURANÇA PÚBLICA
2025,1450,SECRETARIA DE ESTADO DE JUSTIÇA E SEGURANÇA PÚBLICA - SEJUSP,3,0,1451,SECRETARIA DE ESTADO DE JUSTIÇA E SEGURANÇA PÚBLICA - SEJUSP,3,3,50,39,24,1,10657,6,421,129,4,344,4344,1,1965063.00,1965063.00,1965063.00,0,PREVENÇÃO SOCIAL ÀS VIOLÊNCIAS E CRIMINALIDADES,PREVENÇÃO À CRIMINALIDADE
2025,1450,SECRETARIA DE ESTADO DE JUSTIÇA E SEGURANÇA PÚBLICA - SEJUSP,3,0,1451,SECRETARIA DE ESTADO DE JUSTIÇA E SEGURANÇA PÚBLICA - SEJUSP,3,3,50,85,10,1,10657,6,421,129,4,344,4344,1,39052412.00,39052412.00,39052412.00,0,PREVENÇÃO SOCIAL ÀS VIOLÊNCIAS E CRIMINALIDADES,PREVENÇÃO À CRIMINALIDADE
2025,1450,SECRETARIA DE ESTADO DE JUSTIÇA E SEGURANÇA PÚBLICA - SEJUSP,3,0,1451,SECRETARIA DE ESTADO DE JUSTIÇA E SEGURANÇA PÚBLICA - SEJUSP,3,3,90,14,10,1,10657,6,421,129,4,344,4344,1,64105.00,64105.00,64105.00,0,PREVENÇÃO SOCIAL ÀS VIOLÊNCIAS E CRIMINALIDADES,PREVENÇÃO À CRIMINALIDADE
2025,1450,SECRETARIA DE ESTADO DE JUSTIÇA E SEGURANÇA PÚBLICA - SEJUSP,3,0,1451,SECRETARIA DE ESTADO DE JUSTIÇA E SEGURANÇA PÚBLICA - SEJUSP,3,3,90,30,10,1,10657,6,421,129,4,344,4344,1,77873.00,77873.00,77873.00,0,PREVENÇÃO SOCIAL ÀS VIOLÊNCIAS E CRIMINALIDADES,PREVENÇÃO À CRIMINALIDADE
2025,1450,SECRETARIA DE ESTADO DE JUSTIÇA E SEGURANÇA PÚBLICA - SEJUSP,3,0,1451,SECRETARIA DE ESTADO DE JUSTIÇA E SEGURANÇA PÚBLICA - SEJUSP,3,3,90,33,10,1,10657,6,421,129,4,344,4344,1,10447.00,10447.00,10447.00,0,PREVENÇÃO SOCIAL ÀS VIOLÊNCIAS E CRIMINALIDADES,PREVENÇÃO À CRIMINALIDADE
2025,1450,SECRETARIA DE ESTADO DE JUSTIÇA E SEGURANÇA PÚBLICA - SEJUSP,3,0,1451,SECRETARIA DE ESTADO DE JUSTIÇA E SEGURANÇA PÚBLICA - SEJUSP,3,3,90,36,10,1,10657,6,421,129,4,344,4344,1,98520.00,98520.00,98520.00,0,PREVENÇÃO SOCIAL ÀS VIOLÊNCIAS E CRIMINALIDADES,PREVENÇÃO À CRIMINALIDADE
2025,1450,SECRETARIA DE ESTADO DE JUSTIÇA E SEGURANÇA PÚBLICA - SEJUSP,3,0,1451,SECRETARIA DE ESTADO DE JUSTIÇA E SEGURANÇA PÚBLICA - SEJUSP,3,3,90,37,10,1,10657,6,421,129,4,344,4344,1,4234397.00,4234397.00,4234397.00,0,PREVENÇÃO SOCIAL ÀS VIOLÊNCIAS E CRIMINALIDADES,PREVENÇÃO À CRIMINALIDADE
2025,1450,SECRETARIA DE ESTADO DE JUSTIÇA E SEGURANÇA PÚBLICA - SEJUSP,3,0,1451,SECRETARIA DE ESTADO DE JUSTIÇA E SEGURANÇA PÚBLICA - SEJUSP,3,3,90,39,10,1,10657,6,421,129,4,344,4344,1,542482.00,542482.00,542482.00,0,PREVENÇÃO SOCIAL ÀS VIOLÊNCIAS E CRIMINALIDADES,PREVENÇÃO À CRIMINALIDADE
2025,1450,SECRETARIA DE ESTADO DE JUSTIÇA E SEGURANÇA PÚBLICA - SEJUSP,3,0,1451,SECRETARIA DE ESTADO DE JUSTIÇA E SEGURANÇA PÚBLICA - SEJUSP,3,3,90,40,10,1,10657,6,421,129,4,344,4344,1,1697486.00,1697486.00,1697486.00,0,PREVENÇÃO SOCIAL ÀS VIOLÊNCIAS E CRIMINALIDADES,PREVENÇÃO À CRIMINALIDADE
2025,1450,SECRETARIA DE ESTADO DE JUSTIÇA E SEGURANÇA PÚBLICA - SEJUSP,3,0,1451,SECRETARIA DE ESTADO DE JUSTIÇA E SEGURANÇA PÚBLICA - SEJUSP,3,3,90,47,10,1,10657,6,421,129,4,344,4344,1,2500.00,2500.00,2500.00,0,PREVENÇÃO SOCIAL ÀS VIOLÊNCIAS E CRIMINALIDADES,PREVENÇÃO À CRIMINALIDADE
2025,1450,SECRETARIA DE ESTADO DE JUSTIÇA E SEGURANÇA PÚBLICA - SEJUSP,3,0,1451,SECRETARIA DE ESTADO DE JUSTIÇA E SEGURANÇA PÚBLICA - SEJUSP,3,3,99,99,10,8,10657,6,421,129,4,344,4344,1,200000.00,200000.00,200000.00,0,PREVENÇÃO SOCIAL ÀS VIOLÊNCIAS E CRIMINALIDADES,PREVENÇÃO À CRIMINALIDADE
2025,1450,SECRETARIA DE ESTADO DE JUSTIÇA E SEGURANÇA PÚBLICA - SEJUSP,3,0,1451,SECRETARIA DE ESTADO DE JUSTIÇA E SEGURANÇA PÚBLICA - SEJUSP,4,4,90,52,1,1,10661,6,421,129,4,347,4347,1,401302.00,401302.00,401302.00,0,IMPLANTAÇÃO DE UNIDADES DE PREVENÇÃO À CRIMINALIDADE,PREVENÇÃO À CRIMINALIDADE
2025,1450,SECRETARIA DE ESTADO DE JUSTIÇA E SEGURANÇA PÚBLICA - SEJUSP,3,0,1451,SECRETARIA DE ESTADO DE JUSTIÇA E SEGURANÇA PÚBLICA - SEJUSP,3,3,90,39,10,1,10667,6,421,130,1,47,1047,1,1000.00,1000.00,1000.00,0,MODERNIZAÇÃO E EXPANSÃO DO SISTEMA PRISIONAL - REPARAÇÃO BRUMADINHO,INFRAESTRUTURA DO SISTEMA PRISIONAL
2025,1450,SECRETARIA DE ESTADO DE JUSTIÇA E SEGURANÇA PÚBLICA - SEJUSP,3,0,1451,SECRETARIA DE ESTADO DE JUSTIÇA E SEGURANÇA PÚBLICA - SEJUSP,3,3,90,39,2,1,10668,6,421,130,1,48,1048,1,2000.00,2000.00,2000.00,1,MODERNIZAÇÃO E EXPANSÃO DO SISTEMA PRISIONAL,INFRAESTRUTURA DO SISTEMA PRISIONAL
2025,1450,SECRETARIA DE ESTADO DE JUSTIÇA E SEGURANÇA PÚBLICA - SEJUSP,3,0,1451,SECRETARIA DE ESTADO DE JUSTIÇA E SEGURANÇA PÚBLICA - SEJUSP,3,3,90,39,10,1,10668,6,421,130,1,48,1048,1,3683982.00,3683982.00,3683982.00,1,MODERNIZAÇÃO E EXPANSÃO DO SISTEMA PRISIONAL,INFRAESTRUTURA DO SISTEMA PRISIONAL
2025,1450,SECRETARIA DE ESTADO DE JUSTIÇA E SEGURANÇA PÚBLICA - SEJUSP,3,0,1451,SECRETARIA DE ESTADO DE JUSTIÇA E SEGURANÇA PÚBLICA - SEJUSP,3,3,90,39,24,1,10668,6,421,130,1,48,1048,1,505505.00,505505.00,505505.00,1,MODERNIZAÇÃO E EXPANSÃO DO SISTEMA PRISIONAL,INFRAESTRUTURA DO SISTEMA PRISIONAL
2025,1450,SECRETARIA DE ESTADO DE JUSTIÇA E SEGURANÇA PÚBLICA - SEJUSP,3,0,1451,SECRETARIA DE ESTADO DE JUSTIÇA E SEGURANÇA PÚBLICA - SEJUSP,3,3,99,99,10,8,10668,6,421,130,1,48,1048,1,800000.00,800000.00,800000.00,1,MODERNIZAÇÃO E EXPANSÃO DO SISTEMA PRISIONAL,INFRAESTRUTURA DO SISTEMA PRISIONAL
2025,1450,SECRETARIA DE ESTADO DE JUSTIÇA E SEGURANÇA PÚBLICA - SEJUSP,3,0,1451,SECRETARIA DE ESTADO DE JUSTIÇA E SEGURANÇA PÚBLICA - SEJUSP,4,4,90,51,10,1,10668,6,421,130,1,48,1048,1,16292105.00,16292105.00,16292105.00,1,MODERNIZAÇÃO E EXPANSÃO DO SISTEMA PRISIONAL,INFRAESTRUTURA DO SISTEMA PRISIONAL
2025,1450,SECRETARIA DE ESTADO DE JUSTIÇA E SEGURANÇA PÚBLICA - SEJUSP,3,0,1451,SECRETARIA DE ESTADO DE JUSTIÇA E SEGURANÇA PÚBLICA - SEJUSP,4,4,90,52,1,1,10668,6,421,130,1,48,1048,1,1257661.00,1257661.00,1257661.00,1,MODERNIZAÇÃO E EXPANSÃO DO SISTEMA PRISIONAL,INFRAESTRUTURA DO SISTEMA PRISIONAL
2025,1450,SECRETARIA DE ESTADO DE JUSTIÇA E SEGURANÇA PÚBLICA - SEJUSP,3,0,1451,SECRETARIA DE ESTADO DE JUSTIÇA E SEGURANÇA PÚBLICA - SEJUSP,4,4,90,52,2,1,10668,6,421,130,1,48,1048,1,5410824.00,5410824.00,5410824.00,1,MODERNIZAÇÃO E EXPANSÃO DO SISTEMA PRISIONAL,INFRAESTRUTURA DO SISTEMA PRISIONAL
2025,1450,SECRETARIA DE ESTADO DE JUSTIÇA E SEGURANÇA PÚBLICA - SEJUSP,3,0,1451,SECRETARIA DE ESTADO DE JUSTIÇA E SEGURANÇA PÚBLICA - SEJUSP,4,4,90,52,24,1,10668,6,421,130,1,48,1048,1,44308048.00,44308048.00,44308048.00,1,MODERNIZAÇÃO E EXPANSÃO DO SISTEMA PRISIONAL,INFRAESTRUTURA DO SISTEMA PRISIONAL
2025,1450,SECRETARIA DE ESTADO DE JUSTIÇA E SEGURANÇA PÚBLICA - SEJUSP,3,0,1451,SECRETARIA DE ESTADO DE JUSTIÇA E SEGURANÇA PÚBLICA - SEJUSP,4,4,99,99,10,8,10668,6,421,130,1,48,1048,1,150000.00,3798901.00,3798901.00,1,MODERNIZAÇÃO E EXPANSÃO DO SISTEMA PRISIONAL,INFRAESTRUTURA DO SISTEMA PRISIONAL
2025,1450,SECRETARIA DE ESTADO DE JUSTIÇA E SEGURANÇA PÚBLICA - SEJUSP,3,0,1451,SECRETARIA DE ESTADO DE JUSTIÇA E SEGURANÇA PÚBLICA - SEJUSP,3,3,90,14,10,1,10662,6,421,130,4,348,4348,1,8051025.00,8051025.00,8051025.00,0,CUSTÓDIA E RESSOCIALIZAÇÃO DE PRESOS,INFRAESTRUTURA DO SISTEMA PRISIONAL
2025,1450,SECRETARIA DE ESTADO DE JUSTIÇA E SEGURANÇA PÚBLICA - SEJUSP,3,0,1451,SECRETARIA DE ESTADO DE JUSTIÇA E SEGURANÇA PÚBLICA - SEJUSP,3,3,90,30,10,1,10662,6,421,130,4,348,4348,1,36440925.00,36440925.00,36440925.00,0,CUSTÓDIA E RESSOCIALIZAÇÃO DE PRESOS,INFRAESTRUTURA DO SISTEMA PRISIONAL
2025,1450,SECRETARIA DE ESTADO DE JUSTIÇA E SEGURANÇA PÚBLICA - SEJUSP,3,0,1451,SECRETARIA DE ESTADO DE JUSTIÇA E SEGURANÇA PÚBLICA - SEJUSP,3,3,90,33,10,1,10662,6,421,130,4,348,4348,1,10408583.00,10408583.00,10408583.00,0,CUSTÓDIA E RESSOCIALIZAÇÃO DE PRESOS,INFRAESTRUTURA DO SISTEMA PRISIONAL
2025,1450,SECRETARIA DE ESTADO DE JUSTIÇA E SEGURANÇA PÚBLICA - SEJUSP,3,0,1451,SECRETARIA DE ESTADO DE JUSTIÇA E SEGURANÇA PÚBLICA - SEJUSP,3,3,90,36,10,1,10662,6,421,130,4,348,4348,1,732368.00,732368.00,732368.00,0,CUSTÓDIA E RESSOCIALIZAÇÃO DE PRESOS,INFRAESTRUTURA DO SISTEMA PRISIONAL
2025,1450,SECRETARIA DE ESTADO DE JUSTIÇA E SEGURANÇA PÚBLICA - SEJUSP,3,0,1451,SECRETARIA DE ESTADO DE JUSTIÇA E SEGURANÇA PÚBLICA - SEJUSP,3,3,90,36,60,1,10662,6,421,130,4,348,4348,1,6030000.00,6030000.00,6030000.00,0,CUSTÓDIA E RESSOCIALIZAÇÃO DE PRESOS,INFRAESTRUTURA DO SISTEMA PRISIONAL
2025,1450,SECRETARIA DE ESTADO DE JUSTIÇA E SEGURANÇA PÚBLICA - SEJUSP,3,0,1451,SECRETARIA DE ESTADO DE JUSTIÇA E SEGURANÇA PÚBLICA - SEJUSP,3,3,90,36,61,1,10662,6,421,130,4,348,4348,1,98740.00,98740.00,98740.00,0,CUSTÓDIA E RESSOCIALIZAÇÃO DE PRESOS,INFRAESTRUTURA DO SISTEMA PRISIONAL
2025,1450,SECRETARIA DE ESTADO DE JUSTIÇA E SEGURANÇA PÚBLICA - SEJUSP,3,0,1451,SECRETARIA DE ESTADO DE JUSTIÇA E SEGURANÇA PÚBLICA - SEJUSP,3,3,90,37,10,1,10662,6,421,130,4,348,4348,1,1614432.00,1614432.00,1614432.00,0,CUSTÓDIA E RESSOCIALIZAÇÃO DE PRESOS,INFRAESTRUTURA DO SISTEMA PRISIONAL
2025,1450,SECRETARIA DE ESTADO DE JUSTIÇA E SEGURANÇA PÚBLICA - SEJUSP,3,0,1451,SECRETARIA DE ESTADO DE JUSTIÇA E SEGURANÇA PÚBLICA - SEJUSP,3,3,90,39,1,1,10662,6,421,130,4,348,4348,1,2000.00,2000.00,2000.00,0,CUSTÓDIA E RESSOCIALIZAÇÃO DE PRESOS,INFRAESTRUTURA DO SISTEMA PRISIONAL
2025,1450,SECRETARIA DE ESTADO DE JUSTIÇA E SEGURANÇA PÚBLICA - SEJUSP,3,0,1451,SECRETARIA DE ESTADO DE JUSTIÇA E SEGURANÇA PÚBLICA - SEJUSP,3,3,90,39,10,1,10662,6,421,130,4,348,4348,1,592220282.00,592220282.00,592220282.00,0,CUSTÓDIA E RESSOCIALIZAÇÃO DE PRESOS,INFRAESTRUTURA DO SISTEMA PRISIONAL
2025,1450,SECRETARIA DE ESTADO DE JUSTIÇA E SEGURANÇA PÚBLICA - SEJUSP,3,0,1451,SECRETARIA DE ESTADO DE JUSTIÇA E SEGURANÇA PÚBLICA - SEJUSP,3,3,90,39,24,1,10662,6,421,130,4,348,4348,1,600227.00,600227.00,600227.00,0,CUSTÓDIA E RESSOCIALIZAÇÃO DE PRESOS,INFRAESTRUTURA DO SISTEMA PRISIONAL
2025,1450,SECRETARIA DE ESTADO DE JUSTIÇA E SEGURANÇA PÚBLICA - SEJUSP,3,0,1451,SECRETARIA DE ESTADO DE JUSTIÇA E SEGURANÇA PÚBLICA - SEJUSP,3,3,90,40,10,1,10662,6,421,130,4,348,4348,1,19963441.00,19963441.00,19963441.00,0,CUSTÓDIA E RESSOCIALIZAÇÃO DE PRESOS,INFRAESTRUTURA DO SISTEMA PRISIONAL
2025,1450,SECRETARIA DE ESTADO DE JUSTIÇA E SEGURANÇA PÚBLICA - SEJUSP,3,0,1451,SECRETARIA DE ESTADO DE JUSTIÇA E SEGURANÇA PÚBLICA - SEJUSP,3,3,90,47,10,1,10662,6,421,130,4,348,4348,1,410400.00,410400.00,410400.00,0,CUSTÓDIA E RESSOCIALIZAÇÃO DE PRESOS,INFRAESTRUTURA DO SISTEMA PRISIONAL
2025,1450,SECRETARIA DE ESTADO DE JUSTIÇA E SEGURANÇA PÚBLICA - SEJUSP,3,0,1451,SECRETARIA DE ESTADO DE JUSTIÇA E SEGURANÇA PÚBLICA - SEJUSP,3,3,90,93,10,1,10662,6,421,130,4,348,4348,1,195025.00,195025.00,195025.00,0,CUSTÓDIA E RESSOCIALIZAÇÃO DE PRESOS,INFRAESTRUTURA DO SISTEMA PRISIONAL
2025,1450,SECRETARIA DE ESTADO DE JUSTIÇA E SEGURANÇA PÚBLICA - SEJUSP,3,0,1451,SECRETARIA DE ESTADO DE JUSTIÇA E SEGURANÇA PÚBLICA - SEJUSP,4,4,90,40,10,1,10662,6,421,130,4,348,4348,1,2124999.00,2124999.00,2124999.00,0,CUSTÓDIA E RESSOCIALIZAÇÃO DE PRESOS,INFRAESTRUTURA DO SISTEMA PRISIONAL
2025,1450,SECRETARIA DE ESTADO DE JUSTIÇA E SEGURANÇA PÚBLICA - SEJUSP,3,0,1451,SECRETARIA DE ESTADO DE JUSTIÇA E SEGURANÇA PÚBLICA - SEJUSP,4,4,90,52,1,1,10662,6,421,130,4,348,4348,1,800000.00,800000.00,800000.00,0,CUSTÓDIA E RESSOCIALIZAÇÃO DE PRESOS,INFRAESTRUTURA DO SISTEMA PRISIONAL
2025,1450,SECRETARIA DE ESTADO DE JUSTIÇA E SEGURANÇA PÚBLICA - SEJUSP,3,0,1451,SECRETARIA DE ESTADO DE JUSTIÇA E SEGURANÇA PÚBLICA - SEJUSP,4,4,90,52,10,1,10662,6,421,130,4,348,4348,1,696000.00,696000.00,696000.00,0,CUSTÓDIA E RESSOCIALIZAÇÃO DE PRESOS,INFRAESTRUTURA DO SISTEMA PRISIONAL
2025,1450,SECRETARIA DE ESTADO DE JUSTIÇA E SEGURANÇA PÚBLICA - SEJUSP,3,0,1451,SECRETARIA DE ESTADO DE JUSTIÇA E SEGURANÇA PÚBLICA - SEJUSP,4,4,90,52,24,1,10662,6,421,130,4,348,4348,1,9217468.00,9217468.00,9217468.00,0,CUSTÓDIA E RESSOCIALIZAÇÃO DE PRESOS,INFRAESTRUTURA DO SISTEMA PRISIONAL
2025,1450,SECRETARIA DE ESTADO DE JUSTIÇA E SEGURANÇA PÚBLICA - SEJUSP,3,0,1451,SECRETARIA DE ESTADO DE JUSTIÇA E SEGURANÇA PÚBLICA - SEJUSP,3,3,90,39,10,1,10664,6,421,130,4,350,4350,1,25759448.00,25759448.00,25759448.00,0,MANUTENÇÃO E AMPLIAÇÃO DO MONITORAMENTO ELETRÔNICO,INFRAESTRUTURA DO SISTEMA PRISIONAL
2025,1450,SECRETARIA DE ESTADO DE JUSTIÇA E SEGURANÇA PÚBLICA - SEJUSP,3,0,1451,SECRETARIA DE ESTADO DE JUSTIÇA E SEGURANÇA PÚBLICA - SEJUSP,3,3,50,43,10,1,10665,6,421,130,4,351,4351,1,114670219.00,114670219.00,114670219.00,0,MANUTENÇÃO E IMPLANTAÇÃO DE METODOLOGIA DE CUSTÓDIAS ALTERNATIVAS,INFRAESTRUTURA DO SISTEMA PRISIONAL
2025,1450,SECRETARIA DE ESTADO DE JUSTIÇA E SEGURANÇA PÚBLICA - SEJUSP,3,0,1451,SECRETARIA DE ESTADO DE JUSTIÇA E SEGURANÇA PÚBLICA - SEJUSP,4,4,90,39,24,1,10665,6,421,130,4,351,4351,1,6627597.00,6627597.00,6627597.00,0,MANUTENÇÃO E IMPLANTAÇÃO DE METODOLOGIA DE CUSTÓDIAS ALTERNATIVAS,INFRAESTRUTURA DO SISTEMA PRISIONAL
2025,1450,SECRETARIA DE ESTADO DE JUSTIÇA E SEGURANÇA PÚBLICA - SEJUSP,3,0,1451,SECRETARIA DE ESTADO DE JUSTIÇA E SEGURANÇA PÚBLICA - SEJUSP,4,4,99,99,10,4,10665,6,421,130,4,351,4351,1,270000.00,270000.00,270000.00,0,MANUTENÇÃO E IMPLANTAÇÃO DE METODOLOGIA DE CUSTÓDIAS ALTERNATIVAS,INFRAESTRUTURA DO SISTEMA PRISIONAL
2025,1450,SECRETARIA DE ESTADO DE JUSTIÇA E SEGURANÇA PÚBLICA - SEJUSP,3,0,1451,SECRETARIA DE ESTADO DE JUSTIÇA E SEGURANÇA PÚBLICA - SEJUSP,3,3,90,14,10,1,10785,6,422,141,4,438,4438,1,16730.00,16730.00,16730.00,0,DESCENTRALIZAÇÃO DA POLÍTICA SOBRE DROGAS,POLÍTICAS SOBRE DROGAS
2025,1450,SECRETARIA DE ESTADO DE JUSTIÇA E SEGURANÇA PÚBLICA - SEJUSP,3,0,1451,SECRETARIA DE ESTADO DE JUSTIÇA E SEGURANÇA PÚBLICA - SEJUSP,3,3,90,30,10,1,10785,6,422,141,4,438,4438,1,17226.00,17226.00,17226.00,0,DESCENTRALIZAÇÃO DA POLÍTICA SOBRE DROGAS,POLÍTICAS SOBRE DROGAS
2025,1450,SECRETARIA DE ESTADO DE JUSTIÇA E SEGURANÇA PÚBLICA - SEJUSP,3,0,1451,SECRETARIA DE ESTADO DE JUSTIÇA E SEGURANÇA PÚBLICA - SEJUSP,3,3,90,37,10,1,10785,6,422,141,4,438,4438,1,366624.00,366624.00,366624.00,0,DESCENTRALIZAÇÃO DA POLÍTICA SOBRE DROGAS,POLÍTICAS SOBRE DROGAS
2025,1450,SECRETARIA DE ESTADO DE JUSTIÇA E SEGURANÇA PÚBLICA - SEJUSP,3,0,1451,SECRETARIA DE ESTADO DE JUSTIÇA E SEGURANÇA PÚBLICA - SEJUSP,3,3,90,39,10,1,10785,6,422,141,4,438,4438,1,145331.00,145331.00,145331.00,0,DESCENTRALIZAÇÃO DA POLÍTICA SOBRE DROGAS,POLÍTICAS SOBRE DROGAS
2025,1450,SECRETARIA DE ESTADO DE JUSTIÇA E SEGURANÇA PÚBLICA - SEJUSP,3,0,1451,SECRETARIA DE ESTADO DE JUSTIÇA E SEGURANÇA PÚBLICA - SEJUSP,3,3,90,40,10,1,10785,6,422,141,4,438,4438,1,4853.00,4853.00,4853.00,0,DESCENTRALIZAÇÃO DA POLÍTICA SOBRE DROGAS,POLÍTICAS SOBRE DROGAS
2025,1450,SECRETARIA DE ESTADO DE JUSTIÇA E SEGURANÇA PÚBLICA - SEJUSP,3,0,1451,SECRETARIA DE ESTADO DE JUSTIÇA E SEGURANÇA PÚBLICA - SEJUSP,3,1,90,4,10,1,10793,10,243,146,4,443,4443,1,146207.00,146207.00,146207.00,0,ATENDIMENTO À SAÚDE DO ADOLESCENTE EM CONFLITO COM A LEI,PROMOÇÃO DA POLÍTICA SOCIOEDUCATIVA PARA ATENDIMENTO AOS ADOLESCENTES EM CONFLITO COM A LEI
2025,1450,SECRETARIA DE ESTADO DE JUSTIÇA E SEGURANÇA PÚBLICA - SEJUSP,3,0,1451,SECRETARIA DE ESTADO DE JUSTIÇA E SEGURANÇA PÚBLICA - SEJUSP,3,1,90,11,10,1,10793,10,243,146,4,443,4443,1,13162253.00,13162253.00,13162253.00,0,ATENDIMENTO À SAÚDE DO ADOLESCENTE EM CONFLITO COM A LEI,PROMOÇÃO DA POLÍTICA SOCIOEDUCATIVA PARA ATENDIMENTO AOS ADOLESCENTES EM CONFLITO COM A LEI
2025,1450,SECRETARIA DE ESTADO DE JUSTIÇA E SEGURANÇA PÚBLICA - SEJUSP,3,0,1451,SECRETARIA DE ESTADO DE JUSTIÇA E SEGURANÇA PÚBLICA - SEJUSP,3,1,90,11,57,2,10793,10,243,146,4,443,4443,1,52348.00,52348.00,52348.00,0,ATENDIMENTO À SAÚDE DO ADOLESCENTE EM CONFLITO COM A LEI,PROMOÇÃO DA POLÍTICA SOCIOEDUCATIVA PARA ATENDIMENTO AOS ADOLESCENTES EM CONFLITO COM A LEI
2025,1450,SECRETARIA DE ESTADO DE JUSTIÇA E SEGURANÇA PÚBLICA - SEJUSP,3,0,1451,SECRETARIA DE ESTADO DE JUSTIÇA E SEGURANÇA PÚBLICA - SEJUSP,3,1,90,13,10,1,10793,10,243,146,4,443,4443,1,11668.00,11668.00,11668.00,0,ATENDIMENTO À SAÚDE DO ADOLESCENTE EM CONFLITO COM A LEI,PROMOÇÃO DA POLÍTICA SOCIOEDUCATIVA PARA ATENDIMENTO AOS ADOLESCENTES EM CONFLITO COM A LEI
2025,1450,SECRETARIA DE ESTADO DE JUSTIÇA E SEGURANÇA PÚBLICA - SEJUSP,3,0,1451,SECRETARIA DE ESTADO DE JUSTIÇA E SEGURANÇA PÚBLICA - SEJUSP,3,1,91,13,10,1,10793,10,243,146,4,443,4443,1,4832588.00,4832588.00,4832588.00,0,ATENDIMENTO À SAÚDE DO ADOLESCENTE EM CONFLITO COM A LEI,PROMOÇÃO DA POLÍTICA SOCIOEDUCATIVA PARA ATENDIMENTO AOS ADOLESCENTES EM CONFLITO COM A LEI
2025,1450,SECRETARIA DE ESTADO DE JUSTIÇA E SEGURANÇA PÚBLICA - SEJUSP,3,0,1451,SECRETARIA DE ESTADO DE JUSTIÇA E SEGURANÇA PÚBLICA - SEJUSP,3,3,90,19,10,7,10793,10,243,146,4,443,4443,1,1254323.00,1254323.00,1254323.00,0,ATENDIMENTO À SAÚDE DO ADOLESCENTE EM CONFLITO COM A LEI,PROMOÇÃO DA POLÍTICA SOCIOEDUCATIVA PARA ATENDIMENTO AOS ADOLESCENTES EM CONFLITO COM A LEI
2025,1450,SECRETARIA DE ESTADO DE JUSTIÇA E SEGURANÇA PÚBLICA - SEJUSP,3,0,1451,SECRETARIA DE ESTADO DE JUSTIÇA E SEGURANÇA PÚBLICA - SEJUSP,3,3,90,30,10,1,10793,10,243,146,4,443,4443,1,39312.00,39312.00,39312.00,0,ATENDIMENTO À SAÚDE DO ADOLESCENTE EM CONFLITO COM A LEI,PROMOÇÃO DA POLÍTICA SOCIOEDUCATIVA PARA ATENDIMENTO AOS ADOLESCENTES EM CONFLITO COM A LEI
2025,1450,SECRETARIA DE ESTADO DE JUSTIÇA E SEGURANÇA PÚBLICA - SEJUSP,3,0,1451,SECRETARIA DE ESTADO DE JUSTIÇA E SEGURANÇA PÚBLICA - SEJUSP,3,3,90,39,10,1,10793,10,243,146,4,443,4443,1,441051.00,441051.00,441051.00,0,ATENDIMENTO À SAÚDE DO ADOLESCENTE EM CONFLITO COM A LEI,PROMOÇÃO DA POLÍTICA SOCIOEDUCATIVA PARA ATENDIMENTO AOS ADOLESCENTES EM CONFLITO COM A LEI
2025,1450,SECRETARIA DE ESTADO DE JUSTIÇA E SEGURANÇA PÚBLICA - SEJUSP,3,0,1451,SECRETARIA DE ESTADO DE JUSTIÇA E SEGURANÇA PÚBLICA - SEJUSP,3,3,90,46,10,7,10793,10,243,146,4,443,4443,1,258942.00,258942.00,258942.00,0,ATENDIMENTO À SAÚDE DO ADOLESCENTE EM CONFLITO COM A LEI,PROMOÇÃO DA POLÍTICA SOCIOEDUCATIVA PARA ATENDIMENTO AOS ADOLESCENTES EM CONFLITO COM A LEI
2025,1450,SECRETARIA DE ESTADO DE JUSTIÇA E SEGURANÇA PÚBLICA - SEJUSP,3,0,1451,SECRETARIA DE ESTADO DE JUSTIÇA E SEGURANÇA PÚBLICA - SEJUSP,3,3,90,49,10,7,10793,10,243,146,4,443,4443,1,36620.00,36620.00,36620.00,0,ATENDIMENTO À SAÚDE DO ADOLESCENTE EM CONFLITO COM A LEI,PROMOÇÃO DA POLÍTICA SOCIOEDUCATIVA PARA ATENDIMENTO AOS ADOLESCENTES EM CONFLITO COM A LEI
2025,1450,SECRETARIA DE ESTADO DE JUSTIÇA E SEGURANÇA PÚBLICA - SEJUSP,3,0,1451,SECRETARIA DE ESTADO DE JUSTIÇA E SEGURANÇA PÚBLICA - SEJUSP,3,1,90,4,10,1,10669,10,421,130,4,353,4353,1,7645652.00,7645652.00,7645652.00,0,UNIDADES DE SAÚDE DO SISTEMA PRISIONAL,INFRAESTRUTURA DO SISTEMA PRISIONAL
2025,1450,SECRETARIA DE ESTADO DE JUSTIÇA E SEGURANÇA PÚBLICA - SEJUSP,3,0,1451,SECRETARIA DE ESTADO DE JUSTIÇA E SEGURANÇA PÚBLICA - SEJUSP,3,1,90,11,10,1,10669,10,421,130,4,353,4353,1,79850893.00,79850893.00,79850893.00,0,UNIDADES DE SAÚDE DO SISTEMA PRISIONAL,INFRAESTRUTURA DO SISTEMA PRISIONAL
2025,1450,SECRETARIA DE ESTADO DE JUSTIÇA E SEGURANÇA PÚBLICA - SEJUSP,3,0,1451,SECRETARIA DE ESTADO DE JUSTIÇA E SEGURANÇA PÚBLICA - SEJUSP,3,1,90,11,57,2,10669,10,421,130,4,353,4353,1,991108.00,991108.00,991108.00,0,UNIDADES DE SAÚDE DO SISTEMA PRISIONAL,INFRAESTRUTURA DO SISTEMA PRISIONAL
2025,1450,SECRETARIA DE ESTADO DE JUSTIÇA E SEGURANÇA PÚBLICA - SEJUSP,3,0,1451,SECRETARIA DE ESTADO DE JUSTIÇA E SEGURANÇA PÚBLICA - SEJUSP,3,1,90,16,10,1,10669,10,421,130,4,353,4353,1,5579.00,5579.00,5579.00,0,UNIDADES DE SAÚDE DO SISTEMA PRISIONAL,INFRAESTRUTURA DO SISTEMA PRISIONAL
2025,1450,SECRETARIA DE ESTADO DE JUSTIÇA E SEGURANÇA PÚBLICA - SEJUSP,3,0,1451,SECRETARIA DE ESTADO DE JUSTIÇA E SEGURANÇA PÚBLICA - SEJUSP,3,1,91,4,10,1,10669,10,421,130,4,353,4353,1,27582.00,27582.00,27582.00,0,UNIDADES DE SAÚDE DO SISTEMA PRISIONAL,INFRAESTRUTURA DO SISTEMA PRISIONAL
2025,1450,SECRETARIA DE ESTADO DE JUSTIÇA E SEGURANÇA PÚBLICA - SEJUSP,3,0,1451,SECRETARIA DE ESTADO DE JUSTIÇA E SEGURANÇA PÚBLICA - SEJUSP,3,1,91,13,10,1,10669,10,421,130,4,353,4353,1,29695842.00,29695842.00,29695842.00,0,UNIDADES DE SAÚDE DO SISTEMA PRISIONAL,INFRAESTRUTURA DO SISTEMA PRISIONAL
2025,1450,SECRETARIA DE ESTADO DE JUSTIÇA E SEGURANÇA PÚBLICA - SEJUSP,3,0,1451,SECRETARIA DE ESTADO DE JUSTIÇA E SEGURANÇA PÚBLICA - SEJUSP,3,3,90,19,10,7,10669,10,421,130,4,353,4353,1,6783163.00,6783163.00,6783163.00,0,UNIDADES DE SAÚDE DO SISTEMA PRISIONAL,INFRAESTRUTURA DO SISTEMA PRISIONAL
2025,1450,SECRETARIA DE ESTADO DE JUSTIÇA E SEGURANÇA PÚBLICA - SEJUSP,3,0,1451,SECRETARIA DE ESTADO DE JUSTIÇA E SEGURANÇA PÚBLICA - SEJUSP,3,3,90,30,10,1,10669,10,421,130,4,353,4353,1,19248135.00,19248135.00,19248135.00,0,UNIDADES DE SAÚDE DO SISTEMA PRISIONAL,INFRAESTRUTURA DO SISTEMA PRISIONAL
2025,1450,SECRETARIA DE ESTADO DE JUSTIÇA E SEGURANÇA PÚBLICA - SEJUSP,3,0,1451,SECRETARIA DE ESTADO DE JUSTIÇA E SEGURANÇA PÚBLICA - SEJUSP,3,3,90,33,10,1,10669,10,421,130,4,353,4353,1,71600.00,71600.00,71600.00,0,UNIDADES DE SAÚDE DO SISTEMA PRISIONAL,INFRAESTRUTURA DO SISTEMA PRISIONAL
2025,1450,SECRETARIA DE ESTADO DE JUSTIÇA E SEGURANÇA PÚBLICA - SEJUSP,3,0,1451,SECRETARIA DE ESTADO DE JUSTIÇA E SEGURANÇA PÚBLICA - SEJUSP,3,3,90,36,10,1,10669,10,421,130,4,353,4353,1,120000.00,120000.00,120000.00,0,UNIDADES DE SAÚDE DO SISTEMA PRISIONAL,INFRAESTRUTURA DO SISTEMA PRISIONAL
2025,1450,SECRETARIA DE ESTADO DE JUSTIÇA E SEGURANÇA PÚBLICA - SEJUSP,3,0,1451,SECRETARIA DE ESTADO DE JUSTIÇA E SEGURANÇA PÚBLICA - SEJUSP,3,3,90,39,10,1,10669,10,421,130,4,353,4353,1,11606026.00,11606026.00,11606026.00,0,UNIDADES DE SAÚDE DO SISTEMA PRISIONAL,INFRAESTRUTURA DO SISTEMA PRISIONAL
2025,1450,SECRETARIA DE ESTADO DE JUSTIÇA E SEGURANÇA PÚBLICA - SEJUSP,3,0,1451,SECRETARIA DE ESTADO DE JUSTIÇA E SEGURANÇA PÚBLICA - SEJUSP,3,3,90,40,10,1,10669,10,421,130,4,353,4353,1,406331.00,406331.00,406331.00,0,UNIDADES DE SAÚDE DO SISTEMA PRISIONAL,INFRAESTRUTURA DO SISTEMA PRISIONAL
2025,1450,SECRETARIA DE ESTADO DE JUSTIÇA E SEGURANÇA PÚBLICA - SEJUSP,3,0,1451,SECRETARIA DE ESTADO DE JUSTIÇA E SEGURANÇA PÚBLICA - SEJUSP,3,3,90,46,10,7,10669,10,421,130,4,353,4353,1,202522.00,202522.00,202522.00,0,UNIDADES DE SAÚDE DO SISTEMA PRISIONAL,INFRAESTRUTURA DO SISTEMA PRISIONAL
2025,1450,SECRETARIA DE ESTADO DE JUSTIÇA E SEGURANÇA PÚBLICA - SEJUSP,3,0,1451,SECRETARIA DE ESTADO DE JUSTIÇA E SEGURANÇA PÚBLICA - SEJUSP,3,3,90,47,10,1,10669,10,421,130,4,353,4353,1,86400.00,86400.00,86400.00,0,UNIDADES DE SAÚDE DO SISTEMA PRISIONAL,INFRAESTRUTURA DO SISTEMA PRISIONAL
2025,1450,SECRETARIA DE ESTADO DE JUSTIÇA E SEGURANÇA PÚBLICA - SEJUSP,3,0,1451,SECRETARIA DE ESTADO DE JUSTIÇA E SEGURANÇA PÚBLICA - SEJUSP,3,3,90,49,10,7,10669,10,421,130,4,353,4353,1,217495.00,217495.00,217495.00,0,UNIDADES DE SAÚDE DO SISTEMA PRISIONAL,INFRAESTRUTURA DO SISTEMA PRISIONAL
2025,1450,SECRETARIA DE ESTADO DE JUSTIÇA E SEGURANÇA PÚBLICA - SEJUSP,3,0,1451,SECRETARIA DE ESTADO DE JUSTIÇA E SEGURANÇA PÚBLICA - SEJUSP,4,4,90,51,10,1,10669,10,421,130,4,353,4353,1,740555.00,740555.00,740555.00,0,UNIDADES DE SAÚDE DO SISTEMA PRISIONAL,INFRAESTRUTURA DO SISTEMA PRISIONAL
2025,1450,SECRETARIA DE ESTADO DE JUSTIÇA E SEGURANÇA PÚBLICA - SEJUSP,3,0,1451,SECRETARIA DE ESTADO DE JUSTIÇA E SEGURANÇA PÚBLICA - SEJUSP,4,4,90,52,10,1,10669,10,421,130,4,353,4353,1,4059337.00,4059337.00,4059337.00,0,UNIDADES DE SAÚDE DO SISTEMA PRISIONAL,INFRAESTRUTURA DO SISTEMA PRISIONAL
2025,1450,SECRETARIA DE ESTADO DE JUSTIÇA E SEGURANÇA PÚBLICA - SEJUSP,3,0,1451,SECRETARIA DE ESTADO DE JUSTIÇA E SEGURANÇA PÚBLICA - SEJUSP,3,3,50,43,10,1,10784,10,422,141,4,437,4437,1,11145714.00,11145714.00,11145714.00,0,APOIO À REDE COMPLEMENTAR DE SUPORTE SOCIAL NA ATENÇÃO AO DEPENDENTE QUÍMICO,POLÍTICAS SOBRE DROGAS
2025,1450,SECRETARIA DE ESTADO DE JUSTIÇA E SEGURANÇA PÚBLICA - SEJUSP,3,0,1451,SECRETARIA DE ESTADO DE JUSTIÇA E SEGURANÇA PÚBLICA - SEJUSP,3,3,90,14,10,1,10784,10,422,141,4,437,4437,1,45193.00,45193.00,45193.00,0,APOIO À REDE COMPLEMENTAR DE SUPORTE SOCIAL NA ATENÇÃO AO DEPENDENTE QUÍMICO,POLÍTICAS SOBRE DROGAS
2025,1450,SECRETARIA DE ESTADO DE JUSTIÇA E SEGURANÇA PÚBLICA - SEJUSP,3,0,1451,SECRETARIA DE ESTADO DE JUSTIÇA E SEGURANÇA PÚBLICA - SEJUSP,3,3,90,33,10,1,10784,10,422,141,4,437,4437,1,7104.00,7104.00,7104.00,0,APOIO À REDE COMPLEMENTAR DE SUPORTE SOCIAL NA ATENÇÃO AO DEPENDENTE QUÍMICO,POLÍTICAS SOBRE DROGAS
2025,1450,SECRETARIA DE ESTADO DE JUSTIÇA E SEGURANÇA PÚBLICA - SEJUSP,3,0,1451,SECRETARIA DE ESTADO DE JUSTIÇA E SEGURANÇA PÚBLICA - SEJUSP,3,3,90,37,10,1,10784,10,422,141,4,437,4437,1,340969.00,340969.00,340969.00,0,APOIO À REDE COMPLEMENTAR DE SUPORTE SOCIAL NA ATENÇÃO AO DEPENDENTE QUÍMICO,POLÍTICAS SOBRE DROGAS
2025,1450,SECRETARIA DE ESTADO DE JUSTIÇA E SEGURANÇA PÚBLICA - SEJUSP,3,0,1451,SECRETARIA DE ESTADO DE JUSTIÇA E SEGURANÇA PÚBLICA - SEJUSP,3,3,90,39,10,1,10784,10,422,141,4,437,4437,1,62408.00,62408.00,62408.00,0,APOIO À REDE COMPLEMENTAR DE SUPORTE SOCIAL NA ATENÇÃO AO DEPENDENTE QUÍMICO,POLÍTICAS SOBRE DROGAS
2025,1450,SECRETARIA DE ESTADO DE JUSTIÇA E SEGURANÇA PÚBLICA - SEJUSP,3,0,1451,SECRETARIA DE ESTADO DE JUSTIÇA E SEGURANÇA PÚBLICA - SEJUSP,3,3,90,40,10,1,10784,10,422,141,4,437,4437,1,128580.00,128580.00,128580.00,0,APOIO À REDE COMPLEMENTAR DE SUPORTE SOCIAL NA ATENÇÃO AO DEPENDENTE QUÍMICO,POLÍTICAS SOBRE DROGAS
2025,1450,SECRETARIA DE ESTADO DE JUSTIÇA E SEGURANÇA PÚBLICA - SEJUSP,3,0,1451,SECRETARIA DE ESTADO DE JUSTIÇA E SEGURANÇA PÚBLICA - SEJUSP,4,4,99,99,10,8,10784,10,422,141,4,437,4437,1,500000.00,1000000.00,1000000.00,0,APOIO À REDE COMPLEMENTAR DE SUPORTE SOCIAL NA ATENÇÃO AO DEPENDENTE QUÍMICO,POLÍTICAS SOBRE DROGAS
2025,1450,SECRETARIA DE ESTADO DE JUSTIÇA E SEGURANÇA PÚBLICA - SEJUSP,3,0,1451,SECRETARIA DE ESTADO DE JUSTIÇA E SEGURANÇA PÚBLICA - SEJUSP,3,3,50,85,10,1,10790,12,243,146,4,442,4442,1,159094728.00,159094728.00,159094728.00,0,FORMAÇÃO EDUCACIONAL E PROFISSIONAL DO ADOLESCENTE EM CUMPRIMENTO DE MEDIDA SOCIOEDUCATIVA,PROMOÇÃO DA POLÍTICA SOCIOEDUCATIVA PARA ATENDIMENTO AOS ADOLESCENTES EM CONFLITO COM A LEI
2025,1450,SECRETARIA DE ESTADO DE JUSTIÇA E SEGURANÇA PÚBLICA - SEJUSP,3,0,1451,SECRETARIA DE ESTADO DE JUSTIÇA E SEGURANÇA PÚBLICA - SEJUSP,3,3,90,39,24,1,10790,12,243,146,4,442,4442,1,1807896.00,1807896.00,1807896.00,0,FORMAÇÃO EDUCACIONAL E PROFISSIONAL DO ADOLESCENTE EM CUMPRIMENTO DE MEDIDA SOCIOEDUCATIVA,PROMOÇÃO DA POLÍTICA SOCIOEDUCATIVA PARA ATENDIMENTO AOS ADOLESCENTES EM CONFLITO COM A LEI
2025,1450,SECRETARIA DE ESTADO DE JUSTIÇA E SEGURANÇA PÚBLICA - SEJUSP,3,0,4141,FUNDO PENITENCIÁRIO ESTADUAL - FPE,3,3,90,30,57,1,10655,6,421,128,1,46,1046,1,995034.00,995034.00,995034.00,0,APOIO À ESTRUTURAÇÃO E AO REAPARELHAMENTO DE UNIDADES PRISIONAIS E SOCIOEDUCATIVAS,PROGRAMA DE APOIO A AMPLIAÇÃO E A MELHORIA DOS SISTEMAS PRISIONAL E SOCIOEDUCATIVO
2025,1450,SECRETARIA DE ESTADO DE JUSTIÇA E SEGURANÇA PÚBLICA - SEJUSP,3,0,4141,FUNDO PENITENCIÁRIO ESTADUAL - FPE,3,3,90,39,39,1,10655,6,421,128,1,46,1046,1,5920000.00,5920000.00,5920000.00,0,APOIO À ESTRUTURAÇÃO E AO REAPARELHAMENTO DE UNIDADES PRISIONAIS E SOCIOEDUCATIVAS,PROGRAMA DE APOIO A AMPLIAÇÃO E A MELHORIA DOS SISTEMAS PRISIONAL E SOCIOEDUCATIVO
2025,1450,SECRETARIA DE ESTADO DE JUSTIÇA E SEGURANÇA PÚBLICA - SEJUSP,3,0,4141,FUNDO PENITENCIÁRIO ESTADUAL - FPE,3,3,90,39,57,1,10655,6,421,128,1,46,1046,1,1000.00,1000.00,1000.00,0,APOIO À ESTRUTURAÇÃO E AO REAPARELHAMENTO DE UNIDADES PRISIONAIS E SOCIOEDUCATIVAS,PROGRAMA DE APOIO A AMPLIAÇÃO E A MELHORIA DOS SISTEMAS PRISIONAL E SOCIOEDUCATIVO
2025,1450,SECRETARIA DE ESTADO DE JUSTIÇA E SEGURANÇA PÚBLICA - SEJUSP,3,0,4141,FUNDO PENITENCIÁRIO ESTADUAL - FPE,4,4,90,39,57,1,10655,6,421,128,1,46,1046,1,1000.00,1000.00,1000.00,0,APOIO À ESTRUTURAÇÃO E AO REAPARELHAMENTO DE UNIDADES PRISIONAIS E SOCIOEDUCATIVAS,PROGRAMA DE APOIO A AMPLIAÇÃO E A MELHORIA DOS SISTEMAS PRISIONAL E SOCIOEDUCATIVO
2025,1450,SECRETARIA DE ESTADO DE JUSTIÇA E SEGURANÇA PÚBLICA - SEJUSP,3,0,4141,FUNDO PENITENCIÁRIO ESTADUAL - FPE,4,4,90,52,57,1,10655,6,421,128,1,46,1046,1,8722497.00,8722497.00,8722497.00,0,APOIO À ESTRUTURAÇÃO E AO REAPARELHAMENTO DE UNIDADES PRISIONAIS E SOCIOEDUCATIVAS,PROGRAMA DE APOIO A AMPLIAÇÃO E A MELHORIA DOS SISTEMAS PRISIONAL E SOCIOEDUCATIVO
2025,1450,SECRETARIA DE ESTADO DE JUSTIÇA E SEGURANÇA PÚBLICA - SEJUSP,3,0,4321,"FUNDO ESTADUAL DE PREVENÇÃO, FISCALIZAÇÃO E REPRESSÃO DE ENTORPECENTES - FUNPREN",3,3,90,39,10,1,10783,14,421,141,4,436,4436,1,1000.00,1000.00,1000.00,0,"APOIO ÀS AÇÕES DO FUNDO ESTADUAL DE PREVENÇÃO, FISCALIZAÇÃO E REPRESSÃO DOS ENTORPECENTES - FUNPREN",POLÍTICAS SOBRE DROGAS
2025,1450,SECRETARIA DE ESTADO DE JUSTIÇA E SEGURANÇA PÚBLICA - SEJUSP,3,0,4691,FUNDO ESTADUAL DE SEGURANÇA PÚBLICA DE MINAS GERAIS - FESP-MG,3,3,90,30,57,1,10707,6,123,134,2,71,2071,1,27366278.00,27366278.00,27366278.00,0,APOIO ÀS AÇÕES DO FUNDO DE ESTADUAL DE SEGURANÇA PÚBLICA,GESTÃO INTEGRADA DE SEGURANÇA PÚBLICA
2025,1450,SECRETARIA DE ESTADO DE JUSTIÇA E SEGURANÇA PÚBLICA - SEJUSP,3,0,4691,FUNDO ESTADUAL DE SEGURANÇA PÚBLICA DE MINAS GERAIS - FESP-MG,3,3,90,39,57,1,10707,6,123,134,2,71,2071,1,7415582.00,7415582.00,7415582.00,0,APOIO ÀS AÇÕES DO FUNDO DE ESTADUAL DE SEGURANÇA PÚBLICA,GESTÃO INTEGRADA DE SEGURANÇA PÚBLICA
2025,1450,SECRETARIA DE ESTADO DE JUSTIÇA E SEGURANÇA PÚBLICA - SEJUSP,3,0,4691,FUNDO ESTADUAL DE SEGURANÇA PÚBLICA DE MINAS GERAIS - FESP-MG,4,4,90,39,57,1,10707,6,123,134,2,71,2071,1,1000.00,1000.00,1000.00,0,APOIO ÀS AÇÕES DO FUNDO DE ESTADUAL DE SEGURANÇA PÚBLICA,GESTÃO INTEGRADA DE SEGURANÇA PÚBLICA
2025,1450,SECRETARIA DE ESTADO DE JUSTIÇA E SEGURANÇA PÚBLICA - SEJUSP,3,0,4691,FUNDO ESTADUAL DE SEGURANÇA PÚBLICA DE MINAS GERAIS - FESP-MG,4,4,90,52,57,1,10707,6,123,134,2,71,2071,1,58153341.00,58153341.00,58153341.00,0,APOIO ÀS AÇÕES DO FUNDO DE ESTADUAL DE SEGURANÇA PÚBLICA,GESTÃO INTEGRADA DE SEGURANÇA PÚBLICA
2025,1480,SECRETARIA DE ESTADO DE DESENVOLVIMENTO SOCIAL - SEDESE,3,0,1481,SECRETARIA DE ESTADO DE DESENVOLVIMENTO SOCIAL - SEDESE,3,1,90,11,71,1,10473,4,122,83,2,35,2035,1,44882.00,44882.00,44882.00,0,APOIO E COORDENAÇÃO DE POLÍTICAS INTERSETORIAIS DE DESENVOLVIMENTO SOCIAL NO CONTEXTO DO PROGRAMA PERCURSOS GERAIS: TRAJETÓRIA PARA AUTONOMIA,POLÍTICAS DE PROMOÇÃO AO DESENVOLVIMENTO SOCIAL NO CONTEXTO RURAL - PERCURSOS GERAIS: TRAJETÓRIA PARA AUTONOMIA
2025,1480,SECRETARIA DE ESTADO DE DESENVOLVIMENTO SOCIAL - SEDESE,3,0,1481,SECRETARIA DE ESTADO DE DESENVOLVIMENTO SOCIAL - SEDESE,3,1,90,13,71,1,10473,4,122,83,2,35,2035,1,2965.00,2965.00,2965.00,0,APOIO E COORDENAÇÃO DE POLÍTICAS INTERSETORIAIS DE DESENVOLVIMENTO SOCIAL NO CONTEXTO DO PROGRAMA PERCURSOS GERAIS: TRAJETÓRIA PARA AUTONOMIA,POLÍTICAS DE PROMOÇÃO AO DESENVOLVIMENTO SOCIAL NO CONTEXTO RURAL - PERCURSOS GERAIS: TRAJETÓRIA PARA AUTONOMIA
2025,1480,SECRETARIA DE ESTADO DE DESENVOLVIMENTO SOCIAL - SEDESE,3,0,1481,SECRETARIA DE ESTADO DE DESENVOLVIMENTO SOCIAL - SEDESE,3,1,91,13,71,1,10473,4,122,83,2,35,2035,1,579.00,579.00,579.00,0,APOIO E COORDENAÇÃO DE POLÍTICAS INTERSETORIAIS DE DESENVOLVIMENTO SOCIAL NO CONTEXTO DO PROGRAMA PERCURSOS GERAIS: TRAJETÓRIA PARA AUTONOMIA,POLÍTICAS DE PROMOÇÃO AO DESENVOLVIMENTO SOCIAL NO CONTEXTO RURAL - PERCURSOS GERAIS: TRAJETÓRIA PARA AUTONOMIA
2025,1480,SECRETARIA DE ESTADO DE DESENVOLVIMENTO SOCIAL - SEDESE,3,0,1481,SECRETARIA DE ESTADO DE DESENVOLVIMENTO SOCIAL - SEDESE,3,3,50,43,71,1,10473,4,122,83,2,35,2035,1,1074906.00,1074906.00,1074906.00,0,APOIO E COORDENAÇÃO DE POLÍTICAS INTERSETORIAIS DE DESENVOLVIMENTO SOCIAL NO CONTEXTO DO PROGRAMA PERCURSOS GERAIS: TRAJETÓRIA PARA AUTONOMIA,POLÍTICAS DE PROMOÇÃO AO DESENVOLVIMENTO SOCIAL NO CONTEXTO RURAL - PERCURSOS GERAIS: TRAJETÓRIA PARA AUTONOMIA
2025,1480,SECRETARIA DE ESTADO DE DESENVOLVIMENTO SOCIAL - SEDESE,3,0,1481,SECRETARIA DE ESTADO DE DESENVOLVIMENTO SOCIAL - SEDESE,3,3,90,14,71,1,10473,4,122,83,2,35,2035,1,34830.00,34830.00,34830.00,0,APOIO E COORDENAÇÃO DE POLÍTICAS INTERSETORIAIS DE DESENVOLVIMENTO SOCIAL NO CONTEXTO DO PROGRAMA PERCURSOS GERAIS: TRAJETÓRIA PARA AUTONOMIA,POLÍTICAS DE PROMOÇÃO AO DESENVOLVIMENTO SOCIAL NO CONTEXTO RURAL - PERCURSOS GERAIS: TRAJETÓRIA PARA AUTONOMIA
2025,1480,SECRETARIA DE ESTADO DE DESENVOLVIMENTO SOCIAL - SEDESE,3,0,1481,SECRETARIA DE ESTADO DE DESENVOLVIMENTO SOCIAL - SEDESE,3,3,90,33,71,1,10473,4,122,83,2,35,2035,1,4500.00,4500.00,4500.00,0,APOIO E COORDENAÇÃO DE POLÍTICAS INTERSETORIAIS DE DESENVOLVIMENTO SOCIAL NO CONTEXTO DO PROGRAMA PERCURSOS GERAIS: TRAJETÓRIA PARA AUTONOMIA,POLÍTICAS DE PROMOÇÃO AO DESENVOLVIMENTO SOCIAL NO CONTEXTO RURAL - PERCURSOS GERAIS: TRAJETÓRIA PARA AUTONOMIA
2025,1480,SECRETARIA DE ESTADO DE DESENVOLVIMENTO SOCIAL - SEDESE,3,0,1481,SECRETARIA DE ESTADO DE DESENVOLVIMENTO SOCIAL - SEDESE,3,3,90,39,71,1,10473,4,122,83,2,35,2035,1,35837.00,35837.00,35837.00,0,APOIO E COORDENAÇÃO DE POLÍTICAS INTERSETORIAIS DE DESENVOLVIMENTO SOCIAL NO CONTEXTO DO PROGRAMA PERCURSOS GERAIS: TRAJETÓRIA PARA AUTONOMIA,POLÍTICAS DE PROMOÇÃO AO DESENVOLVIMENTO SOCIAL NO CONTEXTO RURAL - PERCURSOS GERAIS: TRAJETÓRIA PARA AUTONOMIA
2025,1480,SECRETARIA DE ESTADO DE DESENVOLVIMENTO SOCIAL - SEDESE,3,0,1481,SECRETARIA DE ESTADO DE DESENVOLVIMENTO SOCIAL - SEDESE,3,3,90,46,71,7,10473,4,122,83,2,35,2035,1,17096.00,17096.00,17096.00,0,APOIO E COORDENAÇÃO DE POLÍTICAS INTERSETORIAIS DE DESENVOLVIMENTO SOCIAL NO CONTEXTO DO PROGRAMA PERCURSOS GERAIS: TRAJETÓRIA PARA AUTONOMIA,POLÍTICAS DE PROMOÇÃO AO DESENVOLVIMENTO SOCIAL NO CONTEXTO RURAL - PERCURSOS GERAIS: TRAJETÓRIA PARA AUTONOMIA
2025,1480,SECRETARIA DE ESTADO DE DESENVOLVIMENTO SOCIAL - SEDESE,3,0,1481,SECRETARIA DE ESTADO DE DESENVOLVIMENTO SOCIAL - SEDESE,3,3,90,49,71,7,10473,4,122,83,2,35,2035,1,4901.00,4901.00,4901.00,0,APOIO E COORDENAÇÃO DE POLÍTICAS INTERSETORIAIS DE DESENVOLVIMENTO SOCIAL NO CONTEXTO DO PROGRAMA PERCURSOS GERAIS: TRAJETÓRIA PARA AUTONOMIA,POLÍTICAS DE PROMOÇÃO AO DESENVOLVIMENTO SOCIAL NO CONTEXTO RURAL - PERCURSOS GERAIS: TRAJETÓRIA PARA AUTONOMIA
2025,1480,SECRETARIA DE ESTADO DE DESENVOLVIMENTO SOCIAL - SEDESE,3,0,1481,SECRETARIA DE ESTADO DE DESENVOLVIMENTO SOCIAL - SEDESE,3,3,90,14,10,1,10480,4,122,84,2,36,2036,1,4344.00,4344.00,4344.00,0,"DESENVOLVIMENTO DE ESTUDOS, PESQUISAS, FERRAMENTAS DE MONITORAMENTO E AVALIAÇÃO EM DESENVOLVIMENTO SOCIAL E DE PREVENÇÃO E RESPOSTA À SITUAÇÕES DE CALAMIDADE PÚBLICA E DESASTRE","POLÍTICAS DE INTEGRAÇÃO, REGIONALIZAÇÃO E INOVAÇÃO"
2025,1480,SECRETARIA DE ESTADO DE DESENVOLVIMENTO SOCIAL - SEDESE,3,0,1481,SECRETARIA DE ESTADO DE DESENVOLVIMENTO SOCIAL - SEDESE,3,3,90,33,10,1,10480,4,122,84,2,36,2036,1,7200.00,7200.00,7200.00,0,"DESENVOLVIMENTO DE ESTUDOS, PESQUISAS, FERRAMENTAS DE MONITORAMENTO E AVALIAÇÃO EM DESENVOLVIMENTO SOCIAL E DE PREVENÇÃO E RESPOSTA À SITUAÇÕES DE CALAMIDADE PÚBLICA E DESASTRE","POLÍTICAS DE INTEGRAÇÃO, REGIONALIZAÇÃO E INOVAÇÃO"
2025,1480,SECRETARIA DE ESTADO DE DESENVOLVIMENTO SOCIAL - SEDESE,3,0,1481,SECRETARIA DE ESTADO DE DESENVOLVIMENTO SOCIAL - SEDESE,3,3,90,37,10,1,10480,4,122,84,2,36,2036,1,333605.00,333605.00,333605.00,0,"DESENVOLVIMENTO DE ESTUDOS, PESQUISAS, FERRAMENTAS DE MONITORAMENTO E AVALIAÇÃO EM DESENVOLVIMENTO SOCIAL E DE PREVENÇÃO E RESPOSTA À SITUAÇÕES DE CALAMIDADE PÚBLICA E DESASTRE","POLÍTICAS DE INTEGRAÇÃO, REGIONALIZAÇÃO E INOVAÇÃO"
2025,1480,SECRETARIA DE ESTADO DE DESENVOLVIMENTO SOCIAL - SEDESE,3,0,1481,SECRETARIA DE ESTADO DE DESENVOLVIMENTO SOCIAL - SEDESE,3,3,90,39,10,1,10480,4,122,84,2,36,2036,1,1200.00,1200.00,1200.00,0,"DESENVOLVIMENTO DE ESTUDOS, PESQUISAS, FERRAMENTAS DE MONITORAMENTO E AVALIAÇÃO EM DESENVOLVIMENTO SOCIAL E DE PREVENÇÃO E RESPOSTA À SITUAÇÕES DE CALAMIDADE PÚBLICA E DESASTRE","POLÍTICAS DE INTEGRAÇÃO, REGIONALIZAÇÃO E INOVAÇÃO"
2025,1480,SECRETARIA DE ESTADO DE DESENVOLVIMENTO SOCIAL - SEDESE,3,0,1481,SECRETARIA DE ESTADO DE DESENVOLVIMENTO SOCIAL - SEDESE,3,1,90,11,71,1,10484,4,122,84,2,37,2037,1,64638.00,64638.00,64638.00,0,FOMENTO A INOVAÇÃO E APRIMORAMENTO DE PROJETOS DE DESENVOLVIMENTO SOCIAL,"POLÍTICAS DE INTEGRAÇÃO, REGIONALIZAÇÃO E INOVAÇÃO"
2025,1480,SECRETARIA DE ESTADO DE DESENVOLVIMENTO SOCIAL - SEDESE,3,0,1481,SECRETARIA DE ESTADO DE DESENVOLVIMENTO SOCIAL - SEDESE,3,1,90,13,71,1,10484,4,122,84,2,37,2037,1,4270.00,4270.00,4270.00,0,FOMENTO A INOVAÇÃO E APRIMORAMENTO DE PROJETOS DE DESENVOLVIMENTO SOCIAL,"POLÍTICAS DE INTEGRAÇÃO, REGIONALIZAÇÃO E INOVAÇÃO"
2025,1480,SECRETARIA DE ESTADO DE DESENVOLVIMENTO SOCIAL - SEDESE,3,0,1481,SECRETARIA DE ESTADO DE DESENVOLVIMENTO SOCIAL - SEDESE,3,1,91,13,71,1,10484,4,122,84,2,37,2037,1,923.00,923.00,923.00,0,FOMENTO A INOVAÇÃO E APRIMORAMENTO DE PROJETOS DE DESENVOLVIMENTO SOCIAL,"POLÍTICAS DE INTEGRAÇÃO, REGIONALIZAÇÃO E INOVAÇÃO"
2025,1480,SECRETARIA DE ESTADO DE DESENVOLVIMENTO SOCIAL - SEDESE,3,0,1481,SECRETARIA DE ESTADO DE DESENVOLVIMENTO SOCIAL - SEDESE,3,3,90,14,71,1,10484,4,122,84,2,37,2037,1,12900.00,12900.00,12900.00,0,FOMENTO A INOVAÇÃO E APRIMORAMENTO DE PROJETOS DE DESENVOLVIMENTO SOCIAL,"POLÍTICAS DE INTEGRAÇÃO, REGIONALIZAÇÃO E INOVAÇÃO"
2025,1480,SECRETARIA DE ESTADO DE DESENVOLVIMENTO SOCIAL - SEDESE,3,0,1481,SECRETARIA DE ESTADO DE DESENVOLVIMENTO SOCIAL - SEDESE,3,3,90,33,71,1,10484,4,122,84,2,37,2037,1,4000.00,4000.00,4000.00,0,FOMENTO A INOVAÇÃO E APRIMORAMENTO DE PROJETOS DE DESENVOLVIMENTO SOCIAL,"POLÍTICAS DE INTEGRAÇÃO, REGIONALIZAÇÃO E INOVAÇÃO"
2025,1480,SECRETARIA DE ESTADO DE DESENVOLVIMENTO SOCIAL - SEDESE,3,0,1481,SECRETARIA DE ESTADO DE DESENVOLVIMENTO SOCIAL - SEDESE,3,3,90,37,71,1,10484,4,122,84,2,37,2037,1,236077.00,236077.00,236077.00,0,FOMENTO A INOVAÇÃO E APRIMORAMENTO DE PROJETOS DE DESENVOLVIMENTO SOCIAL,"POLÍTICAS DE INTEGRAÇÃO, REGIONALIZAÇÃO E INOVAÇÃO"
2025,1480,SECRETARIA DE ESTADO DE DESENVOLVIMENTO SOCIAL - SEDESE,3,0,1481,SECRETARIA DE ESTADO DE DESENVOLVIMENTO SOCIAL - SEDESE,3,3,90,39,71,1,10484,4,122,84,2,37,2037,1,17919.00,17919.00,17919.00,0,FOMENTO A INOVAÇÃO E APRIMORAMENTO DE PROJETOS DE DESENVOLVIMENTO SOCIAL,"POLÍTICAS DE INTEGRAÇÃO, REGIONALIZAÇÃO E INOVAÇÃO"
2025,1480,SECRETARIA DE ESTADO DE DESENVOLVIMENTO SOCIAL - SEDESE,3,0,1481,SECRETARIA DE ESTADO DE DESENVOLVIMENTO SOCIAL - SEDESE,3,3,90,46,71,7,10484,4,122,84,2,37,2037,1,34192.00,34192.00,34192.00,0,FOMENTO A INOVAÇÃO E APRIMORAMENTO DE PROJETOS DE DESENVOLVIMENTO SOCIAL,"POLÍTICAS DE INTEGRAÇÃO, REGIONALIZAÇÃO E INOVAÇÃO"
2025,1480,SECRETARIA DE ESTADO DE DESENVOLVIMENTO SOCIAL - SEDESE,3,0,1481,SECRETARIA DE ESTADO DE DESENVOLVIMENTO SOCIAL - SEDESE,3,3,90,49,71,7,10484,4,122,84,2,37,2037,1,23377.00,23377.00,23377.00,0,FOMENTO A INOVAÇÃO E APRIMORAMENTO DE PROJETOS DE DESENVOLVIMENTO SOCIAL,"POLÍTICAS DE INTEGRAÇÃO, REGIONALIZAÇÃO E INOVAÇÃO"
2025,1480,SECRETARIA DE ESTADO DE DESENVOLVIMENTO SOCIAL - SEDESE,3,0,1481,SECRETARIA DE ESTADO DE DESENVOLVIMENTO SOCIAL - SEDESE,3,3,90,14,10,1,10802,4,122,148,2,76,2076,1,43272.00,43272.00,43272.00,0,GESTÃO E MONITORAMENTO DE CONVÊNIOS E PARCERIAS,APOIO ÀS POLÍTICAS DE DESENVOLVIMENTO SOCIAL
2025,1480,SECRETARIA DE ESTADO DE DESENVOLVIMENTO SOCIAL - SEDESE,3,0,1481,SECRETARIA DE ESTADO DE DESENVOLVIMENTO SOCIAL - SEDESE,3,3,50,85,71,1,10803,4,122,148,2,79,2079,1,4533584.00,4533584.00,4533584.00,0,APOIO FINANCEIRO E MATERIAL ÀS INSTITUIÇÕES NA PROMOÇÃO DO DESENVOLVIMENTO SOCIAL,APOIO ÀS POLÍTICAS DE DESENVOLVIMENTO SOCIAL
2025,1480,SECRETARIA DE ESTADO DE DESENVOLVIMENTO SOCIAL - SEDESE,3,0,1481,SECRETARIA DE ESTADO DE DESENVOLVIMENTO SOCIAL - SEDESE,3,3,90,39,80,1,10803,4,122,148,2,79,2079,1,40944205.00,40944205.00,40944205.00,0,APOIO FINANCEIRO E MATERIAL ÀS INSTITUIÇÕES NA PROMOÇÃO DO DESENVOLVIMENTO SOCIAL,APOIO ÀS POLÍTICAS DE DESENVOLVIMENTO SOCIAL
2025,1480,SECRETARIA DE ESTADO DE DESENVOLVIMENTO SOCIAL - SEDESE,3,0,1481,SECRETARIA DE ESTADO DE DESENVOLVIMENTO SOCIAL - SEDESE,3,3,99,99,10,4,10803,4,122,148,2,79,2079,1,200000.00,200000.00,200000.00,0,APOIO FINANCEIRO E MATERIAL ÀS INSTITUIÇÕES NA PROMOÇÃO DO DESENVOLVIMENTO SOCIAL,APOIO ÀS POLÍTICAS DE DESENVOLVIMENTO SOCIAL
2025,1480,SECRETARIA DE ESTADO DE DESENVOLVIMENTO SOCIAL - SEDESE,3,0,1481,SECRETARIA DE ESTADO DE DESENVOLVIMENTO SOCIAL - SEDESE,3,3,99,99,10,8,10803,4,122,148,2,79,2079,1,1000000.00,1000000.00,57438592.00,0,APOIO FINANCEIRO E MATERIAL ÀS INSTITUIÇÕES NA PROMOÇÃO DO DESENVOLVIMENTO SOCIAL,APOIO ÀS POLÍTICAS DE DESENVOLVIMENTO SOCIAL
2025,1480,SECRETARIA DE ESTADO DE DESENVOLVIMENTO SOCIAL - SEDESE,3,0,1481,SECRETARIA DE ESTADO DE DESENVOLVIMENTO SOCIAL - SEDESE,4,4,99,99,10,4,10803,4,122,148,2,79,2079,1,190000.00,190000.00,190000.00,0,APOIO FINANCEIRO E MATERIAL ÀS INSTITUIÇÕES NA PROMOÇÃO DO DESENVOLVIMENTO SOCIAL,APOIO ÀS POLÍTICAS DE DESENVOLVIMENTO SOCIAL
2025,1480,SECRETARIA DE ESTADO DE DESENVOLVIMENTO SOCIAL - SEDESE,3,0,1481,SECRETARIA DE ESTADO DE DESENVOLVIMENTO SOCIAL - SEDESE,4,4,99,99,10,8,10803,4,122,148,2,79,2079,1,1000000.00,1000000.00,53601925.00,0,APOIO FINANCEIRO E MATERIAL ÀS INSTITUIÇÕES NA PROMOÇÃO DO DESENVOLVIMENTO SOCIAL,APOIO ÀS POLÍTICAS DE DESENVOLVIMENTO SOCIAL
2025,1480,SECRETARIA DE ESTADO DE DESENVOLVIMENTO SOCIAL - SEDESE,3,0,1481,SECRETARIA DE ESTADO DE DESENVOLVIMENTO SOCIAL - SEDESE,3,3,90,14,71,1,10479,4,128,84,4,204,4204,1,341670.00,341670.00,341670.00,0,APOIO TÉCNICO AOS MUNICÍPIOS PARA PROMOÇÃO DO DESENVOLVIMENTO REGIONAL,"POLÍTICAS DE INTEGRAÇÃO, REGIONALIZAÇÃO E INOVAÇÃO"
2025,1480,SECRETARIA DE ESTADO DE DESENVOLVIMENTO SOCIAL - SEDESE,3,0,1481,SECRETARIA DE ESTADO DE DESENVOLVIMENTO SOCIAL - SEDESE,3,3,90,33,71,1,10479,4,128,84,4,204,4204,1,45264.00,45264.00,45264.00,0,APOIO TÉCNICO AOS MUNICÍPIOS PARA PROMOÇÃO DO DESENVOLVIMENTO REGIONAL,"POLÍTICAS DE INTEGRAÇÃO, REGIONALIZAÇÃO E INOVAÇÃO"
2025,1480,SECRETARIA DE ESTADO DE DESENVOLVIMENTO SOCIAL - SEDESE,3,0,1481,SECRETARIA DE ESTADO DE DESENVOLVIMENTO SOCIAL - SEDESE,3,3,90,37,71,1,10479,4,128,84,4,204,4204,1,93480.00,93480.00,93480.00,0,APOIO TÉCNICO AOS MUNICÍPIOS PARA PROMOÇÃO DO DESENVOLVIMENTO REGIONAL,"POLÍTICAS DE INTEGRAÇÃO, REGIONALIZAÇÃO E INOVAÇÃO"
2025,1480,SECRETARIA DE ESTADO DE DESENVOLVIMENTO SOCIAL - SEDESE,3,0,1481,SECRETARIA DE ESTADO DE DESENVOLVIMENTO SOCIAL - SEDESE,3,3,90,39,71,1,10479,4,128,84,4,204,4204,1,1438643.00,1438643.00,1438643.00,0,APOIO TÉCNICO AOS MUNICÍPIOS PARA PROMOÇÃO DO DESENVOLVIMENTO REGIONAL,"POLÍTICAS DE INTEGRAÇÃO, REGIONALIZAÇÃO E INOVAÇÃO"
2025,1480,SECRETARIA DE ESTADO DE DESENVOLVIMENTO SOCIAL - SEDESE,3,0,1481,SECRETARIA DE ESTADO DE DESENVOLVIMENTO SOCIAL - SEDESE,3,1,90,11,71,1,10418,11,334,66,4,153,4153,1,3002897.00,3002897.00,3002897.00,0,ASSESSORAMENTO DAS UNIDADES DE ATENDIMENTO AO TRABALHADOR,POLÍTICAS DE TRABALHO E EMPREGO
2025,1480,SECRETARIA DE ESTADO DE DESENVOLVIMENTO SOCIAL - SEDESE,3,0,1481,SECRETARIA DE ESTADO DE DESENVOLVIMENTO SOCIAL - SEDESE,3,1,90,13,71,1,10418,11,334,66,4,153,4153,1,198349.00,198349.00,198349.00,0,ASSESSORAMENTO DAS UNIDADES DE ATENDIMENTO AO TRABALHADOR,POLÍTICAS DE TRABALHO E EMPREGO
2025,1480,SECRETARIA DE ESTADO DE DESENVOLVIMENTO SOCIAL - SEDESE,3,0,1481,SECRETARIA DE ESTADO DE DESENVOLVIMENTO SOCIAL - SEDESE,3,1,91,13,71,1,10418,11,334,66,4,153,4153,1,900389.00,900389.00,900389.00,0,ASSESSORAMENTO DAS UNIDADES DE ATENDIMENTO AO TRABALHADOR,POLÍTICAS DE TRABALHO E EMPREGO
2025,1480,SECRETARIA DE ESTADO DE DESENVOLVIMENTO SOCIAL - SEDESE,3,0,1481,SECRETARIA DE ESTADO DE DESENVOLVIMENTO SOCIAL - SEDESE,3,3,90,14,71,1,10418,11,334,66,4,153,4153,1,12900.00,12900.00,12900.00,0,ASSESSORAMENTO DAS UNIDADES DE ATENDIMENTO AO TRABALHADOR,POLÍTICAS DE TRABALHO E EMPREGO
2025,1480,SECRETARIA DE ESTADO DE DESENVOLVIMENTO SOCIAL - SEDESE,3,0,1481,SECRETARIA DE ESTADO DE DESENVOLVIMENTO SOCIAL - SEDESE,3,3,90,33,71,1,10418,11,334,66,4,153,4153,1,1500.00,1500.00,1500.00,0,ASSESSORAMENTO DAS UNIDADES DE ATENDIMENTO AO TRABALHADOR,POLÍTICAS DE TRABALHO E EMPREGO
2025,1480,SECRETARIA DE ESTADO DE DESENVOLVIMENTO SOCIAL - SEDESE,3,0,1481,SECRETARIA DE ESTADO DE DESENVOLVIMENTO SOCIAL - SEDESE,3,3,90,37,71,1,10418,11,334,66,4,153,4153,1,1573941.00,1573941.00,1573941.00,0,ASSESSORAMENTO DAS UNIDADES DE ATENDIMENTO AO TRABALHADOR,POLÍTICAS DE TRABALHO E EMPREGO
2025,1480,SECRETARIA DE ESTADO DE DESENVOLVIMENTO SOCIAL - SEDESE,3,0,1481,SECRETARIA DE ESTADO DE DESENVOLVIMENTO SOCIAL - SEDESE,3,3,90,39,71,1,10418,11,334,66,4,153,4153,1,89593.00,89593.00,89593.00,0,ASSESSORAMENTO DAS UNIDADES DE ATENDIMENTO AO TRABALHADOR,POLÍTICAS DE TRABALHO E EMPREGO
2025,1480,SECRETARIA DE ESTADO DE DESENVOLVIMENTO SOCIAL - SEDESE,3,0,1481,SECRETARIA DE ESTADO DE DESENVOLVIMENTO SOCIAL - SEDESE,3,3,90,40,71,1,10418,11,334,66,4,153,4153,1,11130.00,11130.00,11130.00,0,ASSESSORAMENTO DAS UNIDADES DE ATENDIMENTO AO TRABALHADOR,POLÍTICAS DE TRABALHO E EMPREGO
2025,1480,SECRETARIA DE ESTADO DE DESENVOLVIMENTO SOCIAL - SEDESE,3,0,1481,SECRETARIA DE ESTADO DE DESENVOLVIMENTO SOCIAL - SEDESE,3,3,90,46,71,7,10418,11,334,66,4,153,4153,1,495790.00,495790.00,495790.00,0,ASSESSORAMENTO DAS UNIDADES DE ATENDIMENTO AO TRABALHADOR,POLÍTICAS DE TRABALHO E EMPREGO
2025,1480,SECRETARIA DE ESTADO DE DESENVOLVIMENTO SOCIAL - SEDESE,3,0,1481,SECRETARIA DE ESTADO DE DESENVOLVIMENTO SOCIAL - SEDESE,3,3,90,49,71,7,10418,11,334,66,4,153,4153,1,46746.00,46746.00,46746.00,0,ASSESSORAMENTO DAS UNIDADES DE ATENDIMENTO AO TRABALHADOR,POLÍTICAS DE TRABALHO E EMPREGO
2025,1480,SECRETARIA DE ESTADO DE DESENVOLVIMENTO SOCIAL - SEDESE,3,0,1481,SECRETARIA DE ESTADO DE DESENVOLVIMENTO SOCIAL - SEDESE,3,3,99,99,10,8,10418,11,334,66,4,153,4153,1,250000.00,250000.00,250000.00,0,ASSESSORAMENTO DAS UNIDADES DE ATENDIMENTO AO TRABALHADOR,POLÍTICAS DE TRABALHO E EMPREGO
2025,1480,SECRETARIA DE ESTADO DE DESENVOLVIMENTO SOCIAL - SEDESE,3,0,1481,SECRETARIA DE ESTADO DE DESENVOLVIMENTO SOCIAL - SEDESE,3,1,90,11,71,1,10419,11,334,66,4,154,4154,1,582657.00,582657.00,582657.00,0,FOMENTO PARA ECONOMIA POPULAR SOLIDÁRIA E PROMOÇÃO DA INCLUSÃO PRODUTIVA,POLÍTICAS DE TRABALHO E EMPREGO
2025,1480,SECRETARIA DE ESTADO DE DESENVOLVIMENTO SOCIAL - SEDESE,3,0,1481,SECRETARIA DE ESTADO DE DESENVOLVIMENTO SOCIAL - SEDESE,3,1,90,13,71,1,10419,11,334,66,4,154,4154,1,38486.00,38486.00,38486.00,0,FOMENTO PARA ECONOMIA POPULAR SOLIDÁRIA E PROMOÇÃO DA INCLUSÃO PRODUTIVA,POLÍTICAS DE TRABALHO E EMPREGO
2025,1480,SECRETARIA DE ESTADO DE DESENVOLVIMENTO SOCIAL - SEDESE,3,0,1481,SECRETARIA DE ESTADO DE DESENVOLVIMENTO SOCIAL - SEDESE,3,1,91,13,71,1,10419,11,334,66,4,154,4154,1,157050.00,157050.00,157050.00,0,FOMENTO PARA ECONOMIA POPULAR SOLIDÁRIA E PROMOÇÃO DA INCLUSÃO PRODUTIVA,POLÍTICAS DE TRABALHO E EMPREGO
2025,1480,SECRETARIA DE ESTADO DE DESENVOLVIMENTO SOCIAL - SEDESE,3,0,1481,SECRETARIA DE ESTADO DE DESENVOLVIMENTO SOCIAL - SEDESE,3,3,90,14,71,1,10419,11,334,66,4,154,4154,1,18576.00,18576.00,18576.00,0,FOMENTO PARA ECONOMIA POPULAR SOLIDÁRIA E PROMOÇÃO DA INCLUSÃO PRODUTIVA,POLÍTICAS DE TRABALHO E EMPREGO
2025,1480,SECRETARIA DE ESTADO DE DESENVOLVIMENTO SOCIAL - SEDESE,3,0,1481,SECRETARIA DE ESTADO DE DESENVOLVIMENTO SOCIAL - SEDESE,3,3,90,33,71,1,10419,11,334,66,4,154,4154,1,20250.00,20250.00,20250.00,0,FOMENTO PARA ECONOMIA POPULAR SOLIDÁRIA E PROMOÇÃO DA INCLUSÃO PRODUTIVA,POLÍTICAS DE TRABALHO E EMPREGO
2025,1480,SECRETARIA DE ESTADO DE DESENVOLVIMENTO SOCIAL - SEDESE,3,0,1481,SECRETARIA DE ESTADO DE DESENVOLVIMENTO SOCIAL - SEDESE,3,3,90,37,71,1,10419,11,334,66,4,154,4154,1,225691.00,225691.00,225691.00,0,FOMENTO PARA ECONOMIA POPULAR SOLIDÁRIA E PROMOÇÃO DA INCLUSÃO PRODUTIVA,POLÍTICAS DE TRABALHO E EMPREGO
2025,1480,SECRETARIA DE ESTADO DE DESENVOLVIMENTO SOCIAL - SEDESE,3,0,1481,SECRETARIA DE ESTADO DE DESENVOLVIMENTO SOCIAL - SEDESE,3,3,90,39,71,1,10419,11,334,66,4,154,4154,1,35837.00,35837.00,35837.00,0,FOMENTO PARA ECONOMIA POPULAR SOLIDÁRIA E PROMOÇÃO DA INCLUSÃO PRODUTIVA,POLÍTICAS DE TRABALHO E EMPREGO
2025,1480,SECRETARIA DE ESTADO DE DESENVOLVIMENTO SOCIAL - SEDESE,3,0,1481,SECRETARIA DE ESTADO DE DESENVOLVIMENTO SOCIAL - SEDESE,3,3,90,39,80,1,10419,11,334,66,4,154,4154,1,10000000.00,10000000.00,10000000.00,0,FOMENTO PARA ECONOMIA POPULAR SOLIDÁRIA E PROMOÇÃO DA INCLUSÃO PRODUTIVA,POLÍTICAS DE TRABALHO E EMPREGO
2025,1480,SECRETARIA DE ESTADO DE DESENVOLVIMENTO SOCIAL - SEDESE,3,0,1481,SECRETARIA DE ESTADO DE DESENVOLVIMENTO SOCIAL - SEDESE,3,3,90,46,71,7,10419,11,334,66,4,154,4154,1,119673.00,119673.00,119673.00,0,FOMENTO PARA ECONOMIA POPULAR SOLIDÁRIA E PROMOÇÃO DA INCLUSÃO PRODUTIVA,POLÍTICAS DE TRABALHO E EMPREGO
2025,1480,SECRETARIA DE ESTADO DE DESENVOLVIMENTO SOCIAL - SEDESE,3,0,1481,SECRETARIA DE ESTADO DE DESENVOLVIMENTO SOCIAL - SEDESE,3,3,90,49,71,7,10419,11,334,66,4,154,4154,1,11686.00,11686.00,11686.00,0,FOMENTO PARA ECONOMIA POPULAR SOLIDÁRIA E PROMOÇÃO DA INCLUSÃO PRODUTIVA,POLÍTICAS DE TRABALHO E EMPREGO
2025,1480,SECRETARIA DE ESTADO DE DESENVOLVIMENTO SOCIAL - SEDESE,3,0,1481,SECRETARIA DE ESTADO DE DESENVOLVIMENTO SOCIAL - SEDESE,3,3,99,99,10,4,10419,11,334,66,4,154,4154,1,300000.00,300000.00,300000.00,0,FOMENTO PARA ECONOMIA POPULAR SOLIDÁRIA E PROMOÇÃO DA INCLUSÃO PRODUTIVA,POLÍTICAS DE TRABALHO E EMPREGO
2025,1480,SECRETARIA DE ESTADO DE DESENVOLVIMENTO SOCIAL - SEDESE,3,0,1481,SECRETARIA DE ESTADO DE DESENVOLVIMENTO SOCIAL - SEDESE,4,4,99,99,10,4,10419,11,334,66,4,154,4154,1,40000.00,40000.00,40000.00,0,FOMENTO PARA ECONOMIA POPULAR SOLIDÁRIA E PROMOÇÃO DA INCLUSÃO PRODUTIVA,POLÍTICAS DE TRABALHO E EMPREGO
2025,1480,SECRETARIA DE ESTADO DE DESENVOLVIMENTO SOCIAL - SEDESE,3,0,1481,SECRETARIA DE ESTADO DE DESENVOLVIMENTO SOCIAL - SEDESE,3,3,90,14,71,1,10422,11,334,66,4,157,4157,1,20640.00,20640.00,20640.00,1,FOMENTO À INCLUSÃO PRODUTIVA DE MULHERES,POLÍTICAS DE TRABALHO E EMPREGO
2025,1480,SECRETARIA DE ESTADO DE DESENVOLVIMENTO SOCIAL - SEDESE,3,0,1481,SECRETARIA DE ESTADO DE DESENVOLVIMENTO SOCIAL - SEDESE,3,3,90,33,71,1,10422,11,334,66,4,157,4157,1,3600.00,3600.00,3600.00,1,FOMENTO À INCLUSÃO PRODUTIVA DE MULHERES,POLÍTICAS DE TRABALHO E EMPREGO
2025,1480,SECRETARIA DE ESTADO DE DESENVOLVIMENTO SOCIAL - SEDESE,3,0,1481,SECRETARIA DE ESTADO DE DESENVOLVIMENTO SOCIAL - SEDESE,3,3,90,39,71,1,10422,11,334,66,4,157,4157,1,17919.00,17919.00,17919.00,1,FOMENTO À INCLUSÃO PRODUTIVA DE MULHERES,POLÍTICAS DE TRABALHO E EMPREGO
2025,1480,SECRETARIA DE ESTADO DE DESENVOLVIMENTO SOCIAL - SEDESE,3,0,1481,SECRETARIA DE ESTADO DE DESENVOLVIMENTO SOCIAL - SEDESE,3,3,99,99,10,4,10422,11,334,66,4,157,4157,1,200000.00,200000.00,200000.00,1,FOMENTO À INCLUSÃO PRODUTIVA DE MULHERES,POLÍTICAS DE TRABALHO E EMPREGO
2025,1480,SECRETARIA DE ESTADO DE DESENVOLVIMENTO SOCIAL - SEDESE,3,0,1481,SECRETARIA DE ESTADO DE DESENVOLVIMENTO SOCIAL - SEDESE,3,3,90,14,71,1,10756,11,334,83,4,412,4412,1,18576.00,18576.00,18576.00,1,ACESSO AO TRABALHO E À RENDA,POLÍTICAS DE PROMOÇÃO AO DESENVOLVIMENTO SOCIAL NO CONTEXTO RURAL - PERCURSOS GERAIS: TRAJETÓRIA PARA AUTONOMIA
2025,1480,SECRETARIA DE ESTADO DE DESENVOLVIMENTO SOCIAL - SEDESE,3,0,1481,SECRETARIA DE ESTADO DE DESENVOLVIMENTO SOCIAL - SEDESE,3,3,90,33,71,1,10756,11,334,83,4,412,4412,1,18900.00,18900.00,18900.00,1,ACESSO AO TRABALHO E À RENDA,POLÍTICAS DE PROMOÇÃO AO DESENVOLVIMENTO SOCIAL NO CONTEXTO RURAL - PERCURSOS GERAIS: TRAJETÓRIA PARA AUTONOMIA
2025,1480,SECRETARIA DE ESTADO DE DESENVOLVIMENTO SOCIAL - SEDESE,3,0,1481,SECRETARIA DE ESTADO DE DESENVOLVIMENTO SOCIAL - SEDESE,3,1,90,11,71,1,10423,11,363,67,4,158,4158,1,839083.00,839083.00,839083.00,1,QUALIFICAÇÃO PROFISSIONAL,REDE DE DESENVOLVIMENTO DA EDUCAÇÃO PROFISSIONAL
2025,1480,SECRETARIA DE ESTADO DE DESENVOLVIMENTO SOCIAL - SEDESE,3,0,1481,SECRETARIA DE ESTADO DE DESENVOLVIMENTO SOCIAL - SEDESE,3,1,90,13,71,1,10423,11,363,67,4,158,4158,1,55424.00,55424.00,55424.00,1,QUALIFICAÇÃO PROFISSIONAL,REDE DE DESENVOLVIMENTO DA EDUCAÇÃO PROFISSIONAL
2025,1480,SECRETARIA DE ESTADO DE DESENVOLVIMENTO SOCIAL - SEDESE,3,0,1481,SECRETARIA DE ESTADO DE DESENVOLVIMENTO SOCIAL - SEDESE,3,1,91,13,71,1,10423,11,363,67,4,158,4158,1,268283.00,268283.00,268283.00,1,QUALIFICAÇÃO PROFISSIONAL,REDE DE DESENVOLVIMENTO DA EDUCAÇÃO PROFISSIONAL
2025,1480,SECRETARIA DE ESTADO DE DESENVOLVIMENTO SOCIAL - SEDESE,3,0,1481,SECRETARIA DE ESTADO DE DESENVOLVIMENTO SOCIAL - SEDESE,3,3,90,14,71,1,10423,11,363,67,4,158,4158,1,55844.00,55844.00,55844.00,1,QUALIFICAÇÃO PROFISSIONAL,REDE DE DESENVOLVIMENTO DA EDUCAÇÃO PROFISSIONAL
2025,1480,SECRETARIA DE ESTADO DE DESENVOLVIMENTO SOCIAL - SEDESE,3,0,1481,SECRETARIA DE ESTADO DE DESENVOLVIMENTO SOCIAL - SEDESE,3,3,90,33,71,1,10423,11,363,67,4,158,4158,1,72800.00,72800.00,72800.00,1,QUALIFICAÇÃO PROFISSIONAL,REDE DE DESENVOLVIMENTO DA EDUCAÇÃO PROFISSIONAL
2025,1480,SECRETARIA DE ESTADO DE DESENVOLVIMENTO SOCIAL - SEDESE,3,0,1481,SECRETARIA DE ESTADO DE DESENVOLVIMENTO SOCIAL - SEDESE,3,3,90,36,71,1,10423,11,363,67,4,158,4158,1,144000.00,144000.00,144000.00,1,QUALIFICAÇÃO PROFISSIONAL,REDE DE DESENVOLVIMENTO DA EDUCAÇÃO PROFISSIONAL
2025,1480,SECRETARIA DE ESTADO DE DESENVOLVIMENTO SOCIAL - SEDESE,3,0,1481,SECRETARIA DE ESTADO DE DESENVOLVIMENTO SOCIAL - SEDESE,3,3,90,37,71,1,10423,11,363,67,4,158,4158,1,75087.00,75087.00,75087.00,1,QUALIFICAÇÃO PROFISSIONAL,REDE DE DESENVOLVIMENTO DA EDUCAÇÃO PROFISSIONAL
2025,1480,SECRETARIA DE ESTADO DE DESENVOLVIMENTO SOCIAL - SEDESE,3,0,1481,SECRETARIA DE ESTADO DE DESENVOLVIMENTO SOCIAL - SEDESE,3,3,90,39,71,1,10423,11,363,67,4,158,4158,1,35837.00,35837.00,35837.00,1,QUALIFICAÇÃO PROFISSIONAL,REDE DE DESENVOLVIMENTO DA EDUCAÇÃO PROFISSIONAL
2025,1480,SECRETARIA DE ESTADO DE DESENVOLVIMENTO SOCIAL - SEDESE,3,0,1481,SECRETARIA DE ESTADO DE DESENVOLVIMENTO SOCIAL - SEDESE,3,3,90,39,80,1,10423,11,363,67,4,158,4158,1,452871.00,452871.00,452871.00,1,QUALIFICAÇÃO PROFISSIONAL,REDE DE DESENVOLVIMENTO DA EDUCAÇÃO PROFISSIONAL
2025,1480,SECRETARIA DE ESTADO DE DESENVOLVIMENTO SOCIAL - SEDESE,3,0,1481,SECRETARIA DE ESTADO DE DESENVOLVIMENTO SOCIAL - SEDESE,3,3,90,46,71,7,10423,11,363,67,4,158,4158,1,132810.00,132810.00,132810.00,1,QUALIFICAÇÃO PROFISSIONAL,REDE DE DESENVOLVIMENTO DA EDUCAÇÃO PROFISSIONAL
2025,1480,SECRETARIA DE ESTADO DE DESENVOLVIMENTO SOCIAL - SEDESE,3,0,1481,SECRETARIA DE ESTADO DE DESENVOLVIMENTO SOCIAL - SEDESE,3,3,90,49,71,7,10423,11,363,67,4,158,4158,1,2593.00,2593.00,2593.00,1,QUALIFICAÇÃO PROFISSIONAL,REDE DE DESENVOLVIMENTO DA EDUCAÇÃO PROFISSIONAL
2025,1480,SECRETARIA DE ESTADO DE DESENVOLVIMENTO SOCIAL - SEDESE,3,0,1481,SECRETARIA DE ESTADO DE DESENVOLVIMENTO SOCIAL - SEDESE,3,3,99,99,10,4,10423,11,363,67,4,158,4158,1,150000.00,150000.00,150000.00,1,QUALIFICAÇÃO PROFISSIONAL,REDE DE DESENVOLVIMENTO DA EDUCAÇÃO PROFISSIONAL
2025,1480,SECRETARIA DE ESTADO DE DESENVOLVIMENTO SOCIAL - SEDESE,3,0,1481,SECRETARIA DE ESTADO DE DESENVOLVIMENTO SOCIAL - SEDESE,3,3,99,99,10,8,10423,11,363,67,4,158,4158,1,11916737.00,11916737.00,17338911.00,1,QUALIFICAÇÃO PROFISSIONAL,REDE DE DESENVOLVIMENTO DA EDUCAÇÃO PROFISSIONAL
2025,1480,SECRETARIA DE ESTADO DE DESENVOLVIMENTO SOCIAL - SEDESE,3,0,1481,SECRETARIA DE ESTADO DE DESENVOLVIMENTO SOCIAL - SEDESE,4,4,99,99,10,8,10423,11,363,67,4,158,4158,1,1000000.00,1000000.00,1000000.00,1,QUALIFICAÇÃO PROFISSIONAL,REDE DE DESENVOLVIMENTO DA EDUCAÇÃO PROFISSIONAL
2025,1480,SECRETARIA DE ESTADO DE DESENVOLVIMENTO SOCIAL - SEDESE,3,0,1481,SECRETARIA DE ESTADO DE DESENVOLVIMENTO SOCIAL - SEDESE,3,1,90,11,10,1,11167,14,122,705,2,417,2417,1,38894120.00,38894120.00,38894120.00,0,REMUNERAÇÃO DE PESSOAL ATIVO E ENCARGOS SOCIAIS,APOIO ÀS POLÍTICAS PÚBLICAS
2025,1480,SECRETARIA DE ESTADO DE DESENVOLVIMENTO SOCIAL - SEDESE,3,0,1481,SECRETARIA DE ESTADO DE DESENVOLVIMENTO SOCIAL - SEDESE,3,1,90,13,10,1,11167,14,122,705,2,417,2417,1,2570820.00,2570820.00,2570820.00,0,REMUNERAÇÃO DE PESSOAL ATIVO E ENCARGOS SOCIAIS,APOIO ÀS POLÍTICAS PÚBLICAS
2025,1480,SECRETARIA DE ESTADO DE DESENVOLVIMENTO SOCIAL - SEDESE,3,0,1481,SECRETARIA DE ESTADO DE DESENVOLVIMENTO SOCIAL - SEDESE,3,1,91,13,10,1,11167,14,122,705,2,417,2417,1,9851288.00,9851288.00,9851288.00,0,REMUNERAÇÃO DE PESSOAL ATIVO E ENCARGOS SOCIAIS,APOIO ÀS POLÍTICAS PÚBLICAS
2025,1480,SECRETARIA DE ESTADO DE DESENVOLVIMENTO SOCIAL - SEDESE,3,0,1481,SECRETARIA DE ESTADO DE DESENVOLVIMENTO SOCIAL - SEDESE,3,3,90,46,10,7,11167,14,122,705,2,417,2417,1,6838196.00,6838196.00,6838196.00,0,REMUNERAÇÃO DE PESSOAL ATIVO E ENCARGOS SOCIAIS,APOIO ÀS POLÍTICAS PÚBLICAS
2025,1480,SECRETARIA DE ESTADO DE DESENVOLVIMENTO SOCIAL - SEDESE,3,0,1481,SECRETARIA DE ESTADO DE DESENVOLVIMENTO SOCIAL - SEDESE,3,3,90,49,10,7,11167,14,122,705,2,417,2417,1,599097.00,599097.00,599097.00,0,REMUNERAÇÃO DE PESSOAL ATIVO E ENCARGOS SOCIAIS,APOIO ÀS POLÍTICAS PÚBLICAS
2025,1480,SECRETARIA DE ESTADO DE DESENVOLVIMENTO SOCIAL - SEDESE,3,0,1481,SECRETARIA DE ESTADO DE DESENVOLVIMENTO SOCIAL - SEDESE,3,3,90,14,71,1,9565,14,122,705,2,500,2500,1,89936.00,89936.00,89936.00,0,ASSESSORAMENTO E GERENCIAMENTO DE POLÍTICAS PÚBLICAS,APOIO ÀS POLÍTICAS PÚBLICAS
2025,1480,SECRETARIA DE ESTADO DE DESENVOLVIMENTO SOCIAL - SEDESE,3,0,1481,SECRETARIA DE ESTADO DE DESENVOLVIMENTO SOCIAL - SEDESE,3,3,90,30,71,1,9565,14,122,705,2,500,2500,1,121059.00,121059.00,121059.00,0,ASSESSORAMENTO E GERENCIAMENTO DE POLÍTICAS PÚBLICAS,APOIO ÀS POLÍTICAS PÚBLICAS
2025,1480,SECRETARIA DE ESTADO DE DESENVOLVIMENTO SOCIAL - SEDESE,3,0,1481,SECRETARIA DE ESTADO DE DESENVOLVIMENTO SOCIAL - SEDESE,3,3,90,33,71,1,9565,14,122,705,2,500,2500,1,128450.00,128450.00,128450.00,0,ASSESSORAMENTO E GERENCIAMENTO DE POLÍTICAS PÚBLICAS,APOIO ÀS POLÍTICAS PÚBLICAS
2025,1480,SECRETARIA DE ESTADO DE DESENVOLVIMENTO SOCIAL - SEDESE,3,0,1481,SECRETARIA DE ESTADO DE DESENVOLVIMENTO SOCIAL - SEDESE,3,3,90,36,71,1,9565,14,122,705,2,500,2500,1,542255.00,542255.00,542255.00,0,ASSESSORAMENTO E GERENCIAMENTO DE POLÍTICAS PÚBLICAS,APOIO ÀS POLÍTICAS PÚBLICAS
2025,1480,SECRETARIA DE ESTADO DE DESENVOLVIMENTO SOCIAL - SEDESE,3,0,1481,SECRETARIA DE ESTADO DE DESENVOLVIMENTO SOCIAL - SEDESE,3,3,90,37,71,1,9565,14,122,705,2,500,2500,1,4075543.00,4075543.00,4075543.00,0,ASSESSORAMENTO E GERENCIAMENTO DE POLÍTICAS PÚBLICAS,APOIO ÀS POLÍTICAS PÚBLICAS
2025,1480,SECRETARIA DE ESTADO DE DESENVOLVIMENTO SOCIAL - SEDESE,3,0,1481,SECRETARIA DE ESTADO DE DESENVOLVIMENTO SOCIAL - SEDESE,3,3,90,39,71,1,9565,14,122,705,2,500,2500,1,436372.00,436372.00,436372.00,0,ASSESSORAMENTO E GERENCIAMENTO DE POLÍTICAS PÚBLICAS,APOIO ÀS POLÍTICAS PÚBLICAS
2025,1480,SECRETARIA DE ESTADO DE DESENVOLVIMENTO SOCIAL - SEDESE,3,0,1481,SECRETARIA DE ESTADO DE DESENVOLVIMENTO SOCIAL - SEDESE,3,3,90,40,71,1,9565,14,122,705,2,500,2500,1,750559.00,750559.00,750559.00,0,ASSESSORAMENTO E GERENCIAMENTO DE POLÍTICAS PÚBLICAS,APOIO ÀS POLÍTICAS PÚBLICAS
2025,1480,SECRETARIA DE ESTADO DE DESENVOLVIMENTO SOCIAL - SEDESE,3,0,1481,SECRETARIA DE ESTADO DE DESENVOLVIMENTO SOCIAL - SEDESE,3,3,90,47,71,1,9565,14,122,705,2,500,2500,1,26037.00,26037.00,26037.00,0,ASSESSORAMENTO E GERENCIAMENTO DE POLÍTICAS PÚBLICAS,APOIO ÀS POLÍTICAS PÚBLICAS
2025,1480,SECRETARIA DE ESTADO DE DESENVOLVIMENTO SOCIAL - SEDESE,3,0,1481,SECRETARIA DE ESTADO DE DESENVOLVIMENTO SOCIAL - SEDESE,3,3,50,43,24,1,11122,14,243,23,4,186,4186,1,2000000.00,2000000.00,2000000.00,0,PROGRAMA DE PROTEÇÃO A CRIANÇAS E ADOLESCENTES AMEAÇADOS DE MORTE - PPCAAM,POLÍTICAS PARA CRIANÇAS E ADOLESCENTES
2025,1480,SECRETARIA DE ESTADO DE DESENVOLVIMENTO SOCIAL - SEDESE,3,0,1481,SECRETARIA DE ESTADO DE DESENVOLVIMENTO SOCIAL - SEDESE,3,3,90,39,71,1,11124,14,243,23,4,270,4270,1,1000.00,1000.00,1000.00,0,FORMAÇÃO E CAPACITAÇÃO DO SISTEMA DE GARANTIA DE DIREITOS,POLÍTICAS PARA CRIANÇAS E ADOLESCENTES
2025,1480,SECRETARIA DE ESTADO DE DESENVOLVIMENTO SOCIAL - SEDESE,3,0,1481,SECRETARIA DE ESTADO DE DESENVOLVIMENTO SOCIAL - SEDESE,3,3,90,39,71,1,11125,14,243,23,4,301,4301,1,1000.00,1000.00,1000.00,0,APOIO AOS ÓRGÃOS COLEGIADOS DE CRIANÇAS E ADOLESCENTES,POLÍTICAS PARA CRIANÇAS E ADOLESCENTES
2025,1480,SECRETARIA DE ESTADO DE DESENVOLVIMENTO SOCIAL - SEDESE,3,0,1481,SECRETARIA DE ESTADO DE DESENVOLVIMENTO SOCIAL - SEDESE,3,3,90,39,71,1,11126,14,243,23,4,321,4321,1,1000.00,1000.00,1000.00,0,ARTICULAÇÃO INSTITUCIONAL E APOIO A SISTEMA DE GARANTIA DE DIREITOS,POLÍTICAS PARA CRIANÇAS E ADOLESCENTES
2025,1480,SECRETARIA DE ESTADO DE DESENVOLVIMENTO SOCIAL - SEDESE,3,0,1481,SECRETARIA DE ESTADO DE DESENVOLVIMENTO SOCIAL - SEDESE,3,3,90,39,71,1,11127,14,243,23,4,352,4352,1,1000.00,1000.00,1000.00,0,"PREVENÇÃO, MONITORAMENTO E ENFRENTAMENTO DAS VIOLÊNCIAS E VIOLAÇÕES CONTRA CRIANÇAS E ADOLESCENTES.",POLÍTICAS PARA CRIANÇAS E ADOLESCENTES
2025,1480,SECRETARIA DE ESTADO DE DESENVOLVIMENTO SOCIAL - SEDESE,3,0,1481,SECRETARIA DE ESTADO DE DESENVOLVIMENTO SOCIAL - SEDESE,3,3,90,30,71,1,11128,14,243,68,4,364,4364,1,12920964.00,12920964.00,12920964.00,1,ALIMENTAÇÃO COMPLEMENTAR NA PRIMEIRA INFÂNCIA,PRIMEIRA INFÂNCIA MINAS
2025,1480,SECRETARIA DE ESTADO DE DESENVOLVIMENTO SOCIAL - SEDESE,3,0,1481,SECRETARIA DE ESTADO DE DESENVOLVIMENTO SOCIAL - SEDESE,3,3,90,39,71,1,11129,14,243,68,4,367,4367,1,1000.00,1000.00,1000.00,0,CAPACITA MINAS PRIMEIRA INFÂNCIA,PRIMEIRA INFÂNCIA MINAS
2025,1480,SECRETARIA DE ESTADO DE DESENVOLVIMENTO SOCIAL - SEDESE,3,0,1481,SECRETARIA DE ESTADO DE DESENVOLVIMENTO SOCIAL - SEDESE,3,3,90,39,71,1,11130,14,243,68,4,368,4368,1,1000.00,1000.00,1000.00,0,POLÍTICA ESTADUAL PARA REGISTRO CIVIL DE NASCIMENTO,PRIMEIRA INFÂNCIA MINAS
2025,1480,SECRETARIA DE ESTADO DE DESENVOLVIMENTO SOCIAL - SEDESE,3,0,1481,SECRETARIA DE ESTADO DE DESENVOLVIMENTO SOCIAL - SEDESE,3,3,90,14,71,1,10464,14,306,74,2,33,2033,1,6165.00,6165.00,6165.00,0,DESENVOLVIMENTO DO SISTEMA DE SEGURANÇA ALIMENTAR E NUTRICIONAL EM MINAS GERAIS - SISAN MG,SEGURANÇA ALIMENTAR E NUTRICIONAL SUSTENTÁVEL PARA TODOS OS POVOS DO TERRITÓRIO MINEIRO
2025,1480,SECRETARIA DE ESTADO DE DESENVOLVIMENTO SOCIAL - SEDESE,3,0,1481,SECRETARIA DE ESTADO DE DESENVOLVIMENTO SOCIAL - SEDESE,3,3,90,33,71,1,10464,14,306,74,2,33,2033,1,14700.00,14700.00,14700.00,0,DESENVOLVIMENTO DO SISTEMA DE SEGURANÇA ALIMENTAR E NUTRICIONAL EM MINAS GERAIS - SISAN MG,SEGURANÇA ALIMENTAR E NUTRICIONAL SUSTENTÁVEL PARA TODOS OS POVOS DO TERRITÓRIO MINEIRO
2025,1480,SECRETARIA DE ESTADO DE DESENVOLVIMENTO SOCIAL - SEDESE,3,0,1481,SECRETARIA DE ESTADO DE DESENVOLVIMENTO SOCIAL - SEDESE,3,3,90,36,71,1,10464,14,306,74,2,33,2033,1,2109.00,2109.00,2109.00,0,DESENVOLVIMENTO DO SISTEMA DE SEGURANÇA ALIMENTAR E NUTRICIONAL EM MINAS GERAIS - SISAN MG,SEGURANÇA ALIMENTAR E NUTRICIONAL SUSTENTÁVEL PARA TODOS OS POVOS DO TERRITÓRIO MINEIRO
2025,1480,SECRETARIA DE ESTADO DE DESENVOLVIMENTO SOCIAL - SEDESE,3,0,1481,SECRETARIA DE ESTADO DE DESENVOLVIMENTO SOCIAL - SEDESE,3,1,90,11,71,1,10462,14,306,74,4,196,4196,1,299245.00,299245.00,299245.00,0,"APOIO, FOMENTO E ARTICULAÇÃO DE AÇÕES, PROJETOS E PROGRAMAS RELATIVOS À TEMÁTICA DE SEGURANÇA ALIMENTAR E NUTRICIONAL SUSTENTÁVEL",SEGURANÇA ALIMENTAR E NUTRICIONAL SUSTENTÁVEL PARA TODOS OS POVOS DO TERRITÓRIO MINEIRO
2025,1480,SECRETARIA DE ESTADO DE DESENVOLVIMENTO SOCIAL - SEDESE,3,0,1481,SECRETARIA DE ESTADO DE DESENVOLVIMENTO SOCIAL - SEDESE,3,1,90,13,71,1,10462,14,306,74,4,196,4196,1,19766.00,19766.00,19766.00,0,"APOIO, FOMENTO E ARTICULAÇÃO DE AÇÕES, PROJETOS E PROGRAMAS RELATIVOS À TEMÁTICA DE SEGURANÇA ALIMENTAR E NUTRICIONAL SUSTENTÁVEL",SEGURANÇA ALIMENTAR E NUTRICIONAL SUSTENTÁVEL PARA TODOS OS POVOS DO TERRITÓRIO MINEIRO
2025,1480,SECRETARIA DE ESTADO DE DESENVOLVIMENTO SOCIAL - SEDESE,3,0,1481,SECRETARIA DE ESTADO DE DESENVOLVIMENTO SOCIAL - SEDESE,3,1,91,13,71,1,10462,14,306,74,4,196,4196,1,119295.00,119295.00,119295.00,0,"APOIO, FOMENTO E ARTICULAÇÃO DE AÇÕES, PROJETOS E PROGRAMAS RELATIVOS À TEMÁTICA DE SEGURANÇA ALIMENTAR E NUTRICIONAL SUSTENTÁVEL",SEGURANÇA ALIMENTAR E NUTRICIONAL SUSTENTÁVEL PARA TODOS OS POVOS DO TERRITÓRIO MINEIRO
2025,1480,SECRETARIA DE ESTADO DE DESENVOLVIMENTO SOCIAL - SEDESE,3,0,1481,SECRETARIA DE ESTADO DE DESENVOLVIMENTO SOCIAL - SEDESE,3,3,90,14,71,1,10462,14,306,74,4,196,4196,1,14930.00,14930.00,14930.00,0,"APOIO, FOMENTO E ARTICULAÇÃO DE AÇÕES, PROJETOS E PROGRAMAS RELATIVOS À TEMÁTICA DE SEGURANÇA ALIMENTAR E NUTRICIONAL SUSTENTÁVEL",SEGURANÇA ALIMENTAR E NUTRICIONAL SUSTENTÁVEL PARA TODOS OS POVOS DO TERRITÓRIO MINEIRO
2025,1480,SECRETARIA DE ESTADO DE DESENVOLVIMENTO SOCIAL - SEDESE,3,0,1481,SECRETARIA DE ESTADO DE DESENVOLVIMENTO SOCIAL - SEDESE,3,3,90,33,71,1,10462,14,306,74,4,196,4196,1,20400.00,20400.00,20400.00,0,"APOIO, FOMENTO E ARTICULAÇÃO DE AÇÕES, PROJETOS E PROGRAMAS RELATIVOS À TEMÁTICA DE SEGURANÇA ALIMENTAR E NUTRICIONAL SUSTENTÁVEL",SEGURANÇA ALIMENTAR E NUTRICIONAL SUSTENTÁVEL PARA TODOS OS POVOS DO TERRITÓRIO MINEIRO
2025,1480,SECRETARIA DE ESTADO DE DESENVOLVIMENTO SOCIAL - SEDESE,3,0,1481,SECRETARIA DE ESTADO DE DESENVOLVIMENTO SOCIAL - SEDESE,3,3,90,37,71,1,10462,14,306,74,4,196,4196,1,109150.00,109150.00,109150.00,0,"APOIO, FOMENTO E ARTICULAÇÃO DE AÇÕES, PROJETOS E PROGRAMAS RELATIVOS À TEMÁTICA DE SEGURANÇA ALIMENTAR E NUTRICIONAL SUSTENTÁVEL",SEGURANÇA ALIMENTAR E NUTRICIONAL SUSTENTÁVEL PARA TODOS OS POVOS DO TERRITÓRIO MINEIRO
2025,1480,SECRETARIA DE ESTADO DE DESENVOLVIMENTO SOCIAL - SEDESE,3,0,1481,SECRETARIA DE ESTADO DE DESENVOLVIMENTO SOCIAL - SEDESE,3,3,90,39,71,1,10462,14,306,74,4,196,4196,1,35837.00,35837.00,35837.00,0,"APOIO, FOMENTO E ARTICULAÇÃO DE AÇÕES, PROJETOS E PROGRAMAS RELATIVOS À TEMÁTICA DE SEGURANÇA ALIMENTAR E NUTRICIONAL SUSTENTÁVEL",SEGURANÇA ALIMENTAR E NUTRICIONAL SUSTENTÁVEL PARA TODOS OS POVOS DO TERRITÓRIO MINEIRO
2025,1480,SECRETARIA DE ESTADO DE DESENVOLVIMENTO SOCIAL - SEDESE,3,0,1481,SECRETARIA DE ESTADO DE DESENVOLVIMENTO SOCIAL - SEDESE,3,3,90,46,71,7,10462,14,306,74,4,196,4196,1,43636.00,43636.00,43636.00,0,"APOIO, FOMENTO E ARTICULAÇÃO DE AÇÕES, PROJETOS E PROGRAMAS RELATIVOS À TEMÁTICA DE SEGURANÇA ALIMENTAR E NUTRICIONAL SUSTENTÁVEL",SEGURANÇA ALIMENTAR E NUTRICIONAL SUSTENTÁVEL PARA TODOS OS POVOS DO TERRITÓRIO MINEIRO
2025,1480,SECRETARIA DE ESTADO DE DESENVOLVIMENTO SOCIAL - SEDESE,3,0,1481,SECRETARIA DE ESTADO DE DESENVOLVIMENTO SOCIAL - SEDESE,3,3,90,49,71,7,10462,14,306,74,4,196,4196,1,2337.00,2337.00,2337.00,0,"APOIO, FOMENTO E ARTICULAÇÃO DE AÇÕES, PROJETOS E PROGRAMAS RELATIVOS À TEMÁTICA DE SEGURANÇA ALIMENTAR E NUTRICIONAL SUSTENTÁVEL",SEGURANÇA ALIMENTAR E NUTRICIONAL SUSTENTÁVEL PARA TODOS OS POVOS DO TERRITÓRIO MINEIRO
2025,1480,SECRETARIA DE ESTADO DE DESENVOLVIMENTO SOCIAL - SEDESE,3,0,1481,SECRETARIA DE ESTADO DE DESENVOLVIMENTO SOCIAL - SEDESE,4,4,99,99,10,4,10462,14,306,74,4,196,4196,1,1000000.00,1000000.00,1000000.00,0,"APOIO, FOMENTO E ARTICULAÇÃO DE AÇÕES, PROJETOS E PROGRAMAS RELATIVOS À TEMÁTICA DE SEGURANÇA ALIMENTAR E NUTRICIONAL SUSTENTÁVEL",SEGURANÇA ALIMENTAR E NUTRICIONAL SUSTENTÁVEL PARA TODOS OS POVOS DO TERRITÓRIO MINEIRO
2025,1480,SECRETARIA DE ESTADO DE DESENVOLVIMENTO SOCIAL - SEDESE,3,0,1481,SECRETARIA DE ESTADO DE DESENVOLVIMENTO SOCIAL - SEDESE,4,4,99,99,10,8,10462,14,306,74,4,196,4196,1,600000.00,600000.00,600000.00,0,"APOIO, FOMENTO E ARTICULAÇÃO DE AÇÕES, PROJETOS E PROGRAMAS RELATIVOS À TEMÁTICA DE SEGURANÇA ALIMENTAR E NUTRICIONAL SUSTENTÁVEL",SEGURANÇA ALIMENTAR E NUTRICIONAL SUSTENTÁVEL PARA TODOS OS POVOS DO TERRITÓRIO MINEIRO
2025,1480,SECRETARIA DE ESTADO DE DESENVOLVIMENTO SOCIAL - SEDESE,3,0,1481,SECRETARIA DE ESTADO DE DESENVOLVIMENTO SOCIAL - SEDESE,3,1,90,11,71,1,10463,14,306,74,4,197,4197,1,87307.00,87307.00,87307.00,0,APOIO ÀS AÇÕES DESENVOLVIDAS PELO CONSELHO DE SEGURANÇA ALIMENTAR E NUTRICIONAL SUSTENTÁVEL DE MINAS GERAIS (CONSEA-MG),SEGURANÇA ALIMENTAR E NUTRICIONAL SUSTENTÁVEL PARA TODOS OS POVOS DO TERRITÓRIO MINEIRO
2025,1480,SECRETARIA DE ESTADO DE DESENVOLVIMENTO SOCIAL - SEDESE,3,0,1481,SECRETARIA DE ESTADO DE DESENVOLVIMENTO SOCIAL - SEDESE,3,1,90,13,71,1,10463,14,306,74,4,197,4197,1,5767.00,5767.00,5767.00,0,APOIO ÀS AÇÕES DESENVOLVIDAS PELO CONSELHO DE SEGURANÇA ALIMENTAR E NUTRICIONAL SUSTENTÁVEL DE MINAS GERAIS (CONSEA-MG),SEGURANÇA ALIMENTAR E NUTRICIONAL SUSTENTÁVEL PARA TODOS OS POVOS DO TERRITÓRIO MINEIRO
2025,1480,SECRETARIA DE ESTADO DE DESENVOLVIMENTO SOCIAL - SEDESE,3,0,1481,SECRETARIA DE ESTADO DE DESENVOLVIMENTO SOCIAL - SEDESE,3,1,91,13,71,1,10463,14,306,74,4,197,4197,1,1688.00,1688.00,1688.00,0,APOIO ÀS AÇÕES DESENVOLVIDAS PELO CONSELHO DE SEGURANÇA ALIMENTAR E NUTRICIONAL SUSTENTÁVEL DE MINAS GERAIS (CONSEA-MG),SEGURANÇA ALIMENTAR E NUTRICIONAL SUSTENTÁVEL PARA TODOS OS POVOS DO TERRITÓRIO MINEIRO
2025,1480,SECRETARIA DE ESTADO DE DESENVOLVIMENTO SOCIAL - SEDESE,3,0,1481,SECRETARIA DE ESTADO DE DESENVOLVIMENTO SOCIAL - SEDESE,3,3,90,14,71,1,10463,14,306,74,4,197,4197,1,171644.00,171644.00,171644.00,0,APOIO ÀS AÇÕES DESENVOLVIDAS PELO CONSELHO DE SEGURANÇA ALIMENTAR E NUTRICIONAL SUSTENTÁVEL DE MINAS GERAIS (CONSEA-MG),SEGURANÇA ALIMENTAR E NUTRICIONAL SUSTENTÁVEL PARA TODOS OS POVOS DO TERRITÓRIO MINEIRO
2025,1480,SECRETARIA DE ESTADO DE DESENVOLVIMENTO SOCIAL - SEDESE,3,0,1481,SECRETARIA DE ESTADO DE DESENVOLVIMENTO SOCIAL - SEDESE,3,3,90,33,71,1,10463,14,306,74,4,197,4197,1,92200.00,92200.00,92200.00,0,APOIO ÀS AÇÕES DESENVOLVIDAS PELO CONSELHO DE SEGURANÇA ALIMENTAR E NUTRICIONAL SUSTENTÁVEL DE MINAS GERAIS (CONSEA-MG),SEGURANÇA ALIMENTAR E NUTRICIONAL SUSTENTÁVEL PARA TODOS OS POVOS DO TERRITÓRIO MINEIRO
2025,1480,SECRETARIA DE ESTADO DE DESENVOLVIMENTO SOCIAL - SEDESE,3,0,1481,SECRETARIA DE ESTADO DE DESENVOLVIMENTO SOCIAL - SEDESE,3,3,90,39,71,1,10463,14,306,74,4,197,4197,1,46337.00,46337.00,46337.00,0,APOIO ÀS AÇÕES DESENVOLVIDAS PELO CONSELHO DE SEGURANÇA ALIMENTAR E NUTRICIONAL SUSTENTÁVEL DE MINAS GERAIS (CONSEA-MG),SEGURANÇA ALIMENTAR E NUTRICIONAL SUSTENTÁVEL PARA TODOS OS POVOS DO TERRITÓRIO MINEIRO
2025,1480,SECRETARIA DE ESTADO DE DESENVOLVIMENTO SOCIAL - SEDESE,3,0,1481,SECRETARIA DE ESTADO DE DESENVOLVIMENTO SOCIAL - SEDESE,3,3,90,46,71,7,10463,14,306,74,4,197,4197,1,43636.00,43636.00,43636.00,0,APOIO ÀS AÇÕES DESENVOLVIDAS PELO CONSELHO DE SEGURANÇA ALIMENTAR E NUTRICIONAL SUSTENTÁVEL DE MINAS GERAIS (CONSEA-MG),SEGURANÇA ALIMENTAR E NUTRICIONAL SUSTENTÁVEL PARA TODOS OS POVOS DO TERRITÓRIO MINEIRO
2025,1480,SECRETARIA DE ESTADO DE DESENVOLVIMENTO SOCIAL - SEDESE,3,0,1481,SECRETARIA DE ESTADO DE DESENVOLVIMENTO SOCIAL - SEDESE,3,3,90,49,71,7,10463,14,306,74,4,197,4197,1,5966.00,5966.00,5966.00,0,APOIO ÀS AÇÕES DESENVOLVIDAS PELO CONSELHO DE SEGURANÇA ALIMENTAR E NUTRICIONAL SUSTENTÁVEL DE MINAS GERAIS (CONSEA-MG),SEGURANÇA ALIMENTAR E NUTRICIONAL SUSTENTÁVEL PARA TODOS OS POVOS DO TERRITÓRIO MINEIRO
2025,1480,SECRETARIA DE ESTADO DE DESENVOLVIMENTO SOCIAL - SEDESE,3,0,1481,SECRETARIA DE ESTADO DE DESENVOLVIMENTO SOCIAL - SEDESE,3,3,90,39,71,1,10760,14,306,83,4,416,4416,1,1000.00,1000.00,1000.00,1,RAÍZES DE MINAS,POLÍTICAS DE PROMOÇÃO AO DESENVOLVIMENTO SOCIAL NO CONTEXTO RURAL - PERCURSOS GERAIS: TRAJETÓRIA PARA AUTONOMIA
2025,1480,SECRETARIA DE ESTADO DE DESENVOLVIMENTO SOCIAL - SEDESE,3,0,1481,SECRETARIA DE ESTADO DE DESENVOLVIMENTO SOCIAL - SEDESE,3,3,90,39,71,1,11195,14,422,5,4,480,4480,1,1000.00,1000.00,1000.00,0,"FOMENTO À INCLUSÃO SOCIAL, ACESSIBILIDADE E GARANTIA DE DIREITOS PARA PESSOAS COM DEFICIÊNCIA - PROMAIS","PROGRAMA MINEIRO DE ACESSIBILIDADE, INCLUSÃO E SAÚDE (PROMAIS)"
2025,1480,SECRETARIA DE ESTADO DE DESENVOLVIMENTO SOCIAL - SEDESE,3,0,1481,SECRETARIA DE ESTADO DE DESENVOLVIMENTO SOCIAL - SEDESE,3,3,50,43,71,1,10436,14,422,70,4,171,4171,1,2400000.00,2400000.00,2400000.00,0,IMPLEMENTAÇÃO E MANUTENÇÃO DOS CENTROS DE REFERÊNCIA EM DIREITOS HUMANOS,POLÍTICAS DE DIREITOS HUMANOS
2025,1480,SECRETARIA DE ESTADO DE DESENVOLVIMENTO SOCIAL - SEDESE,3,0,1481,SECRETARIA DE ESTADO DE DESENVOLVIMENTO SOCIAL - SEDESE,3,3,50,43,24,1,10438,14,422,70,4,173,4173,1,1000000.00,1000000.00,1000000.00,0,PROGRAMA DE PROTEÇÃO A VÍTIMAS E TESTEMUNHAS AMEAÇADAS - PROVITA,POLÍTICAS DE DIREITOS HUMANOS
2025,1480,SECRETARIA DE ESTADO DE DESENVOLVIMENTO SOCIAL - SEDESE,3,0,1481,SECRETARIA DE ESTADO DE DESENVOLVIMENTO SOCIAL - SEDESE,3,3,90,39,1,1,10439,14,422,70,4,174,4174,1,102000.00,102000.00,102000.00,0,"PROMOÇÃO, PROTEÇÃO E REPARAÇÃO DE DIREITOS HUMANOS",POLÍTICAS DE DIREITOS HUMANOS
2025,1480,SECRETARIA DE ESTADO DE DESENVOLVIMENTO SOCIAL - SEDESE,3,0,1481,SECRETARIA DE ESTADO DE DESENVOLVIMENTO SOCIAL - SEDESE,3,3,90,39,24,1,10439,14,422,70,4,174,4174,1,160918.00,160918.00,160918.00,0,"PROMOÇÃO, PROTEÇÃO E REPARAÇÃO DE DIREITOS HUMANOS",POLÍTICAS DE DIREITOS HUMANOS
2025,1480,SECRETARIA DE ESTADO DE DESENVOLVIMENTO SOCIAL - SEDESE,3,0,1481,SECRETARIA DE ESTADO DE DESENVOLVIMENTO SOCIAL - SEDESE,3,3,99,99,10,4,10439,14,422,70,4,174,4174,1,300000.00,300000.00,300000.00,0,"PROMOÇÃO, PROTEÇÃO E REPARAÇÃO DE DIREITOS HUMANOS",POLÍTICAS DE DIREITOS HUMANOS
2025,1480,SECRETARIA DE ESTADO DE DESENVOLVIMENTO SOCIAL - SEDESE,3,0,1481,SECRETARIA DE ESTADO DE DESENVOLVIMENTO SOCIAL - SEDESE,3,3,99,99,10,8,10439,14,422,70,4,174,4174,1,2000000.00,2000000.00,7900000.00,0,"PROMOÇÃO, PROTEÇÃO E REPARAÇÃO DE DIREITOS HUMANOS",POLÍTICAS DE DIREITOS HUMANOS
2025,1480,SECRETARIA DE ESTADO DE DESENVOLVIMENTO SOCIAL - SEDESE,3,0,1481,SECRETARIA DE ESTADO DE DESENVOLVIMENTO SOCIAL - SEDESE,4,4,99,99,10,8,10439,14,422,70,4,174,4174,1,1000000.00,1000000.00,2458368.00,0,"PROMOÇÃO, PROTEÇÃO E REPARAÇÃO DE DIREITOS HUMANOS",POLÍTICAS DE DIREITOS HUMANOS
2025,1480,SECRETARIA DE ESTADO DE DESENVOLVIMENTO SOCIAL - SEDESE,3,0,1481,SECRETARIA DE ESTADO DE DESENVOLVIMENTO SOCIAL - SEDESE,3,3,50,43,24,1,10441,14,422,70,4,176,4176,1,1100000.00,1100000.00,1100000.00,0,PROGRAMA DE PROTEÇÃO AOS DEFENSORES DE DIREITOS HUMANOS - PPDDH,POLÍTICAS DE DIREITOS HUMANOS
2025,1480,SECRETARIA DE ESTADO DE DESENVOLVIMENTO SOCIAL - SEDESE,3,0,1481,SECRETARIA DE ESTADO DE DESENVOLVIMENTO SOCIAL - SEDESE,4,4,90,52,24,1,10441,14,422,70,4,176,4176,1,100000.00,100000.00,100000.00,0,PROGRAMA DE PROTEÇÃO AOS DEFENSORES DE DIREITOS HUMANOS - PPDDH,POLÍTICAS DE DIREITOS HUMANOS
2025,1480,SECRETARIA DE ESTADO DE DESENVOLVIMENTO SOCIAL - SEDESE,3,0,1481,SECRETARIA DE ESTADO DE DESENVOLVIMENTO SOCIAL - SEDESE,3,1,90,11,71,1,10443,14,422,70,4,178,4178,1,2124186.00,2124186.00,2124186.00,0,MANUTENÇÃO E APOIO AOS ÓRGÃOS COLEGIADOS DE DIREITOS HUMANOS,POLÍTICAS DE DIREITOS HUMANOS
2025,1480,SECRETARIA DE ESTADO DE DESENVOLVIMENTO SOCIAL - SEDESE,3,0,1481,SECRETARIA DE ESTADO DE DESENVOLVIMENTO SOCIAL - SEDESE,3,1,90,13,71,1,10443,14,422,70,4,178,4178,1,140308.00,140308.00,140308.00,0,MANUTENÇÃO E APOIO AOS ÓRGÃOS COLEGIADOS DE DIREITOS HUMANOS,POLÍTICAS DE DIREITOS HUMANOS
2025,1480,SECRETARIA DE ESTADO DE DESENVOLVIMENTO SOCIAL - SEDESE,3,0,1481,SECRETARIA DE ESTADO DE DESENVOLVIMENTO SOCIAL - SEDESE,3,1,91,13,71,1,10443,14,422,70,4,178,4178,1,571472.00,571472.00,571472.00,0,MANUTENÇÃO E APOIO AOS ÓRGÃOS COLEGIADOS DE DIREITOS HUMANOS,POLÍTICAS DE DIREITOS HUMANOS
2025,1480,SECRETARIA DE ESTADO DE DESENVOLVIMENTO SOCIAL - SEDESE,3,0,1481,SECRETARIA DE ESTADO DE DESENVOLVIMENTO SOCIAL - SEDESE,3,3,90,30,71,1,10443,14,422,70,4,178,4178,1,7428.00,7428.00,7428.00,0,MANUTENÇÃO E APOIO AOS ÓRGÃOS COLEGIADOS DE DIREITOS HUMANOS,POLÍTICAS DE DIREITOS HUMANOS
2025,1480,SECRETARIA DE ESTADO DE DESENVOLVIMENTO SOCIAL - SEDESE,3,0,1481,SECRETARIA DE ESTADO DE DESENVOLVIMENTO SOCIAL - SEDESE,3,3,90,36,71,1,10443,14,422,70,4,178,4178,1,508213.00,508213.00,508213.00,0,MANUTENÇÃO E APOIO AOS ÓRGÃOS COLEGIADOS DE DIREITOS HUMANOS,POLÍTICAS DE DIREITOS HUMANOS
2025,1480,SECRETARIA DE ESTADO DE DESENVOLVIMENTO SOCIAL - SEDESE,3,0,1481,SECRETARIA DE ESTADO DE DESENVOLVIMENTO SOCIAL - SEDESE,3,3,90,39,71,1,10443,14,422,70,4,178,4178,1,115183.00,115183.00,115183.00,0,MANUTENÇÃO E APOIO AOS ÓRGÃOS COLEGIADOS DE DIREITOS HUMANOS,POLÍTICAS DE DIREITOS HUMANOS
2025,1480,SECRETARIA DE ESTADO DE DESENVOLVIMENTO SOCIAL - SEDESE,3,0,1481,SECRETARIA DE ESTADO DE DESENVOLVIMENTO SOCIAL - SEDESE,3,3,90,46,71,7,10443,14,422,70,4,178,4178,1,737183.00,737183.00,737183.00,0,MANUTENÇÃO E APOIO AOS ÓRGÃOS COLEGIADOS DE DIREITOS HUMANOS,POLÍTICAS DE DIREITOS HUMANOS
2025,1480,SECRETARIA DE ESTADO DE DESENVOLVIMENTO SOCIAL - SEDESE,3,0,1481,SECRETARIA DE ESTADO DE DESENVOLVIMENTO SOCIAL - SEDESE,3,3,90,49,71,7,10443,14,422,70,4,178,4178,1,66798.00,66798.00,66798.00,0,MANUTENÇÃO E APOIO AOS ÓRGÃOS COLEGIADOS DE DIREITOS HUMANOS,POLÍTICAS DE DIREITOS HUMANOS
2025,1480,SECRETARIA DE ESTADO DE DESENVOLVIMENTO SOCIAL - SEDESE,3,0,1481,SECRETARIA DE ESTADO DE DESENVOLVIMENTO SOCIAL - SEDESE,3,3,90,39,71,1,10446,14,422,70,4,181,4181,1,480000.00,480000.00,480000.00,0,OPERACIONALIZAÇÃO DOS SERVIÇOS DE TRADUÇÃO E INTERPRETAÇÃO DE LIBRAS,POLÍTICAS DE DIREITOS HUMANOS
2025,1480,SECRETARIA DE ESTADO DE DESENVOLVIMENTO SOCIAL - SEDESE,3,0,1481,SECRETARIA DE ESTADO DE DESENVOLVIMENTO SOCIAL - SEDESE,3,1,90,11,71,1,10447,14,422,70,4,182,4182,1,3086645.00,3086645.00,3086645.00,0,"ARTICULAÇÃO INSTITUCIONAL, MANUTENÇÃO DE EQUIPAMENTOS E POLÍTICAS DE DIREITOS HUMANOS",POLÍTICAS DE DIREITOS HUMANOS
2025,1480,SECRETARIA DE ESTADO DE DESENVOLVIMENTO SOCIAL - SEDESE,3,0,1481,SECRETARIA DE ESTADO DE DESENVOLVIMENTO SOCIAL - SEDESE,3,1,90,13,71,1,10447,14,422,70,4,182,4182,1,203290.00,203290.00,203290.00,0,"ARTICULAÇÃO INSTITUCIONAL, MANUTENÇÃO DE EQUIPAMENTOS E POLÍTICAS DE DIREITOS HUMANOS",POLÍTICAS DE DIREITOS HUMANOS
2025,1480,SECRETARIA DE ESTADO DE DESENVOLVIMENTO SOCIAL - SEDESE,3,0,1481,SECRETARIA DE ESTADO DE DESENVOLVIMENTO SOCIAL - SEDESE,3,1,91,13,71,1,10447,14,422,70,4,182,4182,1,827994.00,827994.00,827994.00,0,"ARTICULAÇÃO INSTITUCIONAL, MANUTENÇÃO DE EQUIPAMENTOS E POLÍTICAS DE DIREITOS HUMANOS",POLÍTICAS DE DIREITOS HUMANOS
2025,1480,SECRETARIA DE ESTADO DE DESENVOLVIMENTO SOCIAL - SEDESE,3,0,1481,SECRETARIA DE ESTADO DE DESENVOLVIMENTO SOCIAL - SEDESE,3,3,90,14,71,1,10447,14,422,70,4,182,4182,1,79000.00,79000.00,79000.00,0,"ARTICULAÇÃO INSTITUCIONAL, MANUTENÇÃO DE EQUIPAMENTOS E POLÍTICAS DE DIREITOS HUMANOS",POLÍTICAS DE DIREITOS HUMANOS
2025,1480,SECRETARIA DE ESTADO DE DESENVOLVIMENTO SOCIAL - SEDESE,3,0,1481,SECRETARIA DE ESTADO DE DESENVOLVIMENTO SOCIAL - SEDESE,3,3,90,30,71,1,10447,14,422,70,4,182,4182,1,3144.00,3144.00,3144.00,0,"ARTICULAÇÃO INSTITUCIONAL, MANUTENÇÃO DE EQUIPAMENTOS E POLÍTICAS DE DIREITOS HUMANOS",POLÍTICAS DE DIREITOS HUMANOS
2025,1480,SECRETARIA DE ESTADO DE DESENVOLVIMENTO SOCIAL - SEDESE,3,0,1481,SECRETARIA DE ESTADO DE DESENVOLVIMENTO SOCIAL - SEDESE,3,3,90,33,71,1,10447,14,422,70,4,182,4182,1,603000.00,603000.00,603000.00,0,"ARTICULAÇÃO INSTITUCIONAL, MANUTENÇÃO DE EQUIPAMENTOS E POLÍTICAS DE DIREITOS HUMANOS",POLÍTICAS DE DIREITOS HUMANOS
2025,1480,SECRETARIA DE ESTADO DE DESENVOLVIMENTO SOCIAL - SEDESE,3,0,1481,SECRETARIA DE ESTADO DE DESENVOLVIMENTO SOCIAL - SEDESE,3,3,90,37,71,1,10447,14,422,70,4,182,4182,1,1269703.00,1269703.00,1269703.00,0,"ARTICULAÇÃO INSTITUCIONAL, MANUTENÇÃO DE EQUIPAMENTOS E POLÍTICAS DE DIREITOS HUMANOS",POLÍTICAS DE DIREITOS HUMANOS
2025,1480,SECRETARIA DE ESTADO DE DESENVOLVIMENTO SOCIAL - SEDESE,3,0,1481,SECRETARIA DE ESTADO DE DESENVOLVIMENTO SOCIAL - SEDESE,3,3,90,39,71,1,10447,14,422,70,4,182,4182,1,1871667.00,1871667.00,1871667.00,0,"ARTICULAÇÃO INSTITUCIONAL, MANUTENÇÃO DE EQUIPAMENTOS E POLÍTICAS DE DIREITOS HUMANOS",POLÍTICAS DE DIREITOS HUMANOS
2025,1480,SECRETARIA DE ESTADO DE DESENVOLVIMENTO SOCIAL - SEDESE,3,0,1481,SECRETARIA DE ESTADO DE DESENVOLVIMENTO SOCIAL - SEDESE,3,3,90,40,71,1,10447,14,422,70,4,182,4182,1,63675.00,63675.00,63675.00,0,"ARTICULAÇÃO INSTITUCIONAL, MANUTENÇÃO DE EQUIPAMENTOS E POLÍTICAS DE DIREITOS HUMANOS",POLÍTICAS DE DIREITOS HUMANOS
2025,1480,SECRETARIA DE ESTADO DE DESENVOLVIMENTO SOCIAL - SEDESE,3,0,1481,SECRETARIA DE ESTADO DE DESENVOLVIMENTO SOCIAL - SEDESE,3,3,90,46,71,7,10447,14,422,70,4,182,4182,1,1051643.00,1051643.00,1051643.00,0,"ARTICULAÇÃO INSTITUCIONAL, MANUTENÇÃO DE EQUIPAMENTOS E POLÍTICAS DE DIREITOS HUMANOS",POLÍTICAS DE DIREITOS HUMANOS
2025,1480,SECRETARIA DE ESTADO DE DESENVOLVIMENTO SOCIAL - SEDESE,3,0,1481,SECRETARIA DE ESTADO DE DESENVOLVIMENTO SOCIAL - SEDESE,3,3,90,49,71,7,10447,14,422,70,4,182,4182,1,96782.00,96782.00,96782.00,0,"ARTICULAÇÃO INSTITUCIONAL, MANUTENÇÃO DE EQUIPAMENTOS E POLÍTICAS DE DIREITOS HUMANOS",POLÍTICAS DE DIREITOS HUMANOS
2025,1480,SECRETARIA DE ESTADO DE DESENVOLVIMENTO SOCIAL - SEDESE,3,0,1481,SECRETARIA DE ESTADO DE DESENVOLVIMENTO SOCIAL - SEDESE,3,3,90,39,71,1,11121,14,422,70,4,183,4183,1,1000.00,1000.00,1000.00,0,"FOMENTO À INCLUSÃO SOCIAL, ACESSIBILIDADE E GARANTIA DE DIREITOS PARA PESSOAS COM DEFICIÊNCIA",POLÍTICAS DE DIREITOS HUMANOS
2025,1480,SECRETARIA DE ESTADO DE DESENVOLVIMENTO SOCIAL - SEDESE,3,0,1481,SECRETARIA DE ESTADO DE DESENVOLVIMENTO SOCIAL - SEDESE,3,1,90,11,71,1,10758,14,422,86,4,414,4414,1,281103.00,281103.00,281103.00,0,ENFRENTAMENTO À VIOLÊNCIA DOMÉSTICA E INTRAFAMILIAR CONTRA AS MULHERES,POLÍTICA DOS DIREITOS DAS MULHERES
2025,1480,SECRETARIA DE ESTADO DE DESENVOLVIMENTO SOCIAL - SEDESE,3,0,1481,SECRETARIA DE ESTADO DE DESENVOLVIMENTO SOCIAL - SEDESE,3,1,90,13,71,1,10758,14,422,86,4,414,4414,1,9612.00,9612.00,9612.00,0,ENFRENTAMENTO À VIOLÊNCIA DOMÉSTICA E INTRAFAMILIAR CONTRA AS MULHERES,POLÍTICA DOS DIREITOS DAS MULHERES
2025,1480,SECRETARIA DE ESTADO DE DESENVOLVIMENTO SOCIAL - SEDESE,3,0,1481,SECRETARIA DE ESTADO DE DESENVOLVIMENTO SOCIAL - SEDESE,3,1,91,13,71,1,10758,14,422,86,4,414,4414,1,88953.00,88953.00,88953.00,0,ENFRENTAMENTO À VIOLÊNCIA DOMÉSTICA E INTRAFAMILIAR CONTRA AS MULHERES,POLÍTICA DOS DIREITOS DAS MULHERES
2025,1480,SECRETARIA DE ESTADO DE DESENVOLVIMENTO SOCIAL - SEDESE,3,0,1481,SECRETARIA DE ESTADO DE DESENVOLVIMENTO SOCIAL - SEDESE,3,3,50,43,71,1,10758,14,422,86,4,414,4414,1,2212340.00,2212340.00,2212340.00,0,ENFRENTAMENTO À VIOLÊNCIA DOMÉSTICA E INTRAFAMILIAR CONTRA AS MULHERES,POLÍTICA DOS DIREITOS DAS MULHERES
2025,1480,SECRETARIA DE ESTADO DE DESENVOLVIMENTO SOCIAL - SEDESE,3,0,1481,SECRETARIA DE ESTADO DE DESENVOLVIMENTO SOCIAL - SEDESE,3,3,90,14,71,1,10758,14,422,86,4,414,4414,1,6516.00,6516.00,6516.00,0,ENFRENTAMENTO À VIOLÊNCIA DOMÉSTICA E INTRAFAMILIAR CONTRA AS MULHERES,POLÍTICA DOS DIREITOS DAS MULHERES
2025,1480,SECRETARIA DE ESTADO DE DESENVOLVIMENTO SOCIAL - SEDESE,3,0,1481,SECRETARIA DE ESTADO DE DESENVOLVIMENTO SOCIAL - SEDESE,3,3,90,33,71,1,10758,14,422,86,4,414,4414,1,6206.00,6206.00,6206.00,0,ENFRENTAMENTO À VIOLÊNCIA DOMÉSTICA E INTRAFAMILIAR CONTRA AS MULHERES,POLÍTICA DOS DIREITOS DAS MULHERES
2025,1480,SECRETARIA DE ESTADO DE DESENVOLVIMENTO SOCIAL - SEDESE,3,0,1481,SECRETARIA DE ESTADO DE DESENVOLVIMENTO SOCIAL - SEDESE,3,3,90,37,71,1,10758,14,422,86,4,414,4414,1,1179638.00,1179638.00,1179638.00,0,ENFRENTAMENTO À VIOLÊNCIA DOMÉSTICA E INTRAFAMILIAR CONTRA AS MULHERES,POLÍTICA DOS DIREITOS DAS MULHERES
2025,1480,SECRETARIA DE ESTADO DE DESENVOLVIMENTO SOCIAL - SEDESE,3,0,1481,SECRETARIA DE ESTADO DE DESENVOLVIMENTO SOCIAL - SEDESE,3,3,90,39,71,1,10758,14,422,86,4,414,4414,1,47701.00,47701.00,47701.00,0,ENFRENTAMENTO À VIOLÊNCIA DOMÉSTICA E INTRAFAMILIAR CONTRA AS MULHERES,POLÍTICA DOS DIREITOS DAS MULHERES
2025,1480,SECRETARIA DE ESTADO DE DESENVOLVIMENTO SOCIAL - SEDESE,3,0,1481,SECRETARIA DE ESTADO DE DESENVOLVIMENTO SOCIAL - SEDESE,3,3,90,46,71,7,10758,14,422,86,4,414,4414,1,152725.00,152725.00,152725.00,0,ENFRENTAMENTO À VIOLÊNCIA DOMÉSTICA E INTRAFAMILIAR CONTRA AS MULHERES,POLÍTICA DOS DIREITOS DAS MULHERES
2025,1480,SECRETARIA DE ESTADO DE DESENVOLVIMENTO SOCIAL - SEDESE,3,0,1481,SECRETARIA DE ESTADO DE DESENVOLVIMENTO SOCIAL - SEDESE,3,3,90,47,71,1,10758,14,422,86,4,414,4414,1,917.00,917.00,917.00,0,ENFRENTAMENTO À VIOLÊNCIA DOMÉSTICA E INTRAFAMILIAR CONTRA AS MULHERES,POLÍTICA DOS DIREITOS DAS MULHERES
2025,1480,SECRETARIA DE ESTADO DE DESENVOLVIMENTO SOCIAL - SEDESE,3,0,1481,SECRETARIA DE ESTADO DE DESENVOLVIMENTO SOCIAL - SEDESE,3,3,90,49,71,7,10758,14,422,86,4,414,4414,1,11931.00,11931.00,11931.00,0,ENFRENTAMENTO À VIOLÊNCIA DOMÉSTICA E INTRAFAMILIAR CONTRA AS MULHERES,POLÍTICA DOS DIREITOS DAS MULHERES
2025,1480,SECRETARIA DE ESTADO DE DESENVOLVIMENTO SOCIAL - SEDESE,3,0,1481,SECRETARIA DE ESTADO DE DESENVOLVIMENTO SOCIAL - SEDESE,3,3,99,99,10,8,10758,14,422,86,4,414,4414,1,300000.00,300000.00,300000.00,0,ENFRENTAMENTO À VIOLÊNCIA DOMÉSTICA E INTRAFAMILIAR CONTRA AS MULHERES,POLÍTICA DOS DIREITOS DAS MULHERES
2025,1480,SECRETARIA DE ESTADO DE DESENVOLVIMENTO SOCIAL - SEDESE,3,0,1481,SECRETARIA DE ESTADO DE DESENVOLVIMENTO SOCIAL - SEDESE,4,4,99,99,10,8,10758,14,422,86,4,414,4414,1,1908368.00,1908368.00,1908368.00,0,ENFRENTAMENTO À VIOLÊNCIA DOMÉSTICA E INTRAFAMILIAR CONTRA AS MULHERES,POLÍTICA DOS DIREITOS DAS MULHERES
2025,1480,SECRETARIA DE ESTADO DE DESENVOLVIMENTO SOCIAL - SEDESE,3,0,1481,SECRETARIA DE ESTADO DE DESENVOLVIMENTO SOCIAL - SEDESE,3,1,90,11,71,1,10759,14,422,86,4,415,4415,1,523600.00,523600.00,523600.00,0,"PROMOÇÃO, DEFESA E GARANTIA DOS DIREITOS DAS MULHERES",POLÍTICA DOS DIREITOS DAS MULHERES
2025,1480,SECRETARIA DE ESTADO DE DESENVOLVIMENTO SOCIAL - SEDESE,3,0,1481,SECRETARIA DE ESTADO DE DESENVOLVIMENTO SOCIAL - SEDESE,3,1,90,13,71,1,10759,14,422,86,4,415,4415,1,34585.00,34585.00,34585.00,0,"PROMOÇÃO, DEFESA E GARANTIA DOS DIREITOS DAS MULHERES",POLÍTICA DOS DIREITOS DAS MULHERES
2025,1480,SECRETARIA DE ESTADO DE DESENVOLVIMENTO SOCIAL - SEDESE,3,0,1481,SECRETARIA DE ESTADO DE DESENVOLVIMENTO SOCIAL - SEDESE,3,1,91,13,71,1,10759,14,422,86,4,415,4415,1,56198.00,56198.00,56198.00,0,"PROMOÇÃO, DEFESA E GARANTIA DOS DIREITOS DAS MULHERES",POLÍTICA DOS DIREITOS DAS MULHERES
2025,1480,SECRETARIA DE ESTADO DE DESENVOLVIMENTO SOCIAL - SEDESE,3,0,1481,SECRETARIA DE ESTADO DE DESENVOLVIMENTO SOCIAL - SEDESE,3,3,90,14,71,1,10759,14,422,86,4,415,4415,1,68592.00,68592.00,68592.00,0,"PROMOÇÃO, DEFESA E GARANTIA DOS DIREITOS DAS MULHERES",POLÍTICA DOS DIREITOS DAS MULHERES
2025,1480,SECRETARIA DE ESTADO DE DESENVOLVIMENTO SOCIAL - SEDESE,3,0,1481,SECRETARIA DE ESTADO DE DESENVOLVIMENTO SOCIAL - SEDESE,3,3,90,30,71,1,10759,14,422,86,4,415,4415,1,1600.00,1600.00,1600.00,0,"PROMOÇÃO, DEFESA E GARANTIA DOS DIREITOS DAS MULHERES",POLÍTICA DOS DIREITOS DAS MULHERES
2025,1480,SECRETARIA DE ESTADO DE DESENVOLVIMENTO SOCIAL - SEDESE,3,0,1481,SECRETARIA DE ESTADO DE DESENVOLVIMENTO SOCIAL - SEDESE,3,3,90,32,71,1,10759,14,422,86,4,415,4415,1,318731.00,318731.00,318731.00,0,"PROMOÇÃO, DEFESA E GARANTIA DOS DIREITOS DAS MULHERES",POLÍTICA DOS DIREITOS DAS MULHERES
2025,1480,SECRETARIA DE ESTADO DE DESENVOLVIMENTO SOCIAL - SEDESE,3,0,1481,SECRETARIA DE ESTADO DE DESENVOLVIMENTO SOCIAL - SEDESE,3,3,90,33,71,1,10759,14,422,86,4,415,4415,1,63188.00,63188.00,63188.00,0,"PROMOÇÃO, DEFESA E GARANTIA DOS DIREITOS DAS MULHERES",POLÍTICA DOS DIREITOS DAS MULHERES
2025,1480,SECRETARIA DE ESTADO DE DESENVOLVIMENTO SOCIAL - SEDESE,3,0,1481,SECRETARIA DE ESTADO DE DESENVOLVIMENTO SOCIAL - SEDESE,3,3,90,36,71,1,10759,14,422,86,4,415,4415,1,65160.00,65160.00,65160.00,0,"PROMOÇÃO, DEFESA E GARANTIA DOS DIREITOS DAS MULHERES",POLÍTICA DOS DIREITOS DAS MULHERES
2025,1480,SECRETARIA DE ESTADO DE DESENVOLVIMENTO SOCIAL - SEDESE,3,0,1481,SECRETARIA DE ESTADO DE DESENVOLVIMENTO SOCIAL - SEDESE,3,3,90,37,71,1,10759,14,422,86,4,415,4415,1,1164312.00,1164312.00,1164312.00,0,"PROMOÇÃO, DEFESA E GARANTIA DOS DIREITOS DAS MULHERES",POLÍTICA DOS DIREITOS DAS MULHERES
2025,1480,SECRETARIA DE ESTADO DE DESENVOLVIMENTO SOCIAL - SEDESE,3,0,1481,SECRETARIA DE ESTADO DE DESENVOLVIMENTO SOCIAL - SEDESE,3,3,90,39,71,1,10759,14,422,86,4,415,4415,1,1461164.00,1461164.00,1461164.00,0,"PROMOÇÃO, DEFESA E GARANTIA DOS DIREITOS DAS MULHERES",POLÍTICA DOS DIREITOS DAS MULHERES
2025,1480,SECRETARIA DE ESTADO DE DESENVOLVIMENTO SOCIAL - SEDESE,3,0,1481,SECRETARIA DE ESTADO DE DESENVOLVIMENTO SOCIAL - SEDESE,3,3,90,40,71,1,10759,14,422,86,4,415,4415,1,11130.00,11130.00,11130.00,0,"PROMOÇÃO, DEFESA E GARANTIA DOS DIREITOS DAS MULHERES",POLÍTICA DOS DIREITOS DAS MULHERES
2025,1480,SECRETARIA DE ESTADO DE DESENVOLVIMENTO SOCIAL - SEDESE,3,0,1481,SECRETARIA DE ESTADO DE DESENVOLVIMENTO SOCIAL - SEDESE,3,3,90,46,71,7,10759,14,422,86,4,415,4415,1,174543.00,174543.00,174543.00,0,"PROMOÇÃO, DEFESA E GARANTIA DOS DIREITOS DAS MULHERES",POLÍTICA DOS DIREITOS DAS MULHERES
2025,1480,SECRETARIA DE ESTADO DE DESENVOLVIMENTO SOCIAL - SEDESE,3,0,1481,SECRETARIA DE ESTADO DE DESENVOLVIMENTO SOCIAL - SEDESE,3,3,90,49,71,7,10759,14,422,86,4,415,4415,1,8948.00,8948.00,8948.00,0,"PROMOÇÃO, DEFESA E GARANTIA DOS DIREITOS DAS MULHERES",POLÍTICA DOS DIREITOS DAS MULHERES
2025,1480,SECRETARIA DE ESTADO DE DESENVOLVIMENTO SOCIAL - SEDESE,3,0,1481,SECRETARIA DE ESTADO DE DESENVOLVIMENTO SOCIAL - SEDESE,3,3,99,99,10,8,10759,14,422,86,4,415,4415,1,2000000.00,2000000.00,2000000.00,0,"PROMOÇÃO, DEFESA E GARANTIA DOS DIREITOS DAS MULHERES",POLÍTICA DOS DIREITOS DAS MULHERES
2025,1480,SECRETARIA DE ESTADO DE DESENVOLVIMENTO SOCIAL - SEDESE,3,0,1481,SECRETARIA DE ESTADO DE DESENVOLVIMENTO SOCIAL - SEDESE,4,4,99,99,10,8,10759,14,422,86,4,415,4415,1,2000000.00,2000000.00,2000000.00,0,"PROMOÇÃO, DEFESA E GARANTIA DOS DIREITOS DAS MULHERES",POLÍTICA DOS DIREITOS DAS MULHERES
2025,1480,SECRETARIA DE ESTADO DE DESENVOLVIMENTO SOCIAL - SEDESE,3,0,1481,SECRETARIA DE ESTADO DE DESENVOLVIMENTO SOCIAL - SEDESE,3,3,90,14,71,1,10449,16,122,73,4,184,4184,1,18320.00,18320.00,18320.00,0,APOIO AOS MUNICÍPIOS NA IMPLEMENTAÇÃO DA POLÍTICA HABITACIONAL E NA ELABORAÇÃO E REVISÃO DE PLANOS LOCAIS DE HABITAÇÃO DE INTERESSE SOCIAL (PLHIS),MORADAS GERAIS
2025,1480,SECRETARIA DE ESTADO DE DESENVOLVIMENTO SOCIAL - SEDESE,3,0,1481,SECRETARIA DE ESTADO DE DESENVOLVIMENTO SOCIAL - SEDESE,3,3,90,33,71,1,10449,16,122,73,4,184,4184,1,61400.00,61400.00,61400.00,0,APOIO AOS MUNICÍPIOS NA IMPLEMENTAÇÃO DA POLÍTICA HABITACIONAL E NA ELABORAÇÃO E REVISÃO DE PLANOS LOCAIS DE HABITAÇÃO DE INTERESSE SOCIAL (PLHIS),MORADAS GERAIS
2025,1480,SECRETARIA DE ESTADO DE DESENVOLVIMENTO SOCIAL - SEDESE,3,0,1481,SECRETARIA DE ESTADO DE DESENVOLVIMENTO SOCIAL - SEDESE,3,3,99,99,10,4,10449,16,122,73,4,184,4184,1,300000.00,300000.00,300000.00,0,APOIO AOS MUNICÍPIOS NA IMPLEMENTAÇÃO DA POLÍTICA HABITACIONAL E NA ELABORAÇÃO E REVISÃO DE PLANOS LOCAIS DE HABITAÇÃO DE INTERESSE SOCIAL (PLHIS),MORADAS GERAIS
2025,1480,SECRETARIA DE ESTADO DE DESENVOLVIMENTO SOCIAL - SEDESE,3,0,1481,SECRETARIA DE ESTADO DE DESENVOLVIMENTO SOCIAL - SEDESE,3,3,90,14,71,1,10450,16,244,73,4,185,4185,1,7520.00,7520.00,7520.00,0,APOIO À PRODUÇÃO E À AQUISIÇÃO DE UNIDADES HABITACIONAIS,MORADAS GERAIS
2025,1480,SECRETARIA DE ESTADO DE DESENVOLVIMENTO SOCIAL - SEDESE,3,0,1481,SECRETARIA DE ESTADO DE DESENVOLVIMENTO SOCIAL - SEDESE,3,3,90,33,71,1,10450,16,244,73,4,185,4185,1,21200.00,21200.00,21200.00,0,APOIO À PRODUÇÃO E À AQUISIÇÃO DE UNIDADES HABITACIONAIS,MORADAS GERAIS
2025,1480,SECRETARIA DE ESTADO DE DESENVOLVIMENTO SOCIAL - SEDESE,3,0,1481,SECRETARIA DE ESTADO DE DESENVOLVIMENTO SOCIAL - SEDESE,3,3,90,37,71,1,10450,16,244,73,4,185,4185,1,111017.00,111017.00,111017.00,0,APOIO À PRODUÇÃO E À AQUISIÇÃO DE UNIDADES HABITACIONAIS,MORADAS GERAIS
2025,1480,SECRETARIA DE ESTADO DE DESENVOLVIMENTO SOCIAL - SEDESE,3,0,1481,SECRETARIA DE ESTADO DE DESENVOLVIMENTO SOCIAL - SEDESE,3,3,90,40,71,1,10450,16,244,73,4,185,4185,1,11130.00,11130.00,11130.00,0,APOIO À PRODUÇÃO E À AQUISIÇÃO DE UNIDADES HABITACIONAIS,MORADAS GERAIS
2025,1480,SECRETARIA DE ESTADO DE DESENVOLVIMENTO SOCIAL - SEDESE,3,0,1481,SECRETARIA DE ESTADO DE DESENVOLVIMENTO SOCIAL - SEDESE,4,4,50,42,24,1,10450,16,244,73,4,185,4185,1,3750000.00,3750000.00,3750000.00,0,APOIO À PRODUÇÃO E À AQUISIÇÃO DE UNIDADES HABITACIONAIS,MORADAS GERAIS
2025,1480,SECRETARIA DE ESTADO DE DESENVOLVIMENTO SOCIAL - SEDESE,3,0,1481,SECRETARIA DE ESTADO DE DESENVOLVIMENTO SOCIAL - SEDESE,4,4,50,42,71,1,11157,16,244,73,4,388,4388,1,72160200.00,72160200.00,72160200.00,1,REFORMA E MELHORIAS DE UNIDADES HABITACIONAIS,MORADAS GERAIS
2025,1480,SECRETARIA DE ESTADO DE DESENVOLVIMENTO SOCIAL - SEDESE,3,0,1481,SECRETARIA DE ESTADO DE DESENVOLVIMENTO SOCIAL - SEDESE,3,3,90,14,38,1,10433,27,366,69,4,168,4168,1,77849.00,77849.00,77849.00,0,PROMOÇÃO DOS JOGOS ESCOLARES DE MINAS GERAIS,"FOMENTO AO ESPORTE, À ATIVIDADE FÍSICA E AO LAZER"
2025,1480,SECRETARIA DE ESTADO DE DESENVOLVIMENTO SOCIAL - SEDESE,3,0,1481,SECRETARIA DE ESTADO DE DESENVOLVIMENTO SOCIAL - SEDESE,3,3,90,33,38,1,10433,27,366,69,4,168,4168,1,28600.00,28600.00,28600.00,0,PROMOÇÃO DOS JOGOS ESCOLARES DE MINAS GERAIS,"FOMENTO AO ESPORTE, À ATIVIDADE FÍSICA E AO LAZER"
2025,1480,SECRETARIA DE ESTADO DE DESENVOLVIMENTO SOCIAL - SEDESE,3,0,1481,SECRETARIA DE ESTADO DE DESENVOLVIMENTO SOCIAL - SEDESE,3,3,90,36,38,1,10433,27,366,69,4,168,4168,1,28545.00,28545.00,28545.00,0,PROMOÇÃO DOS JOGOS ESCOLARES DE MINAS GERAIS,"FOMENTO AO ESPORTE, À ATIVIDADE FÍSICA E AO LAZER"
2025,1480,SECRETARIA DE ESTADO DE DESENVOLVIMENTO SOCIAL - SEDESE,3,0,1481,SECRETARIA DE ESTADO DE DESENVOLVIMENTO SOCIAL - SEDESE,3,3,90,39,38,1,10433,27,366,69,4,168,4168,1,10895315.00,10895315.00,10895315.00,0,PROMOÇÃO DOS JOGOS ESCOLARES DE MINAS GERAIS,"FOMENTO AO ESPORTE, À ATIVIDADE FÍSICA E AO LAZER"
2025,1480,SECRETARIA DE ESTADO DE DESENVOLVIMENTO SOCIAL - SEDESE,3,0,1481,SECRETARIA DE ESTADO DE DESENVOLVIMENTO SOCIAL - SEDESE,3,3,90,14,10,1,10434,27,811,69,4,169,4169,1,12670.00,12670.00,12670.00,0,BOLSA ATLETA E BOLSA TÉCNICO,"FOMENTO AO ESPORTE, À ATIVIDADE FÍSICA E AO LAZER"
2025,1480,SECRETARIA DE ESTADO DE DESENVOLVIMENTO SOCIAL - SEDESE,3,0,1481,SECRETARIA DE ESTADO DE DESENVOLVIMENTO SOCIAL - SEDESE,3,3,90,48,10,1,10434,27,811,69,4,169,4169,1,597000.00,597000.00,597000.00,0,BOLSA ATLETA E BOLSA TÉCNICO,"FOMENTO AO ESPORTE, À ATIVIDADE FÍSICA E AO LAZER"
2025,1480,SECRETARIA DE ESTADO DE DESENVOLVIMENTO SOCIAL - SEDESE,3,0,1481,SECRETARIA DE ESTADO DE DESENVOLVIMENTO SOCIAL - SEDESE,3,3,90,48,38,1,10434,27,811,69,4,169,4169,1,1495500.00,1495500.00,1495500.00,0,BOLSA ATLETA E BOLSA TÉCNICO,"FOMENTO AO ESPORTE, À ATIVIDADE FÍSICA E AO LAZER"
2025,1480,SECRETARIA DE ESTADO DE DESENVOLVIMENTO SOCIAL - SEDESE,3,0,1481,SECRETARIA DE ESTADO DE DESENVOLVIMENTO SOCIAL - SEDESE,3,3,50,43,38,1,10428,27,812,69,4,163,4163,1,1420825.00,1420825.00,1420825.00,1,PROMOÇÃO DOS JOGOS DO INTERIOR DE MINAS,"FOMENTO AO ESPORTE, À ATIVIDADE FÍSICA E AO LAZER"
2025,1480,SECRETARIA DE ESTADO DE DESENVOLVIMENTO SOCIAL - SEDESE,3,0,1481,SECRETARIA DE ESTADO DE DESENVOLVIMENTO SOCIAL - SEDESE,3,3,90,14,38,1,10428,27,812,69,4,163,4163,1,5430.00,5430.00,5430.00,1,PROMOÇÃO DOS JOGOS DO INTERIOR DE MINAS,"FOMENTO AO ESPORTE, À ATIVIDADE FÍSICA E AO LAZER"
2025,1480,SECRETARIA DE ESTADO DE DESENVOLVIMENTO SOCIAL - SEDESE,3,0,1481,SECRETARIA DE ESTADO DE DESENVOLVIMENTO SOCIAL - SEDESE,3,3,90,39,2,1,10428,27,812,69,4,163,4163,1,598758.00,598758.00,598758.00,1,PROMOÇÃO DOS JOGOS DO INTERIOR DE MINAS,"FOMENTO AO ESPORTE, À ATIVIDADE FÍSICA E AO LAZER"
2025,1480,SECRETARIA DE ESTADO DE DESENVOLVIMENTO SOCIAL - SEDESE,3,0,1481,SECRETARIA DE ESTADO DE DESENVOLVIMENTO SOCIAL - SEDESE,3,3,40,41,38,1,10431,27,812,69,4,166,4166,1,7830000.00,7830000.00,7830000.00,0,PROMOÇÃO DO ESPORTE EDUCACIONAL COMO INSTRUMENTO DE DESENVOLVIMENTO SOCIAL,"FOMENTO AO ESPORTE, À ATIVIDADE FÍSICA E AO LAZER"
2025,1480,SECRETARIA DE ESTADO DE DESENVOLVIMENTO SOCIAL - SEDESE,3,0,1481,SECRETARIA DE ESTADO DE DESENVOLVIMENTO SOCIAL - SEDESE,3,3,90,14,38,1,10431,27,812,69,4,166,4166,1,17376.00,17376.00,17376.00,0,PROMOÇÃO DO ESPORTE EDUCACIONAL COMO INSTRUMENTO DE DESENVOLVIMENTO SOCIAL,"FOMENTO AO ESPORTE, À ATIVIDADE FÍSICA E AO LAZER"
2025,1480,SECRETARIA DE ESTADO DE DESENVOLVIMENTO SOCIAL - SEDESE,3,0,1481,SECRETARIA DE ESTADO DE DESENVOLVIMENTO SOCIAL - SEDESE,3,3,90,39,38,1,10431,27,812,69,4,166,4166,1,381500.00,381500.00,381500.00,0,PROMOÇÃO DO ESPORTE EDUCACIONAL COMO INSTRUMENTO DE DESENVOLVIMENTO SOCIAL,"FOMENTO AO ESPORTE, À ATIVIDADE FÍSICA E AO LAZER"
2025,1480,SECRETARIA DE ESTADO DE DESENVOLVIMENTO SOCIAL - SEDESE,3,0,1481,SECRETARIA DE ESTADO DE DESENVOLVIMENTO SOCIAL - SEDESE,3,3,90,14,10,1,10432,27,812,69,4,167,4167,1,18468.00,18468.00,18468.00,0,APOIO À GESTÃO ESPORTIVA,"FOMENTO AO ESPORTE, À ATIVIDADE FÍSICA E AO LAZER"
2025,1480,SECRETARIA DE ESTADO DE DESENVOLVIMENTO SOCIAL - SEDESE,3,0,1481,SECRETARIA DE ESTADO DE DESENVOLVIMENTO SOCIAL - SEDESE,3,3,90,33,10,1,10432,27,812,69,4,167,4167,1,20108.00,20108.00,20108.00,0,APOIO À GESTÃO ESPORTIVA,"FOMENTO AO ESPORTE, À ATIVIDADE FÍSICA E AO LAZER"
2025,1480,SECRETARIA DE ESTADO DE DESENVOLVIMENTO SOCIAL - SEDESE,3,0,1481,SECRETARIA DE ESTADO DE DESENVOLVIMENTO SOCIAL - SEDESE,3,3,90,37,10,1,10432,27,812,69,4,167,4167,1,173986.00,173986.00,173986.00,0,APOIO À GESTÃO ESPORTIVA,"FOMENTO AO ESPORTE, À ATIVIDADE FÍSICA E AO LAZER"
2025,1480,SECRETARIA DE ESTADO DE DESENVOLVIMENTO SOCIAL - SEDESE,3,0,1481,SECRETARIA DE ESTADO DE DESENVOLVIMENTO SOCIAL - SEDESE,3,3,90,39,10,1,10432,27,812,69,4,167,4167,1,544282.00,544282.00,544282.00,0,APOIO À GESTÃO ESPORTIVA,"FOMENTO AO ESPORTE, À ATIVIDADE FÍSICA E AO LAZER"
2025,1480,SECRETARIA DE ESTADO DE DESENVOLVIMENTO SOCIAL - SEDESE,3,0,1481,SECRETARIA DE ESTADO DE DESENVOLVIMENTO SOCIAL - SEDESE,3,3,90,39,38,1,10432,27,812,69,4,167,4167,1,381500.00,381500.00,381500.00,0,APOIO À GESTÃO ESPORTIVA,"FOMENTO AO ESPORTE, À ATIVIDADE FÍSICA E AO LAZER"
2025,1480,SECRETARIA DE ESTADO DE DESENVOLVIMENTO SOCIAL - SEDESE,3,0,1481,SECRETARIA DE ESTADO DE DESENVOLVIMENTO SOCIAL - SEDESE,3,3,90,40,10,1,10432,27,812,69,4,167,4167,1,59359.00,59359.00,59359.00,0,APOIO À GESTÃO ESPORTIVA,"FOMENTO AO ESPORTE, À ATIVIDADE FÍSICA E AO LAZER"
2025,1480,SECRETARIA DE ESTADO DE DESENVOLVIMENTO SOCIAL - SEDESE,3,0,1481,SECRETARIA DE ESTADO DE DESENVOLVIMENTO SOCIAL - SEDESE,4,4,90,40,10,1,10432,27,812,69,4,167,4167,1,80000.00,80000.00,80000.00,0,APOIO À GESTÃO ESPORTIVA,"FOMENTO AO ESPORTE, À ATIVIDADE FÍSICA E AO LAZER"
2025,1480,SECRETARIA DE ESTADO DE DESENVOLVIMENTO SOCIAL - SEDESE,3,0,1481,SECRETARIA DE ESTADO DE DESENVOLVIMENTO SOCIAL - SEDESE,3,3,90,14,10,1,10435,27,812,69,4,170,4170,1,9975.00,9975.00,9975.00,0,APOIO À REALIZAÇÃO DE AÇÕES ESPORTIVAS,"FOMENTO AO ESPORTE, À ATIVIDADE FÍSICA E AO LAZER"
2025,1480,SECRETARIA DE ESTADO DE DESENVOLVIMENTO SOCIAL - SEDESE,3,0,1481,SECRETARIA DE ESTADO DE DESENVOLVIMENTO SOCIAL - SEDESE,3,3,90,33,10,1,10435,27,812,69,4,170,4170,1,9959.00,9959.00,9959.00,0,APOIO À REALIZAÇÃO DE AÇÕES ESPORTIVAS,"FOMENTO AO ESPORTE, À ATIVIDADE FÍSICA E AO LAZER"
2025,1480,SECRETARIA DE ESTADO DE DESENVOLVIMENTO SOCIAL - SEDESE,3,0,1481,SECRETARIA DE ESTADO DE DESENVOLVIMENTO SOCIAL - SEDESE,3,3,99,99,10,4,10435,27,812,69,4,170,4170,1,530000.00,530000.00,530000.00,0,APOIO À REALIZAÇÃO DE AÇÕES ESPORTIVAS,"FOMENTO AO ESPORTE, À ATIVIDADE FÍSICA E AO LAZER"
2025,1480,SECRETARIA DE ESTADO DE DESENVOLVIMENTO SOCIAL - SEDESE,3,0,1481,SECRETARIA DE ESTADO DE DESENVOLVIMENTO SOCIAL - SEDESE,3,3,99,99,10,8,10435,27,812,69,4,170,4170,1,500000.00,500000.00,11407400.00,0,APOIO À REALIZAÇÃO DE AÇÕES ESPORTIVAS,"FOMENTO AO ESPORTE, À ATIVIDADE FÍSICA E AO LAZER"
2025,1480,SECRETARIA DE ESTADO DE DESENVOLVIMENTO SOCIAL - SEDESE,3,0,1481,SECRETARIA DE ESTADO DE DESENVOLVIMENTO SOCIAL - SEDESE,4,4,99,99,10,8,10435,27,812,69,4,170,4170,1,500000.00,500000.00,600000.00,0,APOIO À REALIZAÇÃO DE AÇÕES ESPORTIVAS,"FOMENTO AO ESPORTE, À ATIVIDADE FÍSICA E AO LAZER"
2025,1480,SECRETARIA DE ESTADO DE DESENVOLVIMENTO SOCIAL - SEDESE,3,0,1481,SECRETARIA DE ESTADO DE DESENVOLVIMENTO SOCIAL - SEDESE,3,3,40,41,24,1,10952,27,812,69,4,514,4514,1,910129.00,910129.00,910129.00,0,PROMOÇÃO DO ESPORTE DE PARTICIPAÇÃO E RENDIMENTO COMO INSTRUMENTO DE DESENVOLVIMENTO SOCIAL,"FOMENTO AO ESPORTE, À ATIVIDADE FÍSICA E AO LAZER"
2025,1480,SECRETARIA DE ESTADO DE DESENVOLVIMENTO SOCIAL - SEDESE,3,0,1481,SECRETARIA DE ESTADO DE DESENVOLVIMENTO SOCIAL - SEDESE,3,3,40,41,38,1,10952,27,812,69,4,514,4514,1,4903817.00,4903817.00,4903817.00,0,PROMOÇÃO DO ESPORTE DE PARTICIPAÇÃO E RENDIMENTO COMO INSTRUMENTO DE DESENVOLVIMENTO SOCIAL,"FOMENTO AO ESPORTE, À ATIVIDADE FÍSICA E AO LAZER"
2025,1480,SECRETARIA DE ESTADO DE DESENVOLVIMENTO SOCIAL - SEDESE,3,0,1481,SECRETARIA DE ESTADO DE DESENVOLVIMENTO SOCIAL - SEDESE,3,3,90,14,10,1,10952,27,812,69,4,514,4514,1,8290.00,8290.00,8290.00,0,PROMOÇÃO DO ESPORTE DE PARTICIPAÇÃO E RENDIMENTO COMO INSTRUMENTO DE DESENVOLVIMENTO SOCIAL,"FOMENTO AO ESPORTE, À ATIVIDADE FÍSICA E AO LAZER"
2025,1480,SECRETARIA DE ESTADO DE DESENVOLVIMENTO SOCIAL - SEDESE,3,0,1481,SECRETARIA DE ESTADO DE DESENVOLVIMENTO SOCIAL - SEDESE,3,3,90,14,38,1,10952,27,812,69,4,514,4514,1,10860.00,10860.00,10860.00,0,PROMOÇÃO DO ESPORTE DE PARTICIPAÇÃO E RENDIMENTO COMO INSTRUMENTO DE DESENVOLVIMENTO SOCIAL,"FOMENTO AO ESPORTE, À ATIVIDADE FÍSICA E AO LAZER"
2025,1480,SECRETARIA DE ESTADO DE DESENVOLVIMENTO SOCIAL - SEDESE,3,0,1481,SECRETARIA DE ESTADO DE DESENVOLVIMENTO SOCIAL - SEDESE,3,3,40,41,59,1,10429,27,813,69,4,164,4164,1,4750000.00,4750000.00,4750000.00,0,PROJETOS VIABILIZADOS PELA LEI ESTADUAL DE INCENTIVO AO ESPORTE,"FOMENTO AO ESPORTE, À ATIVIDADE FÍSICA E AO LAZER"
2025,1480,SECRETARIA DE ESTADO DE DESENVOLVIMENTO SOCIAL - SEDESE,3,0,1481,SECRETARIA DE ESTADO DE DESENVOLVIMENTO SOCIAL - SEDESE,3,3,90,33,10,1,10429,27,813,69,4,164,4164,1,27800.00,27800.00,27800.00,0,PROJETOS VIABILIZADOS PELA LEI ESTADUAL DE INCENTIVO AO ESPORTE,"FOMENTO AO ESPORTE, À ATIVIDADE FÍSICA E AO LAZER"
2025,1480,SECRETARIA DE ESTADO DE DESENVOLVIMENTO SOCIAL - SEDESE,3,0,1481,SECRETARIA DE ESTADO DE DESENVOLVIMENTO SOCIAL - SEDESE,3,3,90,39,10,1,10430,27,813,69,4,165,4165,1,1000.00,1000.00,1000.00,0,GESTÃO DO ICMS ESPORTIVO,"FOMENTO AO ESPORTE, À ATIVIDADE FÍSICA E AO LAZER"
2025,1480,SECRETARIA DE ESTADO DE DESENVOLVIMENTO SOCIAL - SEDESE,3,0,2281,FUNDAÇÃO DE EDUCAÇÃO PARA O TRABALHO DE MINAS GERAIS - UTRAMIG,3,3,90,13,36,1,10602,12,363,67,4,300,4300,1,23691.00,23691.00,23691.00,0,EDUCAÇÃO PROFISSIONAL TÉCNICA DE NÍVEL MÉDIO E QUALIFICAÇÃO PROFISSIONAL,REDE DE DESENVOLVIMENTO DA EDUCAÇÃO PROFISSIONAL
2025,1480,SECRETARIA DE ESTADO DE DESENVOLVIMENTO SOCIAL - SEDESE,3,0,2281,FUNDAÇÃO DE EDUCAÇÃO PARA O TRABALHO DE MINAS GERAIS - UTRAMIG,3,3,90,30,10,1,10602,12,363,67,4,300,4300,1,227.00,227.00,227.00,0,EDUCAÇÃO PROFISSIONAL TÉCNICA DE NÍVEL MÉDIO E QUALIFICAÇÃO PROFISSIONAL,REDE DE DESENVOLVIMENTO DA EDUCAÇÃO PROFISSIONAL
2025,1480,SECRETARIA DE ESTADO DE DESENVOLVIMENTO SOCIAL - SEDESE,3,0,2281,FUNDAÇÃO DE EDUCAÇÃO PARA O TRABALHO DE MINAS GERAIS - UTRAMIG,3,3,90,37,10,1,10602,12,363,67,4,300,4300,1,2716648.00,2716648.00,2716648.00,0,EDUCAÇÃO PROFISSIONAL TÉCNICA DE NÍVEL MÉDIO E QUALIFICAÇÃO PROFISSIONAL,REDE DE DESENVOLVIMENTO DA EDUCAÇÃO PROFISSIONAL
2025,1480,SECRETARIA DE ESTADO DE DESENVOLVIMENTO SOCIAL - SEDESE,3,0,2281,FUNDAÇÃO DE EDUCAÇÃO PARA O TRABALHO DE MINAS GERAIS - UTRAMIG,3,3,90,39,10,1,10602,12,363,67,4,300,4300,1,424178.00,424178.00,424178.00,0,EDUCAÇÃO PROFISSIONAL TÉCNICA DE NÍVEL MÉDIO E QUALIFICAÇÃO PROFISSIONAL,REDE DE DESENVOLVIMENTO DA EDUCAÇÃO PROFISSIONAL
2025,1480,SECRETARIA DE ESTADO DE DESENVOLVIMENTO SOCIAL - SEDESE,3,0,2281,FUNDAÇÃO DE EDUCAÇÃO PARA O TRABALHO DE MINAS GERAIS - UTRAMIG,3,3,90,39,36,1,10602,12,363,67,4,300,4300,1,120000.00,120000.00,120000.00,0,EDUCAÇÃO PROFISSIONAL TÉCNICA DE NÍVEL MÉDIO E QUALIFICAÇÃO PROFISSIONAL,REDE DE DESENVOLVIMENTO DA EDUCAÇÃO PROFISSIONAL
2025,1480,SECRETARIA DE ESTADO DE DESENVOLVIMENTO SOCIAL - SEDESE,3,0,2281,FUNDAÇÃO DE EDUCAÇÃO PARA O TRABALHO DE MINAS GERAIS - UTRAMIG,3,3,90,40,10,1,10602,12,363,67,4,300,4300,1,121600.00,121600.00,121600.00,0,EDUCAÇÃO PROFISSIONAL TÉCNICA DE NÍVEL MÉDIO E QUALIFICAÇÃO PROFISSIONAL,REDE DE DESENVOLVIMENTO DA EDUCAÇÃO PROFISSIONAL
2025,1480,SECRETARIA DE ESTADO DE DESENVOLVIMENTO SOCIAL - SEDESE,3,0,2281,FUNDAÇÃO DE EDUCAÇÃO PARA O TRABALHO DE MINAS GERAIS - UTRAMIG,3,3,90,48,36,1,10602,12,363,67,4,300,4300,1,181500.00,181500.00,181500.00,0,EDUCAÇÃO PROFISSIONAL TÉCNICA DE NÍVEL MÉDIO E QUALIFICAÇÃO PROFISSIONAL,REDE DE DESENVOLVIMENTO DA EDUCAÇÃO PROFISSIONAL
2025,1480,SECRETARIA DE ESTADO DE DESENVOLVIMENTO SOCIAL - SEDESE,3,0,2281,FUNDAÇÃO DE EDUCAÇÃO PARA O TRABALHO DE MINAS GERAIS - UTRAMIG,4,4,90,40,10,1,10602,12,363,67,4,300,4300,1,939721.00,939721.00,939721.00,0,EDUCAÇÃO PROFISSIONAL TÉCNICA DE NÍVEL MÉDIO E QUALIFICAÇÃO PROFISSIONAL,REDE DE DESENVOLVIMENTO DA EDUCAÇÃO PROFISSIONAL
2025,1480,SECRETARIA DE ESTADO DE DESENVOLVIMENTO SOCIAL - SEDESE,3,0,2281,FUNDAÇÃO DE EDUCAÇÃO PARA O TRABALHO DE MINAS GERAIS - UTRAMIG,4,4,90,51,10,1,10602,12,363,67,4,300,4300,1,50000.00,50000.00,50000.00,0,EDUCAÇÃO PROFISSIONAL TÉCNICA DE NÍVEL MÉDIO E QUALIFICAÇÃO PROFISSIONAL,REDE DE DESENVOLVIMENTO DA EDUCAÇÃO PROFISSIONAL
2025,1480,SECRETARIA DE ESTADO DE DESENVOLVIMENTO SOCIAL - SEDESE,3,0,2281,FUNDAÇÃO DE EDUCAÇÃO PARA O TRABALHO DE MINAS GERAIS - UTRAMIG,4,4,90,52,10,1,10602,12,363,67,4,300,4300,1,174413.00,174413.00,174413.00,0,EDUCAÇÃO PROFISSIONAL TÉCNICA DE NÍVEL MÉDIO E QUALIFICAÇÃO PROFISSIONAL,REDE DE DESENVOLVIMENTO DA EDUCAÇÃO PROFISSIONAL
2025,1480,SECRETARIA DE ESTADO DE DESENVOLVIMENTO SOCIAL - SEDESE,3,0,2281,FUNDAÇÃO DE EDUCAÇÃO PARA O TRABALHO DE MINAS GERAIS - UTRAMIG,3,1,90,11,10,1,11104,12,363,705,2,417,2417,1,1531180.00,1531180.00,1531180.00,0,REMUNERAÇÃO DE PESSOAL ATIVO E ENCARGOS SOCIAIS,APOIO ÀS POLÍTICAS PÚBLICAS
2025,1480,SECRETARIA DE ESTADO DE DESENVOLVIMENTO SOCIAL - SEDESE,3,0,2281,FUNDAÇÃO DE EDUCAÇÃO PARA O TRABALHO DE MINAS GERAIS - UTRAMIG,3,1,90,13,10,1,11104,12,363,705,2,417,2417,1,133616.00,133616.00,133616.00,0,REMUNERAÇÃO DE PESSOAL ATIVO E ENCARGOS SOCIAIS,APOIO ÀS POLÍTICAS PÚBLICAS
2025,1480,SECRETARIA DE ESTADO DE DESENVOLVIMENTO SOCIAL - SEDESE,3,0,2281,FUNDAÇÃO DE EDUCAÇÃO PARA O TRABALHO DE MINAS GERAIS - UTRAMIG,3,1,90,16,10,1,11104,12,363,705,2,417,2417,1,47365.00,47365.00,47365.00,0,REMUNERAÇÃO DE PESSOAL ATIVO E ENCARGOS SOCIAIS,APOIO ÀS POLÍTICAS PÚBLICAS
2025,1480,SECRETARIA DE ESTADO DE DESENVOLVIMENTO SOCIAL - SEDESE,3,0,2281,FUNDAÇÃO DE EDUCAÇÃO PARA O TRABALHO DE MINAS GERAIS - UTRAMIG,3,1,91,13,10,1,11104,12,363,705,2,417,2417,1,296747.00,296747.00,296747.00,0,REMUNERAÇÃO DE PESSOAL ATIVO E ENCARGOS SOCIAIS,APOIO ÀS POLÍTICAS PÚBLICAS
2025,1480,SECRETARIA DE ESTADO DE DESENVOLVIMENTO SOCIAL - SEDESE,3,0,2281,FUNDAÇÃO DE EDUCAÇÃO PARA O TRABALHO DE MINAS GERAIS - UTRAMIG,3,3,90,46,10,7,11104,12,363,705,2,417,2417,1,408119.00,408119.00,408119.00,0,REMUNERAÇÃO DE PESSOAL ATIVO E ENCARGOS SOCIAIS,APOIO ÀS POLÍTICAS PÚBLICAS
2025,1480,SECRETARIA DE ESTADO DE DESENVOLVIMENTO SOCIAL - SEDESE,3,0,2281,FUNDAÇÃO DE EDUCAÇÃO PARA O TRABALHO DE MINAS GERAIS - UTRAMIG,3,3,90,49,10,7,11104,12,363,705,2,417,2417,1,36070.00,36070.00,36070.00,0,REMUNERAÇÃO DE PESSOAL ATIVO E ENCARGOS SOCIAIS,APOIO ÀS POLÍTICAS PÚBLICAS
2025,1480,SECRETARIA DE ESTADO DE DESENVOLVIMENTO SOCIAL - SEDESE,3,0,2281,FUNDAÇÃO DE EDUCAÇÃO PARA O TRABALHO DE MINAS GERAIS - UTRAMIG,3,3,90,30,10,1,9040,12,363,705,2,500,2500,1,89483.00,89483.00,89483.00,0,ASSESSORAMENTO E GERENCIAMENTO DE POLÍTICAS PÚBLICAS,APOIO ÀS POLÍTICAS PÚBLICAS
2025,1480,SECRETARIA DE ESTADO DE DESENVOLVIMENTO SOCIAL - SEDESE,3,0,2281,FUNDAÇÃO DE EDUCAÇÃO PARA O TRABALHO DE MINAS GERAIS - UTRAMIG,3,3,90,36,10,1,9040,12,363,705,2,500,2500,1,10800.00,10800.00,10800.00,0,ASSESSORAMENTO E GERENCIAMENTO DE POLÍTICAS PÚBLICAS,APOIO ÀS POLÍTICAS PÚBLICAS
2025,1480,SECRETARIA DE ESTADO DE DESENVOLVIMENTO SOCIAL - SEDESE,3,0,2281,FUNDAÇÃO DE EDUCAÇÃO PARA O TRABALHO DE MINAS GERAIS - UTRAMIG,3,3,90,39,10,1,9040,12,363,705,2,500,2500,1,160111.00,160111.00,160111.00,0,ASSESSORAMENTO E GERENCIAMENTO DE POLÍTICAS PÚBLICAS,APOIO ÀS POLÍTICAS PÚBLICAS
2025,1480,SECRETARIA DE ESTADO DE DESENVOLVIMENTO SOCIAL - SEDESE,3,0,2281,FUNDAÇÃO DE EDUCAÇÃO PARA O TRABALHO DE MINAS GERAIS - UTRAMIG,3,3,90,40,10,1,9040,12,363,705,2,500,2500,1,70301.00,70301.00,70301.00,0,ASSESSORAMENTO E GERENCIAMENTO DE POLÍTICAS PÚBLICAS,APOIO ÀS POLÍTICAS PÚBLICAS
2025,1480,SECRETARIA DE ESTADO DE DESENVOLVIMENTO SOCIAL - SEDESE,3,0,2281,FUNDAÇÃO DE EDUCAÇÃO PARA O TRABALHO DE MINAS GERAIS - UTRAMIG,3,3,90,47,10,1,9040,12,363,705,2,500,2500,1,25000.00,25000.00,25000.00,0,ASSESSORAMENTO E GERENCIAMENTO DE POLÍTICAS PÚBLICAS,APOIO ÀS POLÍTICAS PÚBLICAS
2025,1480,SECRETARIA DE ESTADO DE DESENVOLVIMENTO SOCIAL - SEDESE,3,0,2281,FUNDAÇÃO DE EDUCAÇÃO PARA O TRABALHO DE MINAS GERAIS - UTRAMIG,4,4,90,52,10,1,9040,12,363,705,2,500,2500,1,75219.00,75219.00,75219.00,0,ASSESSORAMENTO E GERENCIAMENTO DE POLÍTICAS PÚBLICAS,APOIO ÀS POLÍTICAS PÚBLICAS
2025,1480,SECRETARIA DE ESTADO DE DESENVOLVIMENTO SOCIAL - SEDESE,3,0,2281,FUNDAÇÃO DE EDUCAÇÃO PARA O TRABALHO DE MINAS GERAIS - UTRAMIG,4,4,90,52,47,1,9040,12,363,705,2,500,2500,1,1000.00,1000.00,1000.00,0,ASSESSORAMENTO E GERENCIAMENTO DE POLÍTICAS PÚBLICAS,APOIO ÀS POLÍTICAS PÚBLICAS
2025,1480,SECRETARIA DE ESTADO DE DESENVOLVIMENTO SOCIAL - SEDESE,3,0,2281,FUNDAÇÃO DE EDUCAÇÃO PARA O TRABALHO DE MINAS GERAIS - UTRAMIG,3,1,90,91,60,9,2113,28,846,705,7,4,7004,1,1000.00,1000.00,1000.00,0,PRECATÓRIOS E SENTENÇAS JUDICIÁRIAS,APOIO ÀS POLÍTICAS PÚBLICAS
2025,1480,SECRETARIA DE ESTADO DE DESENVOLVIMENTO SOCIAL - SEDESE,3,0,2421,INSTITUTO DE DESENVOLVIMENTO DO NORTE E NORDESTE DE MINAS GERAIS - IDENE,3,3,90,30,24,1,10466,17,511,56,1,25,1025,1,1468532.00,1468532.00,1468532.00,0,PROMOÇÃO DO ACESSO A EQUIPAMENTOS DE ARMAZENAGEM E DISTRIBUIÇÃO DE RECURSOS HÍDRICOS NO NORTE E NORDESTE DE MINAS GERAIS,DESENVOLVIMENTO DA INFRAESTRUTURA DO NORTE E NORDESTE DE MINAS GERAIS
2025,1480,SECRETARIA DE ESTADO DE DESENVOLVIMENTO SOCIAL - SEDESE,3,0,2421,INSTITUTO DE DESENVOLVIMENTO DO NORTE E NORDESTE DE MINAS GERAIS - IDENE,3,3,90,30,71,1,10466,17,511,56,1,25,1025,1,126000.00,126000.00,126000.00,0,PROMOÇÃO DO ACESSO A EQUIPAMENTOS DE ARMAZENAGEM E DISTRIBUIÇÃO DE RECURSOS HÍDRICOS NO NORTE E NORDESTE DE MINAS GERAIS,DESENVOLVIMENTO DA INFRAESTRUTURA DO NORTE E NORDESTE DE MINAS GERAIS
2025,1480,SECRETARIA DE ESTADO DE DESENVOLVIMENTO SOCIAL - SEDESE,3,0,2421,INSTITUTO DE DESENVOLVIMENTO DO NORTE E NORDESTE DE MINAS GERAIS - IDENE,3,3,99,99,10,8,10466,17,511,56,1,25,1025,1,100000.00,100000.00,5060000.00,0,PROMOÇÃO DO ACESSO A EQUIPAMENTOS DE ARMAZENAGEM E DISTRIBUIÇÃO DE RECURSOS HÍDRICOS NO NORTE E NORDESTE DE MINAS GERAIS,DESENVOLVIMENTO DA INFRAESTRUTURA DO NORTE E NORDESTE DE MINAS GERAIS
2025,1480,SECRETARIA DE ESTADO DE DESENVOLVIMENTO SOCIAL - SEDESE,3,0,2421,INSTITUTO DE DESENVOLVIMENTO DO NORTE E NORDESTE DE MINAS GERAIS - IDENE,4,4,99,99,10,8,10466,17,511,56,1,25,1025,1,800000.00,800000.00,800000.00,0,PROMOÇÃO DO ACESSO A EQUIPAMENTOS DE ARMAZENAGEM E DISTRIBUIÇÃO DE RECURSOS HÍDRICOS NO NORTE E NORDESTE DE MINAS GERAIS,DESENVOLVIMENTO DA INFRAESTRUTURA DO NORTE E NORDESTE DE MINAS GERAIS
2025,1480,SECRETARIA DE ESTADO DE DESENVOLVIMENTO SOCIAL - SEDESE,3,0,2421,INSTITUTO DE DESENVOLVIMENTO DO NORTE E NORDESTE DE MINAS GERAIS - IDENE,3,1,90,11,71,1,10475,17,511,56,1,28,1028,1,411566.00,411566.00,411566.00,0,PROMOÇÃO DE INFRAESTRUTURA HÍDRICA DE PEQUENO PORTE NO NORTE E NORDESTE DE MINAS GERAIS,DESENVOLVIMENTO DA INFRAESTRUTURA DO NORTE E NORDESTE DE MINAS GERAIS
2025,1480,SECRETARIA DE ESTADO DE DESENVOLVIMENTO SOCIAL - SEDESE,3,0,2421,INSTITUTO DE DESENVOLVIMENTO DO NORTE E NORDESTE DE MINAS GERAIS - IDENE,3,1,91,13,71,1,10475,17,511,56,1,28,1028,1,62697.00,62697.00,62697.00,0,PROMOÇÃO DE INFRAESTRUTURA HÍDRICA DE PEQUENO PORTE NO NORTE E NORDESTE DE MINAS GERAIS,DESENVOLVIMENTO DA INFRAESTRUTURA DO NORTE E NORDESTE DE MINAS GERAIS
2025,1480,SECRETARIA DE ESTADO DE DESENVOLVIMENTO SOCIAL - SEDESE,3,0,2421,INSTITUTO DE DESENVOLVIMENTO DO NORTE E NORDESTE DE MINAS GERAIS - IDENE,3,3,90,39,9,1,10475,17,511,56,1,28,1028,1,10256000.00,10256000.00,10256000.00,0,PROMOÇÃO DE INFRAESTRUTURA HÍDRICA DE PEQUENO PORTE NO NORTE E NORDESTE DE MINAS GERAIS,DESENVOLVIMENTO DA INFRAESTRUTURA DO NORTE E NORDESTE DE MINAS GERAIS
2025,1480,SECRETARIA DE ESTADO DE DESENVOLVIMENTO SOCIAL - SEDESE,3,0,2421,INSTITUTO DE DESENVOLVIMENTO DO NORTE E NORDESTE DE MINAS GERAIS - IDENE,3,3,90,39,71,1,10475,17,511,56,1,28,1028,1,203000.00,203000.00,203000.00,0,PROMOÇÃO DE INFRAESTRUTURA HÍDRICA DE PEQUENO PORTE NO NORTE E NORDESTE DE MINAS GERAIS,DESENVOLVIMENTO DA INFRAESTRUTURA DO NORTE E NORDESTE DE MINAS GERAIS
2025,1480,SECRETARIA DE ESTADO DE DESENVOLVIMENTO SOCIAL - SEDESE,3,0,2421,INSTITUTO DE DESENVOLVIMENTO DO NORTE E NORDESTE DE MINAS GERAIS - IDENE,3,3,90,46,71,7,10475,17,511,56,1,28,1028,1,81221.00,81221.00,81221.00,0,PROMOÇÃO DE INFRAESTRUTURA HÍDRICA DE PEQUENO PORTE NO NORTE E NORDESTE DE MINAS GERAIS,DESENVOLVIMENTO DA INFRAESTRUTURA DO NORTE E NORDESTE DE MINAS GERAIS
2025,1480,SECRETARIA DE ESTADO DE DESENVOLVIMENTO SOCIAL - SEDESE,3,0,2421,INSTITUTO DE DESENVOLVIMENTO DO NORTE E NORDESTE DE MINAS GERAIS - IDENE,3,3,90,49,71,7,10475,17,511,56,1,28,1028,1,3875.00,3875.00,3875.00,0,PROMOÇÃO DE INFRAESTRUTURA HÍDRICA DE PEQUENO PORTE NO NORTE E NORDESTE DE MINAS GERAIS,DESENVOLVIMENTO DA INFRAESTRUTURA DO NORTE E NORDESTE DE MINAS GERAIS
2025,1480,SECRETARIA DE ESTADO DE DESENVOLVIMENTO SOCIAL - SEDESE,3,0,2421,INSTITUTO DE DESENVOLVIMENTO DO NORTE E NORDESTE DE MINAS GERAIS - IDENE,3,3,99,99,10,8,10475,17,511,56,1,28,1028,1,281000.00,281000.00,1781000.00,0,PROMOÇÃO DE INFRAESTRUTURA HÍDRICA DE PEQUENO PORTE NO NORTE E NORDESTE DE MINAS GERAIS,DESENVOLVIMENTO DA INFRAESTRUTURA DO NORTE E NORDESTE DE MINAS GERAIS
2025,1480,SECRETARIA DE ESTADO DE DESENVOLVIMENTO SOCIAL - SEDESE,3,0,2421,INSTITUTO DE DESENVOLVIMENTO DO NORTE E NORDESTE DE MINAS GERAIS - IDENE,4,4,90,52,9,1,10475,17,511,56,1,28,1028,1,3100000.00,3100000.00,3100000.00,0,PROMOÇÃO DE INFRAESTRUTURA HÍDRICA DE PEQUENO PORTE NO NORTE E NORDESTE DE MINAS GERAIS,DESENVOLVIMENTO DA INFRAESTRUTURA DO NORTE E NORDESTE DE MINAS GERAIS
2025,1480,SECRETARIA DE ESTADO DE DESENVOLVIMENTO SOCIAL - SEDESE,3,0,2421,INSTITUTO DE DESENVOLVIMENTO DO NORTE E NORDESTE DE MINAS GERAIS - IDENE,3,1,90,11,71,1,9401,20,122,705,2,500,2500,1,5802428.00,5802428.00,5802428.00,0,ASSESSORAMENTO E GERENCIAMENTO DE POLÍTICAS PÚBLICAS,APOIO ÀS POLÍTICAS PÚBLICAS
2025,1480,SECRETARIA DE ESTADO DE DESENVOLVIMENTO SOCIAL - SEDESE,3,0,2421,INSTITUTO DE DESENVOLVIMENTO DO NORTE E NORDESTE DE MINAS GERAIS - IDENE,3,1,91,13,71,1,9401,20,122,705,2,500,2500,1,1511774.00,1511774.00,1511774.00,0,ASSESSORAMENTO E GERENCIAMENTO DE POLÍTICAS PÚBLICAS,APOIO ÀS POLÍTICAS PÚBLICAS
2025,1480,SECRETARIA DE ESTADO DE DESENVOLVIMENTO SOCIAL - SEDESE,3,0,2421,INSTITUTO DE DESENVOLVIMENTO DO NORTE E NORDESTE DE MINAS GERAIS - IDENE,3,3,90,14,71,1,9401,20,122,705,2,500,2500,1,112945.00,112945.00,112945.00,0,ASSESSORAMENTO E GERENCIAMENTO DE POLÍTICAS PÚBLICAS,APOIO ÀS POLÍTICAS PÚBLICAS
2025,1480,SECRETARIA DE ESTADO DE DESENVOLVIMENTO SOCIAL - SEDESE,3,0,2421,INSTITUTO DE DESENVOLVIMENTO DO NORTE E NORDESTE DE MINAS GERAIS - IDENE,3,3,90,30,71,1,9401,20,122,705,2,500,2500,1,112600.00,112600.00,112600.00,0,ASSESSORAMENTO E GERENCIAMENTO DE POLÍTICAS PÚBLICAS,APOIO ÀS POLÍTICAS PÚBLICAS
2025,1480,SECRETARIA DE ESTADO DE DESENVOLVIMENTO SOCIAL - SEDESE,3,0,2421,INSTITUTO DE DESENVOLVIMENTO DO NORTE E NORDESTE DE MINAS GERAIS - IDENE,3,3,90,33,71,1,9401,20,122,705,2,500,2500,1,80000.00,80000.00,80000.00,0,ASSESSORAMENTO E GERENCIAMENTO DE POLÍTICAS PÚBLICAS,APOIO ÀS POLÍTICAS PÚBLICAS
2025,1480,SECRETARIA DE ESTADO DE DESENVOLVIMENTO SOCIAL - SEDESE,3,0,2421,INSTITUTO DE DESENVOLVIMENTO DO NORTE E NORDESTE DE MINAS GERAIS - IDENE,3,3,90,36,71,1,9401,20,122,705,2,500,2500,1,113544.00,113544.00,113544.00,0,ASSESSORAMENTO E GERENCIAMENTO DE POLÍTICAS PÚBLICAS,APOIO ÀS POLÍTICAS PÚBLICAS
2025,1480,SECRETARIA DE ESTADO DE DESENVOLVIMENTO SOCIAL - SEDESE,3,0,2421,INSTITUTO DE DESENVOLVIMENTO DO NORTE E NORDESTE DE MINAS GERAIS - IDENE,3,3,90,37,71,1,9401,20,122,705,2,500,2500,1,3645422.00,3645422.00,3645422.00,0,ASSESSORAMENTO E GERENCIAMENTO DE POLÍTICAS PÚBLICAS,APOIO ÀS POLÍTICAS PÚBLICAS
2025,1480,SECRETARIA DE ESTADO DE DESENVOLVIMENTO SOCIAL - SEDESE,3,0,2421,INSTITUTO DE DESENVOLVIMENTO DO NORTE E NORDESTE DE MINAS GERAIS - IDENE,3,3,90,39,71,1,9401,20,122,705,2,500,2500,1,1350112.00,1350112.00,1350112.00,0,ASSESSORAMENTO E GERENCIAMENTO DE POLÍTICAS PÚBLICAS,APOIO ÀS POLÍTICAS PÚBLICAS
2025,1480,SECRETARIA DE ESTADO DE DESENVOLVIMENTO SOCIAL - SEDESE,3,0,2421,INSTITUTO DE DESENVOLVIMENTO DO NORTE E NORDESTE DE MINAS GERAIS - IDENE,3,3,90,40,71,1,9401,20,122,705,2,500,2500,1,172649.00,172649.00,172649.00,0,ASSESSORAMENTO E GERENCIAMENTO DE POLÍTICAS PÚBLICAS,APOIO ÀS POLÍTICAS PÚBLICAS
2025,1480,SECRETARIA DE ESTADO DE DESENVOLVIMENTO SOCIAL - SEDESE,3,0,2421,INSTITUTO DE DESENVOLVIMENTO DO NORTE E NORDESTE DE MINAS GERAIS - IDENE,3,3,90,46,71,7,9401,20,122,705,2,500,2500,1,1373489.00,1373489.00,1373489.00,0,ASSESSORAMENTO E GERENCIAMENTO DE POLÍTICAS PÚBLICAS,APOIO ÀS POLÍTICAS PÚBLICAS
2025,1480,SECRETARIA DE ESTADO DE DESENVOLVIMENTO SOCIAL - SEDESE,3,0,2421,INSTITUTO DE DESENVOLVIMENTO DO NORTE E NORDESTE DE MINAS GERAIS - IDENE,3,3,90,47,71,1,9401,20,122,705,2,500,2500,1,366500.00,366500.00,366500.00,0,ASSESSORAMENTO E GERENCIAMENTO DE POLÍTICAS PÚBLICAS,APOIO ÀS POLÍTICAS PÚBLICAS
2025,1480,SECRETARIA DE ESTADO DE DESENVOLVIMENTO SOCIAL - SEDESE,3,0,2421,INSTITUTO DE DESENVOLVIMENTO DO NORTE E NORDESTE DE MINAS GERAIS - IDENE,3,3,90,49,71,7,9401,20,122,705,2,500,2500,1,49411.00,49411.00,49411.00,0,ASSESSORAMENTO E GERENCIAMENTO DE POLÍTICAS PÚBLICAS,APOIO ÀS POLÍTICAS PÚBLICAS
2025,1480,SECRETARIA DE ESTADO DE DESENVOLVIMENTO SOCIAL - SEDESE,3,0,2421,INSTITUTO DE DESENVOLVIMENTO DO NORTE E NORDESTE DE MINAS GERAIS - IDENE,4,4,99,99,10,8,9401,20,122,705,2,500,2500,1,1000000.00,1000000.00,1000000.00,0,ASSESSORAMENTO E GERENCIAMENTO DE POLÍTICAS PÚBLICAS,APOIO ÀS POLÍTICAS PÚBLICAS
2025,1480,SECRETARIA DE ESTADO DE DESENVOLVIMENTO SOCIAL - SEDESE,3,0,2421,INSTITUTO DE DESENVOLVIMENTO DO NORTE E NORDESTE DE MINAS GERAIS - IDENE,3,3,90,39,24,1,10957,20,544,56,1,95,1095,1,4100966.00,4100966.00,4100966.00,0,IMPLANTAÇÃO DE BARRAGENS HIDROAGRÍCOLAS,DESENVOLVIMENTO DA INFRAESTRUTURA DO NORTE E NORDESTE DE MINAS GERAIS
2025,1480,SECRETARIA DE ESTADO DE DESENVOLVIMENTO SOCIAL - SEDESE,3,0,2421,INSTITUTO DE DESENVOLVIMENTO DO NORTE E NORDESTE DE MINAS GERAIS - IDENE,3,3,90,39,71,1,10957,20,544,56,1,95,1095,1,1000.00,1000.00,1000.00,0,IMPLANTAÇÃO DE BARRAGENS HIDROAGRÍCOLAS,DESENVOLVIMENTO DA INFRAESTRUTURA DO NORTE E NORDESTE DE MINAS GERAIS
2025,1480,SECRETARIA DE ESTADO DE DESENVOLVIMENTO SOCIAL - SEDESE,3,0,2421,INSTITUTO DE DESENVOLVIMENTO DO NORTE E NORDESTE DE MINAS GERAIS - IDENE,4,4,90,61,24,1,10957,20,544,56,1,95,1095,1,8999000.00,8999000.00,8999000.00,0,IMPLANTAÇÃO DE BARRAGENS HIDROAGRÍCOLAS,DESENVOLVIMENTO DA INFRAESTRUTURA DO NORTE E NORDESTE DE MINAS GERAIS
2025,1480,SECRETARIA DE ESTADO DE DESENVOLVIMENTO SOCIAL - SEDESE,3,0,2421,INSTITUTO DE DESENVOLVIMENTO DO NORTE E NORDESTE DE MINAS GERAIS - IDENE,3,3,90,14,71,1,10628,20,608,124,4,320,4320,1,72240.00,72240.00,72240.00,0,"DISTRIBUIÇÃO DE LEITE ADQUIRIDO DA AGRICULTURA FAMILIAR, PARA BENEFICIÁRIOS EM INSEGURANÇA ALIMENTAR",PROMOÇÃO DO DESENVOLVIMENTO DO NORTE E NORDESTE DE MINAS GERAIS
2025,1480,SECRETARIA DE ESTADO DE DESENVOLVIMENTO SOCIAL - SEDESE,3,0,2421,INSTITUTO DE DESENVOLVIMENTO DO NORTE E NORDESTE DE MINAS GERAIS - IDENE,3,3,90,32,24,1,10628,20,608,124,4,320,4320,1,14122669.00,14122669.00,14122669.00,0,"DISTRIBUIÇÃO DE LEITE ADQUIRIDO DA AGRICULTURA FAMILIAR, PARA BENEFICIÁRIOS EM INSEGURANÇA ALIMENTAR",PROMOÇÃO DO DESENVOLVIMENTO DO NORTE E NORDESTE DE MINAS GERAIS
2025,1480,SECRETARIA DE ESTADO DE DESENVOLVIMENTO SOCIAL - SEDESE,3,0,2421,INSTITUTO DE DESENVOLVIMENTO DO NORTE E NORDESTE DE MINAS GERAIS - IDENE,3,3,90,39,24,1,10633,20,608,124,4,323,4323,1,854000.00,854000.00,854000.00,0,APOIO ÀS FEIRAS LIVRES PARA AMPLIAR A GERAÇÃO DE RENDA E DESENVOLVIMENTO ECONÔMICO LOCAL,PROMOÇÃO DO DESENVOLVIMENTO DO NORTE E NORDESTE DE MINAS GERAIS
2025,1480,SECRETARIA DE ESTADO DE DESENVOLVIMENTO SOCIAL - SEDESE,3,0,2421,INSTITUTO DE DESENVOLVIMENTO DO NORTE E NORDESTE DE MINAS GERAIS - IDENE,3,3,90,39,71,1,10633,20,608,124,4,323,4323,1,1000.00,1000.00,1000.00,0,APOIO ÀS FEIRAS LIVRES PARA AMPLIAR A GERAÇÃO DE RENDA E DESENVOLVIMENTO ECONÔMICO LOCAL,PROMOÇÃO DO DESENVOLVIMENTO DO NORTE E NORDESTE DE MINAS GERAIS
2025,1480,SECRETARIA DE ESTADO DE DESENVOLVIMENTO SOCIAL - SEDESE,3,0,2421,INSTITUTO DE DESENVOLVIMENTO DO NORTE E NORDESTE DE MINAS GERAIS - IDENE,3,3,99,99,10,8,10633,20,608,124,4,323,4323,1,500000.00,500000.00,500000.00,0,APOIO ÀS FEIRAS LIVRES PARA AMPLIAR A GERAÇÃO DE RENDA E DESENVOLVIMENTO ECONÔMICO LOCAL,PROMOÇÃO DO DESENVOLVIMENTO DO NORTE E NORDESTE DE MINAS GERAIS
2025,1480,SECRETARIA DE ESTADO DE DESENVOLVIMENTO SOCIAL - SEDESE,3,0,2421,INSTITUTO DE DESENVOLVIMENTO DO NORTE E NORDESTE DE MINAS GERAIS - IDENE,3,1,90,11,71,1,10635,20,608,124,4,325,4325,1,295632.00,295632.00,295632.00,0,PROMOÇÃO DO DESENVOLVIMENTO SOCIOECONÔMICO DO NORTE E NORDESTE DE MINAS GERAIS,PROMOÇÃO DO DESENVOLVIMENTO DO NORTE E NORDESTE DE MINAS GERAIS
2025,1480,SECRETARIA DE ESTADO DE DESENVOLVIMENTO SOCIAL - SEDESE,3,0,2421,INSTITUTO DE DESENVOLVIMENTO DO NORTE E NORDESTE DE MINAS GERAIS - IDENE,3,1,91,13,71,1,10635,20,608,124,4,325,4325,1,7217.00,7217.00,7217.00,0,PROMOÇÃO DO DESENVOLVIMENTO SOCIOECONÔMICO DO NORTE E NORDESTE DE MINAS GERAIS,PROMOÇÃO DO DESENVOLVIMENTO DO NORTE E NORDESTE DE MINAS GERAIS
2025,1480,SECRETARIA DE ESTADO DE DESENVOLVIMENTO SOCIAL - SEDESE,3,0,2421,INSTITUTO DE DESENVOLVIMENTO DO NORTE E NORDESTE DE MINAS GERAIS - IDENE,3,3,90,39,24,1,10635,20,608,124,4,325,4325,1,576502.00,576502.00,576502.00,0,PROMOÇÃO DO DESENVOLVIMENTO SOCIOECONÔMICO DO NORTE E NORDESTE DE MINAS GERAIS,PROMOÇÃO DO DESENVOLVIMENTO DO NORTE E NORDESTE DE MINAS GERAIS
2025,1480,SECRETARIA DE ESTADO DE DESENVOLVIMENTO SOCIAL - SEDESE,3,0,2421,INSTITUTO DE DESENVOLVIMENTO DO NORTE E NORDESTE DE MINAS GERAIS - IDENE,3,3,90,39,71,1,10635,20,608,124,4,325,4325,1,515000.00,515000.00,515000.00,0,PROMOÇÃO DO DESENVOLVIMENTO SOCIOECONÔMICO DO NORTE E NORDESTE DE MINAS GERAIS,PROMOÇÃO DO DESENVOLVIMENTO DO NORTE E NORDESTE DE MINAS GERAIS
2025,1480,SECRETARIA DE ESTADO DE DESENVOLVIMENTO SOCIAL - SEDESE,3,0,2421,INSTITUTO DE DESENVOLVIMENTO DO NORTE E NORDESTE DE MINAS GERAIS - IDENE,3,3,90,46,71,7,10635,20,608,124,4,325,4325,1,46666.00,46666.00,46666.00,0,PROMOÇÃO DO DESENVOLVIMENTO SOCIOECONÔMICO DO NORTE E NORDESTE DE MINAS GERAIS,PROMOÇÃO DO DESENVOLVIMENTO DO NORTE E NORDESTE DE MINAS GERAIS
2025,1480,SECRETARIA DE ESTADO DE DESENVOLVIMENTO SOCIAL - SEDESE,3,0,2421,INSTITUTO DE DESENVOLVIMENTO DO NORTE E NORDESTE DE MINAS GERAIS - IDENE,3,3,90,49,71,7,10635,20,608,124,4,325,4325,1,2584.00,2584.00,2584.00,0,PROMOÇÃO DO DESENVOLVIMENTO SOCIOECONÔMICO DO NORTE E NORDESTE DE MINAS GERAIS,PROMOÇÃO DO DESENVOLVIMENTO DO NORTE E NORDESTE DE MINAS GERAIS
2025,1480,SECRETARIA DE ESTADO DE DESENVOLVIMENTO SOCIAL - SEDESE,3,0,2421,INSTITUTO DE DESENVOLVIMENTO DO NORTE E NORDESTE DE MINAS GERAIS - IDENE,3,3,99,99,10,8,10635,20,608,124,4,325,4325,1,50000.00,50000.00,50000.00,0,PROMOÇÃO DO DESENVOLVIMENTO SOCIOECONÔMICO DO NORTE E NORDESTE DE MINAS GERAIS,PROMOÇÃO DO DESENVOLVIMENTO DO NORTE E NORDESTE DE MINAS GERAIS
2025,1480,SECRETARIA DE ESTADO DE DESENVOLVIMENTO SOCIAL - SEDESE,3,0,2421,INSTITUTO DE DESENVOLVIMENTO DO NORTE E NORDESTE DE MINAS GERAIS - IDENE,4,4,99,99,10,8,10635,20,608,124,4,325,4325,1,400000.00,400000.00,400000.00,0,PROMOÇÃO DO DESENVOLVIMENTO SOCIOECONÔMICO DO NORTE E NORDESTE DE MINAS GERAIS,PROMOÇÃO DO DESENVOLVIMENTO DO NORTE E NORDESTE DE MINAS GERAIS
2025,1480,SECRETARIA DE ESTADO DE DESENVOLVIMENTO SOCIAL - SEDESE,3,0,2421,INSTITUTO DE DESENVOLVIMENTO DO NORTE E NORDESTE DE MINAS GERAIS - IDENE,3,1,90,11,71,1,10958,20,608,124,4,516,4516,1,302177.00,302177.00,302177.00,0,APOIO À MECANIZAÇÃO DA PRODUÇÃO AGRÍCOLA,PROMOÇÃO DO DESENVOLVIMENTO DO NORTE E NORDESTE DE MINAS GERAIS
2025,1480,SECRETARIA DE ESTADO DE DESENVOLVIMENTO SOCIAL - SEDESE,3,0,2421,INSTITUTO DE DESENVOLVIMENTO DO NORTE E NORDESTE DE MINAS GERAIS - IDENE,3,1,91,13,71,1,10958,20,608,124,4,516,4516,1,21807.00,21807.00,21807.00,0,APOIO À MECANIZAÇÃO DA PRODUÇÃO AGRÍCOLA,PROMOÇÃO DO DESENVOLVIMENTO DO NORTE E NORDESTE DE MINAS GERAIS
2025,1480,SECRETARIA DE ESTADO DE DESENVOLVIMENTO SOCIAL - SEDESE,3,0,2421,INSTITUTO DE DESENVOLVIMENTO DO NORTE E NORDESTE DE MINAS GERAIS - IDENE,3,3,90,46,71,7,10958,20,608,124,4,516,4516,1,54254.00,54254.00,54254.00,0,APOIO À MECANIZAÇÃO DA PRODUÇÃO AGRÍCOLA,PROMOÇÃO DO DESENVOLVIMENTO DO NORTE E NORDESTE DE MINAS GERAIS
2025,1480,SECRETARIA DE ESTADO DE DESENVOLVIMENTO SOCIAL - SEDESE,3,0,2421,INSTITUTO DE DESENVOLVIMENTO DO NORTE E NORDESTE DE MINAS GERAIS - IDENE,3,3,90,49,71,7,10958,20,608,124,4,516,4516,1,3229.00,3229.00,3229.00,0,APOIO À MECANIZAÇÃO DA PRODUÇÃO AGRÍCOLA,PROMOÇÃO DO DESENVOLVIMENTO DO NORTE E NORDESTE DE MINAS GERAIS
2025,1480,SECRETARIA DE ESTADO DE DESENVOLVIMENTO SOCIAL - SEDESE,3,0,2421,INSTITUTO DE DESENVOLVIMENTO DO NORTE E NORDESTE DE MINAS GERAIS - IDENE,4,4,90,52,1,1,10958,20,608,124,4,516,4516,1,2000.00,2000.00,2000.00,0,APOIO À MECANIZAÇÃO DA PRODUÇÃO AGRÍCOLA,PROMOÇÃO DO DESENVOLVIMENTO DO NORTE E NORDESTE DE MINAS GERAIS
2025,1480,SECRETARIA DE ESTADO DE DESENVOLVIMENTO SOCIAL - SEDESE,3,0,2421,INSTITUTO DE DESENVOLVIMENTO DO NORTE E NORDESTE DE MINAS GERAIS - IDENE,4,4,90,52,24,1,10958,20,608,124,4,516,4516,1,14938771.00,14938771.00,14938771.00,0,APOIO À MECANIZAÇÃO DA PRODUÇÃO AGRÍCOLA,PROMOÇÃO DO DESENVOLVIMENTO DO NORTE E NORDESTE DE MINAS GERAIS
2025,1480,SECRETARIA DE ESTADO DE DESENVOLVIMENTO SOCIAL - SEDESE,3,0,2421,INSTITUTO DE DESENVOLVIMENTO DO NORTE E NORDESTE DE MINAS GERAIS - IDENE,4,4,99,99,10,4,10958,20,608,124,4,516,4516,1,160000.00,160000.00,160000.00,0,APOIO À MECANIZAÇÃO DA PRODUÇÃO AGRÍCOLA,PROMOÇÃO DO DESENVOLVIMENTO DO NORTE E NORDESTE DE MINAS GERAIS
2025,1480,SECRETARIA DE ESTADO DE DESENVOLVIMENTO SOCIAL - SEDESE,3,0,2421,INSTITUTO DE DESENVOLVIMENTO DO NORTE E NORDESTE DE MINAS GERAIS - IDENE,4,4,99,99,10,8,10958,20,608,124,4,516,4516,1,1000000.00,1000000.00,1710000.00,0,APOIO À MECANIZAÇÃO DA PRODUÇÃO AGRÍCOLA,PROMOÇÃO DO DESENVOLVIMENTO DO NORTE E NORDESTE DE MINAS GERAIS
2025,1480,SECRETARIA DE ESTADO DE DESENVOLVIMENTO SOCIAL - SEDESE,3,0,2421,INSTITUTO DE DESENVOLVIMENTO DO NORTE E NORDESTE DE MINAS GERAIS - IDENE,3,3,90,91,10,9,1141,28,846,705,7,4,7004,1,1000.00,1000.00,1000.00,0,PRECATÓRIOS E SENTENÇAS JUDICIÁRIAS,APOIO ÀS POLÍTICAS PÚBLICAS
2025,1480,SECRETARIA DE ESTADO DE DESENVOLVIMENTO SOCIAL - SEDESE,3,0,4091,FUNDO PARA A INFÂNCIA E A ADOLESCÊNCIA - FIA,3,3,50,43,45,1,11123,14,243,23,4,207,4207,1,4200000.00,4200000.00,4200000.00,0,PROJETOS ESPECIAIS DE PROMOÇÃO E PROTEÇÃO DE CRIANÇAS E ADOLESCENTES,POLÍTICAS PARA CRIANÇAS E ADOLESCENTES
2025,1480,SECRETARIA DE ESTADO DE DESENVOLVIMENTO SOCIAL - SEDESE,3,0,4091,FUNDO PARA A INFÂNCIA E A ADOLESCÊNCIA - FIA,3,3,90,39,45,1,11194,14,243,68,4,428,4428,1,439000.00,439000.00,439000.00,0,PROJETOS ESPECIAIS DE PROMOÇÃO E PROTEÇÃO DA PRIMEIRA INFÂNCIA,PRIMEIRA INFÂNCIA MINAS
2025,1480,SECRETARIA DE ESTADO DE DESENVOLVIMENTO SOCIAL - SEDESE,3,0,4101,FUNDO ESTADUAL DE HABITAÇÃO - FEH,3,3,90,39,60,1,10782,16,122,73,2,75,2075,1,50000.00,50000.00,50000.00,0,ADMINISTRAÇÃO DA CARTEIRA DE FINANCIAMENTOS NO ÂMBITO DO FUNDO ESTADUAL DE HABITAÇÃO - FEH,MORADAS GERAIS
2025,1480,SECRETARIA DE ESTADO DE DESENVOLVIMENTO SOCIAL - SEDESE,3,0,4101,FUNDO ESTADUAL DE HABITAÇÃO - FEH,3,3,90,47,60,1,10782,16,122,73,2,75,2075,1,390000.00,390000.00,390000.00,0,ADMINISTRAÇÃO DA CARTEIRA DE FINANCIAMENTOS NO ÂMBITO DO FUNDO ESTADUAL DE HABITAÇÃO - FEH,MORADAS GERAIS
2025,1480,SECRETARIA DE ESTADO DE DESENVOLVIMENTO SOCIAL - SEDESE,3,0,4101,FUNDO ESTADUAL DE HABITAÇÃO - FEH,3,3,90,93,60,1,10782,16,122,73,2,75,2075,1,950000.00,950000.00,950000.00,0,ADMINISTRAÇÃO DA CARTEIRA DE FINANCIAMENTOS NO ÂMBITO DO FUNDO ESTADUAL DE HABITAÇÃO - FEH,MORADAS GERAIS
2025,1480,SECRETARIA DE ESTADO DE DESENVOLVIMENTO SOCIAL - SEDESE,3,0,4101,FUNDO ESTADUAL DE HABITAÇÃO - FEH,4,5,90,39,60,1,10782,16,122,73,2,75,2075,1,16823595.00,16823595.00,16823595.00,0,ADMINISTRAÇÃO DA CARTEIRA DE FINANCIAMENTOS NO ÂMBITO DO FUNDO ESTADUAL DE HABITAÇÃO - FEH,MORADAS GERAIS
2025,1480,SECRETARIA DE ESTADO DE DESENVOLVIMENTO SOCIAL - SEDESE,3,0,4101,FUNDO ESTADUAL DE HABITAÇÃO - FEH,3,3,90,48,60,1,10771,16,482,73,4,427,4427,1,1000.00,1000.00,1000.00,0,VIABILIZAÇÃO DO ACESSO À HABITAÇAÕ DE INTERESSE SOCIAL,MORADAS GERAIS
2025,1480,SECRETARIA DE ESTADO DE DESENVOLVIMENTO SOCIAL - SEDESE,3,0,4251,FUNDO ESTADUAL DE ASSISTÊNCIA SOCIAL - FEAS,3,3,40,41,71,1,11030,8,242,71,4,25,4025,1,240000.00,240000.00,240000.00,0,APOIO AO CENTRO DIA DE REFERÊNCIA PARA PESSOA COM DEFICIÊNCIA,FORTALECIMENTO DO SISTEMA ÚNICO DE ASSISTÊNCIA SOCIAL - SUAS
2025,1480,SECRETARIA DE ESTADO DE DESENVOLVIMENTO SOCIAL - SEDESE,3,0,4251,FUNDO ESTADUAL DE ASSISTÊNCIA SOCIAL - FEAS,3,3,99,99,10,8,10780,8,244,71,2,74,2074,1,350000.00,350000.00,1450000.00,0,APRIMORAMENTO DA REDE SOCIOASSISTENCIAL,FORTALECIMENTO DO SISTEMA ÚNICO DE ASSISTÊNCIA SOCIAL - SUAS
2025,1480,SECRETARIA DE ESTADO DE DESENVOLVIMENTO SOCIAL - SEDESE,3,0,4251,FUNDO ESTADUAL DE ASSISTÊNCIA SOCIAL - FEAS,4,4,90,39,5,1,10780,8,244,71,2,74,2074,1,100000.00,100000.00,100000.00,0,APRIMORAMENTO DA REDE SOCIOASSISTENCIAL,FORTALECIMENTO DO SISTEMA ÚNICO DE ASSISTÊNCIA SOCIAL - SUAS
2025,1480,SECRETARIA DE ESTADO DE DESENVOLVIMENTO SOCIAL - SEDESE,3,0,4251,FUNDO ESTADUAL DE ASSISTÊNCIA SOCIAL - FEAS,4,4,90,39,6,1,10780,8,244,71,2,74,2074,1,2000.00,2000.00,2000.00,0,APRIMORAMENTO DA REDE SOCIOASSISTENCIAL,FORTALECIMENTO DO SISTEMA ÚNICO DE ASSISTÊNCIA SOCIAL - SUAS
2025,1480,SECRETARIA DE ESTADO DE DESENVOLVIMENTO SOCIAL - SEDESE,3,0,4251,FUNDO ESTADUAL DE ASSISTÊNCIA SOCIAL - FEAS,4,4,90,39,71,1,10780,8,244,71,2,74,2074,1,1000.00,1000.00,1000.00,0,APRIMORAMENTO DA REDE SOCIOASSISTENCIAL,FORTALECIMENTO DO SISTEMA ÚNICO DE ASSISTÊNCIA SOCIAL - SUAS
2025,1480,SECRETARIA DE ESTADO DE DESENVOLVIMENTO SOCIAL - SEDESE,3,0,4251,FUNDO ESTADUAL DE ASSISTÊNCIA SOCIAL - FEAS,4,4,99,99,10,8,10780,8,244,71,2,74,2074,1,600000.00,600000.00,2600000.00,0,APRIMORAMENTO DA REDE SOCIOASSISTENCIAL,FORTALECIMENTO DO SISTEMA ÚNICO DE ASSISTÊNCIA SOCIAL - SUAS
2025,1480,SECRETARIA DE ESTADO DE DESENVOLVIMENTO SOCIAL - SEDESE,3,0,4251,FUNDO ESTADUAL DE ASSISTÊNCIA SOCIAL - FEAS,3,3,40,41,56,1,10773,8,244,71,4,429,4429,1,1119600.00,1119600.00,1119600.00,0,PROTEÇÃO SOCIAL ESPECIAL DE MÉDIA COMPLEXIDADE,FORTALECIMENTO DO SISTEMA ÚNICO DE ASSISTÊNCIA SOCIAL - SUAS
2025,1480,SECRETARIA DE ESTADO DE DESENVOLVIMENTO SOCIAL - SEDESE,3,0,4251,FUNDO ESTADUAL DE ASSISTÊNCIA SOCIAL - FEAS,3,3,40,41,71,1,10773,8,244,71,4,429,4429,1,11448000.00,11448000.00,11448000.00,0,PROTEÇÃO SOCIAL ESPECIAL DE MÉDIA COMPLEXIDADE,FORTALECIMENTO DO SISTEMA ÚNICO DE ASSISTÊNCIA SOCIAL - SUAS
2025,1480,SECRETARIA DE ESTADO DE DESENVOLVIMENTO SOCIAL - SEDESE,3,0,4251,FUNDO ESTADUAL DE ASSISTÊNCIA SOCIAL - FEAS,3,3,90,14,56,1,10773,8,244,71,4,429,4429,1,5190.00,5190.00,5190.00,0,PROTEÇÃO SOCIAL ESPECIAL DE MÉDIA COMPLEXIDADE,FORTALECIMENTO DO SISTEMA ÚNICO DE ASSISTÊNCIA SOCIAL - SUAS
2025,1480,SECRETARIA DE ESTADO DE DESENVOLVIMENTO SOCIAL - SEDESE,3,0,4251,FUNDO ESTADUAL DE ASSISTÊNCIA SOCIAL - FEAS,3,3,90,30,56,1,10773,8,244,71,4,429,4429,1,27601.00,27601.00,27601.00,0,PROTEÇÃO SOCIAL ESPECIAL DE MÉDIA COMPLEXIDADE,FORTALECIMENTO DO SISTEMA ÚNICO DE ASSISTÊNCIA SOCIAL - SUAS
2025,1480,SECRETARIA DE ESTADO DE DESENVOLVIMENTO SOCIAL - SEDESE,3,0,4251,FUNDO ESTADUAL DE ASSISTÊNCIA SOCIAL - FEAS,3,3,90,33,56,1,10773,8,244,71,4,429,4429,1,20565.00,20565.00,20565.00,0,PROTEÇÃO SOCIAL ESPECIAL DE MÉDIA COMPLEXIDADE,FORTALECIMENTO DO SISTEMA ÚNICO DE ASSISTÊNCIA SOCIAL - SUAS
2025,1480,SECRETARIA DE ESTADO DE DESENVOLVIMENTO SOCIAL - SEDESE,3,0,4251,FUNDO ESTADUAL DE ASSISTÊNCIA SOCIAL - FEAS,3,3,90,36,71,1,10773,8,244,71,4,429,4429,1,168895.00,168895.00,168895.00,0,PROTEÇÃO SOCIAL ESPECIAL DE MÉDIA COMPLEXIDADE,FORTALECIMENTO DO SISTEMA ÚNICO DE ASSISTÊNCIA SOCIAL - SUAS
2025,1480,SECRETARIA DE ESTADO DE DESENVOLVIMENTO SOCIAL - SEDESE,3,0,4251,FUNDO ESTADUAL DE ASSISTÊNCIA SOCIAL - FEAS,3,3,90,37,56,1,10773,8,244,71,4,429,4429,1,601270.00,601270.00,601270.00,0,PROTEÇÃO SOCIAL ESPECIAL DE MÉDIA COMPLEXIDADE,FORTALECIMENTO DO SISTEMA ÚNICO DE ASSISTÊNCIA SOCIAL - SUAS
2025,1480,SECRETARIA DE ESTADO DE DESENVOLVIMENTO SOCIAL - SEDESE,3,0,4251,FUNDO ESTADUAL DE ASSISTÊNCIA SOCIAL - FEAS,3,3,90,37,71,1,10773,8,244,71,4,429,4429,1,3490611.00,3490611.00,3490611.00,0,PROTEÇÃO SOCIAL ESPECIAL DE MÉDIA COMPLEXIDADE,FORTALECIMENTO DO SISTEMA ÚNICO DE ASSISTÊNCIA SOCIAL - SUAS
2025,1480,SECRETARIA DE ESTADO DE DESENVOLVIMENTO SOCIAL - SEDESE,3,0,4251,FUNDO ESTADUAL DE ASSISTÊNCIA SOCIAL - FEAS,3,3,90,39,56,1,10773,8,244,71,4,429,4429,1,763563.00,763563.00,763563.00,0,PROTEÇÃO SOCIAL ESPECIAL DE MÉDIA COMPLEXIDADE,FORTALECIMENTO DO SISTEMA ÚNICO DE ASSISTÊNCIA SOCIAL - SUAS
2025,1480,SECRETARIA DE ESTADO DE DESENVOLVIMENTO SOCIAL - SEDESE,3,0,4251,FUNDO ESTADUAL DE ASSISTÊNCIA SOCIAL - FEAS,3,3,90,40,56,1,10773,8,244,71,4,429,4429,1,80120.00,80120.00,80120.00,0,PROTEÇÃO SOCIAL ESPECIAL DE MÉDIA COMPLEXIDADE,FORTALECIMENTO DO SISTEMA ÚNICO DE ASSISTÊNCIA SOCIAL - SUAS
2025,1480,SECRETARIA DE ESTADO DE DESENVOLVIMENTO SOCIAL - SEDESE,3,0,4251,FUNDO ESTADUAL DE ASSISTÊNCIA SOCIAL - FEAS,3,3,90,47,56,1,10773,8,244,71,4,429,4429,1,2712.00,2712.00,2712.00,0,PROTEÇÃO SOCIAL ESPECIAL DE MÉDIA COMPLEXIDADE,FORTALECIMENTO DO SISTEMA ÚNICO DE ASSISTÊNCIA SOCIAL - SUAS
2025,1480,SECRETARIA DE ESTADO DE DESENVOLVIMENTO SOCIAL - SEDESE,3,0,4251,FUNDO ESTADUAL DE ASSISTÊNCIA SOCIAL - FEAS,4,4,90,52,56,1,10773,8,244,71,4,429,4429,1,271743.00,271743.00,271743.00,0,PROTEÇÃO SOCIAL ESPECIAL DE MÉDIA COMPLEXIDADE,FORTALECIMENTO DO SISTEMA ÚNICO DE ASSISTÊNCIA SOCIAL - SUAS
2025,1480,SECRETARIA DE ESTADO DE DESENVOLVIMENTO SOCIAL - SEDESE,3,0,4251,FUNDO ESTADUAL DE ASSISTÊNCIA SOCIAL - FEAS,3,3,40,41,56,1,10774,8,244,71,4,430,4430,1,640000.00,640000.00,640000.00,0,PROTEÇÃO SOCIAL ESPECIAL DE ALTA COMPLEXIDADE,FORTALECIMENTO DO SISTEMA ÚNICO DE ASSISTÊNCIA SOCIAL - SUAS
2025,1480,SECRETARIA DE ESTADO DE DESENVOLVIMENTO SOCIAL - SEDESE,3,0,4251,FUNDO ESTADUAL DE ASSISTÊNCIA SOCIAL - FEAS,3,3,40,41,71,1,10774,8,244,71,4,430,4430,1,2880000.00,2880000.00,2880000.00,0,PROTEÇÃO SOCIAL ESPECIAL DE ALTA COMPLEXIDADE,FORTALECIMENTO DO SISTEMA ÚNICO DE ASSISTÊNCIA SOCIAL - SUAS
2025,1480,SECRETARIA DE ESTADO DE DESENVOLVIMENTO SOCIAL - SEDESE,3,0,4251,FUNDO ESTADUAL DE ASSISTÊNCIA SOCIAL - FEAS,3,3,50,43,71,1,10774,8,244,71,4,430,4430,1,9842172.00,9842172.00,9842172.00,0,PROTEÇÃO SOCIAL ESPECIAL DE ALTA COMPLEXIDADE,FORTALECIMENTO DO SISTEMA ÚNICO DE ASSISTÊNCIA SOCIAL - SUAS
2025,1480,SECRETARIA DE ESTADO DE DESENVOLVIMENTO SOCIAL - SEDESE,3,0,4251,FUNDO ESTADUAL DE ASSISTÊNCIA SOCIAL - FEAS,3,3,40,41,71,1,10775,8,244,71,4,431,4431,1,130783080.00,130783080.00,130783080.00,0,PISO MINEIRO DE ASSISTÊNCIA SOCIAL,FORTALECIMENTO DO SISTEMA ÚNICO DE ASSISTÊNCIA SOCIAL - SUAS
2025,1480,SECRETARIA DE ESTADO DE DESENVOLVIMENTO SOCIAL - SEDESE,3,0,4251,FUNDO ESTADUAL DE ASSISTÊNCIA SOCIAL - FEAS,3,3,90,14,56,1,10777,8,244,71,4,433,4433,1,184993.00,184993.00,184993.00,0,GESTÃO DA POLÍTICA ESTADUAL DE ASSISTÊNCIA SOCIAL,FORTALECIMENTO DO SISTEMA ÚNICO DE ASSISTÊNCIA SOCIAL - SUAS
2025,1480,SECRETARIA DE ESTADO DE DESENVOLVIMENTO SOCIAL - SEDESE,3,0,4251,FUNDO ESTADUAL DE ASSISTÊNCIA SOCIAL - FEAS,3,3,90,30,56,1,10777,8,244,71,4,433,4433,1,10000.00,10000.00,10000.00,0,GESTÃO DA POLÍTICA ESTADUAL DE ASSISTÊNCIA SOCIAL,FORTALECIMENTO DO SISTEMA ÚNICO DE ASSISTÊNCIA SOCIAL - SUAS
2025,1480,SECRETARIA DE ESTADO DE DESENVOLVIMENTO SOCIAL - SEDESE,3,0,4251,FUNDO ESTADUAL DE ASSISTÊNCIA SOCIAL - FEAS,3,3,90,33,56,1,10777,8,244,71,4,433,4433,1,331912.00,331912.00,331912.00,0,GESTÃO DA POLÍTICA ESTADUAL DE ASSISTÊNCIA SOCIAL,FORTALECIMENTO DO SISTEMA ÚNICO DE ASSISTÊNCIA SOCIAL - SUAS
2025,1480,SECRETARIA DE ESTADO DE DESENVOLVIMENTO SOCIAL - SEDESE,3,0,4251,FUNDO ESTADUAL DE ASSISTÊNCIA SOCIAL - FEAS,3,3,90,37,56,1,10777,8,244,71,4,433,4433,1,1424208.00,1424208.00,1424208.00,0,GESTÃO DA POLÍTICA ESTADUAL DE ASSISTÊNCIA SOCIAL,FORTALECIMENTO DO SISTEMA ÚNICO DE ASSISTÊNCIA SOCIAL - SUAS
2025,1480,SECRETARIA DE ESTADO DE DESENVOLVIMENTO SOCIAL - SEDESE,3,0,4251,FUNDO ESTADUAL DE ASSISTÊNCIA SOCIAL - FEAS,3,3,90,37,71,1,10777,8,244,71,4,433,4433,1,380736.00,380736.00,380736.00,0,GESTÃO DA POLÍTICA ESTADUAL DE ASSISTÊNCIA SOCIAL,FORTALECIMENTO DO SISTEMA ÚNICO DE ASSISTÊNCIA SOCIAL - SUAS
2025,1480,SECRETARIA DE ESTADO DE DESENVOLVIMENTO SOCIAL - SEDESE,3,0,4251,FUNDO ESTADUAL DE ASSISTÊNCIA SOCIAL - FEAS,3,3,90,39,56,1,10777,8,244,71,4,433,4433,1,404243.00,404243.00,404243.00,0,GESTÃO DA POLÍTICA ESTADUAL DE ASSISTÊNCIA SOCIAL,FORTALECIMENTO DO SISTEMA ÚNICO DE ASSISTÊNCIA SOCIAL - SUAS
2025,1480,SECRETARIA DE ESTADO DE DESENVOLVIMENTO SOCIAL - SEDESE,3,0,4251,FUNDO ESTADUAL DE ASSISTÊNCIA SOCIAL - FEAS,3,3,90,39,71,1,10777,8,244,71,4,433,4433,1,20000.00,20000.00,20000.00,0,GESTÃO DA POLÍTICA ESTADUAL DE ASSISTÊNCIA SOCIAL,FORTALECIMENTO DO SISTEMA ÚNICO DE ASSISTÊNCIA SOCIAL - SUAS
2025,1480,SECRETARIA DE ESTADO DE DESENVOLVIMENTO SOCIAL - SEDESE,3,0,4251,FUNDO ESTADUAL DE ASSISTÊNCIA SOCIAL - FEAS,3,3,90,40,56,1,10777,8,244,71,4,433,4433,1,19089.00,19089.00,19089.00,0,GESTÃO DA POLÍTICA ESTADUAL DE ASSISTÊNCIA SOCIAL,FORTALECIMENTO DO SISTEMA ÚNICO DE ASSISTÊNCIA SOCIAL - SUAS
2025,1480,SECRETARIA DE ESTADO DE DESENVOLVIMENTO SOCIAL - SEDESE,3,0,4251,FUNDO ESTADUAL DE ASSISTÊNCIA SOCIAL - FEAS,4,4,90,40,71,1,10777,8,244,71,4,433,4433,1,1923840.00,1923840.00,1923840.00,0,GESTÃO DA POLÍTICA ESTADUAL DE ASSISTÊNCIA SOCIAL,FORTALECIMENTO DO SISTEMA ÚNICO DE ASSISTÊNCIA SOCIAL - SUAS
2025,1480,SECRETARIA DE ESTADO DE DESENVOLVIMENTO SOCIAL - SEDESE,3,0,4251,FUNDO ESTADUAL DE ASSISTÊNCIA SOCIAL - FEAS,4,4,90,52,56,1,10777,8,244,71,4,433,4433,1,596784.00,596784.00,596784.00,0,GESTÃO DA POLÍTICA ESTADUAL DE ASSISTÊNCIA SOCIAL,FORTALECIMENTO DO SISTEMA ÚNICO DE ASSISTÊNCIA SOCIAL - SUAS
2025,1480,SECRETARIA DE ESTADO DE DESENVOLVIMENTO SOCIAL - SEDESE,3,0,4251,FUNDO ESTADUAL DE ASSISTÊNCIA SOCIAL - FEAS,3,3,90,14,56,1,10778,8,244,71,4,434,4434,1,23011.00,23011.00,23011.00,0,FORTALECIMENTO DO CONTROLE SOCIAL DO SUAS,FORTALECIMENTO DO SISTEMA ÚNICO DE ASSISTÊNCIA SOCIAL - SUAS
2025,1480,SECRETARIA DE ESTADO DE DESENVOLVIMENTO SOCIAL - SEDESE,3,0,4251,FUNDO ESTADUAL DE ASSISTÊNCIA SOCIAL - FEAS,3,3,90,14,71,1,10778,8,244,71,4,434,4434,1,292251.00,292251.00,292251.00,0,FORTALECIMENTO DO CONTROLE SOCIAL DO SUAS,FORTALECIMENTO DO SISTEMA ÚNICO DE ASSISTÊNCIA SOCIAL - SUAS
2025,1480,SECRETARIA DE ESTADO DE DESENVOLVIMENTO SOCIAL - SEDESE,3,0,4251,FUNDO ESTADUAL DE ASSISTÊNCIA SOCIAL - FEAS,3,3,90,30,71,1,10778,8,244,71,4,434,4434,1,20000.00,20000.00,20000.00,0,FORTALECIMENTO DO CONTROLE SOCIAL DO SUAS,FORTALECIMENTO DO SISTEMA ÚNICO DE ASSISTÊNCIA SOCIAL - SUAS
2025,1480,SECRETARIA DE ESTADO DE DESENVOLVIMENTO SOCIAL - SEDESE,3,0,4251,FUNDO ESTADUAL DE ASSISTÊNCIA SOCIAL - FEAS,3,3,90,33,71,1,10778,8,244,71,4,434,4434,1,845800.00,845800.00,845800.00,0,FORTALECIMENTO DO CONTROLE SOCIAL DO SUAS,FORTALECIMENTO DO SISTEMA ÚNICO DE ASSISTÊNCIA SOCIAL - SUAS
2025,1480,SECRETARIA DE ESTADO DE DESENVOLVIMENTO SOCIAL - SEDESE,3,0,4251,FUNDO ESTADUAL DE ASSISTÊNCIA SOCIAL - FEAS,3,3,90,36,71,1,10778,8,244,71,4,434,4434,1,543226.00,543226.00,543226.00,0,FORTALECIMENTO DO CONTROLE SOCIAL DO SUAS,FORTALECIMENTO DO SISTEMA ÚNICO DE ASSISTÊNCIA SOCIAL - SUAS
2025,1480,SECRETARIA DE ESTADO DE DESENVOLVIMENTO SOCIAL - SEDESE,3,0,4251,FUNDO ESTADUAL DE ASSISTÊNCIA SOCIAL - FEAS,3,3,90,37,56,1,10778,8,244,71,4,434,4434,1,294294.00,294294.00,294294.00,0,FORTALECIMENTO DO CONTROLE SOCIAL DO SUAS,FORTALECIMENTO DO SISTEMA ÚNICO DE ASSISTÊNCIA SOCIAL - SUAS
2025,1480,SECRETARIA DE ESTADO DE DESENVOLVIMENTO SOCIAL - SEDESE,3,0,4251,FUNDO ESTADUAL DE ASSISTÊNCIA SOCIAL - FEAS,3,3,90,37,71,1,10778,8,244,71,4,434,4434,1,122890.00,122890.00,122890.00,0,FORTALECIMENTO DO CONTROLE SOCIAL DO SUAS,FORTALECIMENTO DO SISTEMA ÚNICO DE ASSISTÊNCIA SOCIAL - SUAS
2025,1480,SECRETARIA DE ESTADO DE DESENVOLVIMENTO SOCIAL - SEDESE,3,0,4251,FUNDO ESTADUAL DE ASSISTÊNCIA SOCIAL - FEAS,3,3,90,39,56,1,10778,8,244,71,4,434,4434,1,39938.00,39938.00,39938.00,0,FORTALECIMENTO DO CONTROLE SOCIAL DO SUAS,FORTALECIMENTO DO SISTEMA ÚNICO DE ASSISTÊNCIA SOCIAL - SUAS
2025,1480,SECRETARIA DE ESTADO DE DESENVOLVIMENTO SOCIAL - SEDESE,3,0,4251,FUNDO ESTADUAL DE ASSISTÊNCIA SOCIAL - FEAS,3,3,90,39,71,1,10778,8,244,71,4,434,4434,1,5351336.00,5351336.00,5351336.00,0,FORTALECIMENTO DO CONTROLE SOCIAL DO SUAS,FORTALECIMENTO DO SISTEMA ÚNICO DE ASSISTÊNCIA SOCIAL - SUAS
2025,1480,SECRETARIA DE ESTADO DE DESENVOLVIMENTO SOCIAL - SEDESE,3,0,4251,FUNDO ESTADUAL DE ASSISTÊNCIA SOCIAL - FEAS,3,3,90,14,56,1,10779,8,244,71,4,435,4435,1,434641.00,434641.00,434641.00,0,EDUCAÇÃO PERMANENTE DO SUAS,FORTALECIMENTO DO SISTEMA ÚNICO DE ASSISTÊNCIA SOCIAL - SUAS
2025,1480,SECRETARIA DE ESTADO DE DESENVOLVIMENTO SOCIAL - SEDESE,3,0,4251,FUNDO ESTADUAL DE ASSISTÊNCIA SOCIAL - FEAS,3,3,90,33,56,1,10779,8,244,71,4,435,4435,1,728941.00,728941.00,728941.00,0,EDUCAÇÃO PERMANENTE DO SUAS,FORTALECIMENTO DO SISTEMA ÚNICO DE ASSISTÊNCIA SOCIAL - SUAS
2025,1480,SECRETARIA DE ESTADO DE DESENVOLVIMENTO SOCIAL - SEDESE,3,0,4251,FUNDO ESTADUAL DE ASSISTÊNCIA SOCIAL - FEAS,3,3,90,39,56,1,10779,8,244,71,4,435,4435,1,830168.00,830168.00,830168.00,0,EDUCAÇÃO PERMANENTE DO SUAS,FORTALECIMENTO DO SISTEMA ÚNICO DE ASSISTÊNCIA SOCIAL - SUAS
2025,1480,SECRETARIA DE ESTADO DE DESENVOLVIMENTO SOCIAL - SEDESE,3,0,4251,FUNDO ESTADUAL DE ASSISTÊNCIA SOCIAL - FEAS,3,3,90,39,71,1,10779,8,244,71,4,435,4435,1,1000000.00,1000000.00,1000000.00,0,EDUCAÇÃO PERMANENTE DO SUAS,FORTALECIMENTO DO SISTEMA ÚNICO DE ASSISTÊNCIA SOCIAL - SUAS
2025,1480,SECRETARIA DE ESTADO DE DESENVOLVIMENTO SOCIAL - SEDESE,3,0,4251,FUNDO ESTADUAL DE ASSISTÊNCIA SOCIAL - FEAS,3,3,90,39,71,1,10975,8,244,83,1,96,1096,1,1000.00,1000.00,1000.00,0,APROXIMAÇÃO SUAS,POLÍTICAS DE PROMOÇÃO AO DESENVOLVIMENTO SOCIAL NO CONTEXTO RURAL - PERCURSOS GERAIS: TRAJETÓRIA PARA AUTONOMIA
2025,1480,SECRETARIA DE ESTADO DE DESENVOLVIMENTO SOCIAL - SEDESE,3,0,4421,FUNDO ESTADUAL DE DEFESA DE DIREITOS DIFUSOS - FUNDIF,3,3,50,43,39,1,10444,14,422,70,4,179,4179,1,465300.00,465300.00,465300.00,0,PROJETOS ESPECIAIS DE RECUPERAÇÃO DE DANOS AOS DIREITOS DIFUSOS,POLÍTICAS DE DIREITOS HUMANOS
2025,1480,SECRETARIA DE ESTADO DE DESENVOLVIMENTO SOCIAL - SEDESE,3,0,4421,FUNDO ESTADUAL DE DEFESA DE DIREITOS DIFUSOS - FUNDIF,4,4,50,42,39,1,10444,14,422,70,4,179,4179,1,4187700.00,4187700.00,4187700.00,0,PROJETOS ESPECIAIS DE RECUPERAÇÃO DE DANOS AOS DIREITOS DIFUSOS,POLÍTICAS DE DIREITOS HUMANOS
2025,1480,SECRETARIA DE ESTADO DE DESENVOLVIMENTO SOCIAL - SEDESE,3,0,4601,FUNDO ESTADUAL DOS DIREITOS DO IDOSO - FEI,3,3,50,43,45,1,10445,14,241,70,4,180,4180,1,6330000.00,6330000.00,6330000.00,0,PROJETOS ESPECIAIS DE PROMOÇÃO E PROTEÇÃO DOS DIREITOS DE PESSOAS IDOSAS,POLÍTICAS DE DIREITOS HUMANOS
2025,1480,SECRETARIA DE ESTADO DE DESENVOLVIMENTO SOCIAL - SEDESE,3,0,4701,FUNDO ESTADUAL DO TRABALHO DE MINAS GERAIS - FET-MG,3,3,90,14,57,1,10417,11,334,66,4,152,4152,1,90300.00,90300.00,90300.00,0,FOMENTO ÀS UNIDADES DE ATENDIMENTO AO TRABALHADOR,POLÍTICAS DE TRABALHO E EMPREGO
2025,1480,SECRETARIA DE ESTADO DE DESENVOLVIMENTO SOCIAL - SEDESE,3,0,4701,FUNDO ESTADUAL DO TRABALHO DE MINAS GERAIS - FET-MG,3,3,90,33,57,1,10417,11,334,66,4,152,4152,1,19300.00,19300.00,19300.00,0,FOMENTO ÀS UNIDADES DE ATENDIMENTO AO TRABALHADOR,POLÍTICAS DE TRABALHO E EMPREGO
2025,1480,SECRETARIA DE ESTADO DE DESENVOLVIMENTO SOCIAL - SEDESE,3,0,4701,FUNDO ESTADUAL DO TRABALHO DE MINAS GERAIS - FET-MG,3,3,90,39,57,1,10417,11,334,66,4,152,4152,1,6380302.00,6380302.00,6380302.00,0,FOMENTO ÀS UNIDADES DE ATENDIMENTO AO TRABALHADOR,POLÍTICAS DE TRABALHO E EMPREGO
2025,1480,SECRETARIA DE ESTADO DE DESENVOLVIMENTO SOCIAL - SEDESE,3,0,4701,FUNDO ESTADUAL DO TRABALHO DE MINAS GERAIS - FET-MG,3,3,90,40,57,1,10417,11,334,66,4,152,4152,1,170000.00,170000.00,170000.00,0,FOMENTO ÀS UNIDADES DE ATENDIMENTO AO TRABALHADOR,POLÍTICAS DE TRABALHO E EMPREGO
2025,1480,SECRETARIA DE ESTADO DE DESENVOLVIMENTO SOCIAL - SEDESE,3,0,4701,FUNDO ESTADUAL DO TRABALHO DE MINAS GERAIS - FET-MG,4,4,90,52,57,1,10417,11,334,66,4,152,4152,1,2530048.00,2530048.00,2530048.00,0,FOMENTO ÀS UNIDADES DE ATENDIMENTO AO TRABALHADOR,POLÍTICAS DE TRABALHO E EMPREGO
2025,1480,SECRETARIA DE ESTADO DE DESENVOLVIMENTO SOCIAL - SEDESE,3,0,4701,FUNDO ESTADUAL DO TRABALHO DE MINAS GERAIS - FET-MG,3,3,90,39,10,3,10424,12,363,67,4,159,4159,1,2720802.00,2720802.00,2720802.00,1,FORMAÇÃO E ORIENTAÇÃO PARA A INSERÇÃO DO TRABALHADOR NO MERCADO DE TRABALHO,REDE DE DESENVOLVIMENTO DA EDUCAÇÃO PROFISSIONAL
2025,1480,SECRETARIA DE ESTADO DE DESENVOLVIMENTO SOCIAL - SEDESE,3,0,4701,FUNDO ESTADUAL DO TRABALHO DE MINAS GERAIS - FET-MG,3,3,90,39,57,1,10424,12,363,67,4,159,4159,1,6295828.00,6295828.00,6295828.00,1,FORMAÇÃO E ORIENTAÇÃO PARA A INSERÇÃO DO TRABALHADOR NO MERCADO DE TRABALHO,REDE DE DESENVOLVIMENTO DA EDUCAÇÃO PROFISSIONAL
2025,1490,SECRETARIA DE ESTADO DE GOVERNO - SEGOV,3,0,1491,SECRETARIA DE ESTADO DE GOVERNO - SEGOV,3,3,90,14,10,1,10581,4,122,115,2,42,2042,1,3648.00,3648.00,3648.00,0,ACOMPANHAMENTO DO PROCESSO LEGISLATIVO,GESTÃO DO PROCESSO LEGISLATIVO ESTADUAL SOB A RESPONSABILIDADE DO PODER EXECUTIVO
2025,1490,SECRETARIA DE ESTADO DE GOVERNO - SEGOV,3,0,1491,SECRETARIA DE ESTADO DE GOVERNO - SEGOV,3,3,90,33,10,1,10581,4,122,115,2,42,2042,1,5400.00,5400.00,5400.00,0,ACOMPANHAMENTO DO PROCESSO LEGISLATIVO,GESTÃO DO PROCESSO LEGISLATIVO ESTADUAL SOB A RESPONSABILIDADE DO PODER EXECUTIVO
2025,1490,SECRETARIA DE ESTADO DE GOVERNO - SEGOV,3,0,1491,SECRETARIA DE ESTADO DE GOVERNO - SEGOV,3,3,90,37,10,1,10581,4,122,115,2,42,2042,1,360356.00,360356.00,360356.00,0,ACOMPANHAMENTO DO PROCESSO LEGISLATIVO,GESTÃO DO PROCESSO LEGISLATIVO ESTADUAL SOB A RESPONSABILIDADE DO PODER EXECUTIVO
2025,1490,SECRETARIA DE ESTADO DE GOVERNO - SEGOV,3,0,1491,SECRETARIA DE ESTADO DE GOVERNO - SEGOV,3,3,90,14,10,1,10588,4,122,119,2,43,2043,1,84000.00,84000.00,84000.00,0,FISCALIZAÇÃO DOS INSTRUMENTOS DE REPASSES DE RECURSOS NO ÂMBITO DO PROGRAMA DE APOIO AO DESENVOLVIMENTO MUNICIPAL,APOIO AO DESENVOLVIMENTO MUNICIPAL E À COORDENAÇÃO DAS TRANSFERÊNCIAS ESTADUAIS DE RECURSOS FINANCEIROS
2025,1490,SECRETARIA DE ESTADO DE GOVERNO - SEGOV,3,0,1491,SECRETARIA DE ESTADO DE GOVERNO - SEGOV,3,3,90,30,10,1,10588,4,122,119,2,43,2043,1,128660.00,128660.00,128660.00,0,FISCALIZAÇÃO DOS INSTRUMENTOS DE REPASSES DE RECURSOS NO ÂMBITO DO PROGRAMA DE APOIO AO DESENVOLVIMENTO MUNICIPAL,APOIO AO DESENVOLVIMENTO MUNICIPAL E À COORDENAÇÃO DAS TRANSFERÊNCIAS ESTADUAIS DE RECURSOS FINANCEIROS
2025,1490,SECRETARIA DE ESTADO DE GOVERNO - SEGOV,3,0,1491,SECRETARIA DE ESTADO DE GOVERNO - SEGOV,3,3,90,36,10,1,10588,4,122,119,2,43,2043,1,2200.00,2200.00,2200.00,0,FISCALIZAÇÃO DOS INSTRUMENTOS DE REPASSES DE RECURSOS NO ÂMBITO DO PROGRAMA DE APOIO AO DESENVOLVIMENTO MUNICIPAL,APOIO AO DESENVOLVIMENTO MUNICIPAL E À COORDENAÇÃO DAS TRANSFERÊNCIAS ESTADUAIS DE RECURSOS FINANCEIROS
2025,1490,SECRETARIA DE ESTADO DE GOVERNO - SEGOV,3,0,1491,SECRETARIA DE ESTADO DE GOVERNO - SEGOV,3,3,90,37,10,1,10588,4,122,119,2,43,2043,1,927810.00,927810.00,927810.00,0,FISCALIZAÇÃO DOS INSTRUMENTOS DE REPASSES DE RECURSOS NO ÂMBITO DO PROGRAMA DE APOIO AO DESENVOLVIMENTO MUNICIPAL,APOIO AO DESENVOLVIMENTO MUNICIPAL E À COORDENAÇÃO DAS TRANSFERÊNCIAS ESTADUAIS DE RECURSOS FINANCEIROS
2025,1490,SECRETARIA DE ESTADO DE GOVERNO - SEGOV,3,0,1491,SECRETARIA DE ESTADO DE GOVERNO - SEGOV,3,3,90,39,10,1,10588,4,122,119,2,43,2043,1,101075.00,101075.00,101075.00,0,FISCALIZAÇÃO DOS INSTRUMENTOS DE REPASSES DE RECURSOS NO ÂMBITO DO PROGRAMA DE APOIO AO DESENVOLVIMENTO MUNICIPAL,APOIO AO DESENVOLVIMENTO MUNICIPAL E À COORDENAÇÃO DAS TRANSFERÊNCIAS ESTADUAIS DE RECURSOS FINANCEIROS
2025,1490,SECRETARIA DE ESTADO DE GOVERNO - SEGOV,3,0,1491,SECRETARIA DE ESTADO DE GOVERNO - SEGOV,3,3,90,37,10,1,10591,4,122,119,2,45,2045,1,2886773.00,2886773.00,2886773.00,0,EXECUÇÃO DO PROGRAMA DE APOIO AO DESENVOLVIMENTO MUNICIPAL - PADEM,APOIO AO DESENVOLVIMENTO MUNICIPAL E À COORDENAÇÃO DAS TRANSFERÊNCIAS ESTADUAIS DE RECURSOS FINANCEIROS
2025,1490,SECRETARIA DE ESTADO DE GOVERNO - SEGOV,3,0,1491,SECRETARIA DE ESTADO DE GOVERNO - SEGOV,3,3,90,39,10,1,10591,4,122,119,2,45,2045,1,92109.00,92109.00,92109.00,0,EXECUÇÃO DO PROGRAMA DE APOIO AO DESENVOLVIMENTO MUNICIPAL - PADEM,APOIO AO DESENVOLVIMENTO MUNICIPAL E À COORDENAÇÃO DAS TRANSFERÊNCIAS ESTADUAIS DE RECURSOS FINANCEIROS
2025,1490,SECRETARIA DE ESTADO DE GOVERNO - SEGOV,3,0,1491,SECRETARIA DE ESTADO DE GOVERNO - SEGOV,3,3,90,40,10,1,10591,4,122,119,2,45,2045,1,900.00,900.00,900.00,0,EXECUÇÃO DO PROGRAMA DE APOIO AO DESENVOLVIMENTO MUNICIPAL - PADEM,APOIO AO DESENVOLVIMENTO MUNICIPAL E À COORDENAÇÃO DAS TRANSFERÊNCIAS ESTADUAIS DE RECURSOS FINANCEIROS
2025,1490,SECRETARIA DE ESTADO DE GOVERNO - SEGOV,3,0,1491,SECRETARIA DE ESTADO DE GOVERNO - SEGOV,3,3,90,93,10,1,10591,4,122,119,2,45,2045,1,180000.00,180000.00,180000.00,0,EXECUÇÃO DO PROGRAMA DE APOIO AO DESENVOLVIMENTO MUNICIPAL - PADEM,APOIO AO DESENVOLVIMENTO MUNICIPAL E À COORDENAÇÃO DAS TRANSFERÊNCIAS ESTADUAIS DE RECURSOS FINANCEIROS
2025,1490,SECRETARIA DE ESTADO DE GOVERNO - SEGOV,3,0,1491,SECRETARIA DE ESTADO DE GOVERNO - SEGOV,4,4,40,42,15,1,10591,4,122,119,2,45,2045,1,350000000.00,334965000.00,334965000.00,0,EXECUÇÃO DO PROGRAMA DE APOIO AO DESENVOLVIMENTO MUNICIPAL - PADEM,APOIO AO DESENVOLVIMENTO MUNICIPAL E À COORDENAÇÃO DAS TRANSFERÊNCIAS ESTADUAIS DE RECURSOS FINANCEIROS
2025,1490,SECRETARIA DE ESTADO DE GOVERNO - SEGOV,3,0,1491,SECRETARIA DE ESTADO DE GOVERNO - SEGOV,4,4,99,99,10,4,10591,4,122,119,2,45,2045,1,1050000.00,1050000.00,2490000.00,0,EXECUÇÃO DO PROGRAMA DE APOIO AO DESENVOLVIMENTO MUNICIPAL - PADEM,APOIO AO DESENVOLVIMENTO MUNICIPAL E À COORDENAÇÃO DAS TRANSFERÊNCIAS ESTADUAIS DE RECURSOS FINANCEIROS
2025,1490,SECRETARIA DE ESTADO DE GOVERNO - SEGOV,3,0,1491,SECRETARIA DE ESTADO DE GOVERNO - SEGOV,4,4,99,99,10,8,10591,4,122,119,2,45,2045,1,1000000.00,1000000.00,70838700.00,0,EXECUÇÃO DO PROGRAMA DE APOIO AO DESENVOLVIMENTO MUNICIPAL - PADEM,APOIO AO DESENVOLVIMENTO MUNICIPAL E À COORDENAÇÃO DAS TRANSFERÊNCIAS ESTADUAIS DE RECURSOS FINANCEIROS
2025,1490,SECRETARIA DE ESTADO DE GOVERNO - SEGOV,3,0,1491,SECRETARIA DE ESTADO DE GOVERNO - SEGOV,3,3,90,39,10,1,10601,4,122,119,2,48,2048,1,1000.00,1000.00,1000.00,1,TRANSFERÊNCIAS ESPECIAIS,APOIO AO DESENVOLVIMENTO MUNICIPAL E À COORDENAÇÃO DAS TRANSFERÊNCIAS ESTADUAIS DE RECURSOS FINANCEIROS
2025,1490,SECRETARIA DE ESTADO DE GOVERNO - SEGOV,3,0,1491,SECRETARIA DE ESTADO DE GOVERNO - SEGOV,3,3,99,99,10,8,10601,4,122,119,2,48,2048,1,53052937.00,53052937.00,53052937.00,1,TRANSFERÊNCIAS ESPECIAIS,APOIO AO DESENVOLVIMENTO MUNICIPAL E À COORDENAÇÃO DAS TRANSFERÊNCIAS ESTADUAIS DE RECURSOS FINANCEIROS
2025,1490,SECRETARIA DE ESTADO DE GOVERNO - SEGOV,3,0,1491,SECRETARIA DE ESTADO DE GOVERNO - SEGOV,4,4,99,99,10,8,10601,4,122,119,2,48,2048,1,549865444.00,549865444.00,549865444.00,1,TRANSFERÊNCIAS ESPECIAIS,APOIO AO DESENVOLVIMENTO MUNICIPAL E À COORDENAÇÃO DAS TRANSFERÊNCIAS ESTADUAIS DE RECURSOS FINANCEIROS
2025,1490,SECRETARIA DE ESTADO DE GOVERNO - SEGOV,3,0,1491,SECRETARIA DE ESTADO DE GOVERNO - SEGOV,3,3,90,37,10,1,10590,4,122,120,2,44,2044,1,1112915.00,1112915.00,1112915.00,0,"PRODUÇÃO, MODERNIZAÇÃO E AMPLIAÇÃO DO ACESSO AO ACERVO DO DOMG-E",PRODUÇÃO E VEICULAÇÃO DO DIÁRIO OFICIAL ELETRÔNICO MINAS GERAIS
2025,1490,SECRETARIA DE ESTADO DE GOVERNO - SEGOV,3,0,1491,SECRETARIA DE ESTADO DE GOVERNO - SEGOV,3,3,90,39,10,1,10590,4,122,120,2,44,2044,1,60000.00,60000.00,60000.00,0,"PRODUÇÃO, MODERNIZAÇÃO E AMPLIAÇÃO DO ACESSO AO ACERVO DO DOMG-E",PRODUÇÃO E VEICULAÇÃO DO DIÁRIO OFICIAL ELETRÔNICO MINAS GERAIS
2025,1490,SECRETARIA DE ESTADO DE GOVERNO - SEGOV,3,0,1491,SECRETARIA DE ESTADO DE GOVERNO - SEGOV,3,3,90,40,10,1,10590,4,122,120,2,44,2044,1,62150.00,62150.00,62150.00,0,"PRODUÇÃO, MODERNIZAÇÃO E AMPLIAÇÃO DO ACESSO AO ACERVO DO DOMG-E",PRODUÇÃO E VEICULAÇÃO DO DIÁRIO OFICIAL ELETRÔNICO MINAS GERAIS
2025,1490,SECRETARIA DE ESTADO DE GOVERNO - SEGOV,3,0,1491,SECRETARIA DE ESTADO DE GOVERNO - SEGOV,3,3,90,37,10,1,10606,4,122,122,2,50,2050,1,969878.00,969878.00,969878.00,0,"GESTÃO, OTIMIZAÇÃO E MANUTENÇÃO DOS REGULAMENTOS E SISTEMAS DE COORDENAÇÃO E OPERACIONALIZAÇÃO DAS TRANSFERÊNCIAS DE RECURSOS PARA PARCEIROS ESTADUAIS",FORTALECIMENTO DA GESTÃO DAS TRANSFERÊNCIAS ESTADUAIS
2025,1490,SECRETARIA DE ESTADO DE GOVERNO - SEGOV,3,0,1491,SECRETARIA DE ESTADO DE GOVERNO - SEGOV,3,3,90,39,10,1,10606,4,122,122,2,50,2050,1,18422.00,18422.00,18422.00,0,"GESTÃO, OTIMIZAÇÃO E MANUTENÇÃO DOS REGULAMENTOS E SISTEMAS DE COORDENAÇÃO E OPERACIONALIZAÇÃO DAS TRANSFERÊNCIAS DE RECURSOS PARA PARCEIROS ESTADUAIS",FORTALECIMENTO DA GESTÃO DAS TRANSFERÊNCIAS ESTADUAIS
2025,1490,SECRETARIA DE ESTADO DE GOVERNO - SEGOV,3,0,1491,SECRETARIA DE ESTADO DE GOVERNO - SEGOV,3,3,90,40,10,1,10606,4,122,122,2,50,2050,1,1242379.00,1242379.00,1242379.00,0,"GESTÃO, OTIMIZAÇÃO E MANUTENÇÃO DOS REGULAMENTOS E SISTEMAS DE COORDENAÇÃO E OPERACIONALIZAÇÃO DAS TRANSFERÊNCIAS DE RECURSOS PARA PARCEIROS ESTADUAIS",FORTALECIMENTO DA GESTÃO DAS TRANSFERÊNCIAS ESTADUAIS
2025,1490,SECRETARIA DE ESTADO DE GOVERNO - SEGOV,3,0,1491,SECRETARIA DE ESTADO DE GOVERNO - SEGOV,4,4,90,40,10,1,10606,4,122,122,2,50,2050,1,5697051.00,5697051.00,5697051.00,0,"GESTÃO, OTIMIZAÇÃO E MANUTENÇÃO DOS REGULAMENTOS E SISTEMAS DE COORDENAÇÃO E OPERACIONALIZAÇÃO DAS TRANSFERÊNCIAS DE RECURSOS PARA PARCEIROS ESTADUAIS",FORTALECIMENTO DA GESTÃO DAS TRANSFERÊNCIAS ESTADUAIS
2025,1490,SECRETARIA DE ESTADO DE GOVERNO - SEGOV,3,0,1491,SECRETARIA DE ESTADO DE GOVERNO - SEGOV,3,3,90,36,10,1,10607,4,122,122,2,51,2051,1,2400.00,2400.00,2400.00,0,GESTÃO E OPERACIONALIZAÇÃO DE EMENDAS PARLAMENTARES ESTADUAIS,FORTALECIMENTO DA GESTÃO DAS TRANSFERÊNCIAS ESTADUAIS
2025,1490,SECRETARIA DE ESTADO DE GOVERNO - SEGOV,3,0,1491,SECRETARIA DE ESTADO DE GOVERNO - SEGOV,3,3,90,37,10,1,10607,4,122,122,2,51,2051,1,159964.00,159964.00,159964.00,0,GESTÃO E OPERACIONALIZAÇÃO DE EMENDAS PARLAMENTARES ESTADUAIS,FORTALECIMENTO DA GESTÃO DAS TRANSFERÊNCIAS ESTADUAIS
2025,1490,SECRETARIA DE ESTADO DE GOVERNO - SEGOV,3,0,1491,SECRETARIA DE ESTADO DE GOVERNO - SEGOV,3,3,90,39,10,1,10607,4,122,122,2,51,2051,1,36844.00,36844.00,36844.00,0,GESTÃO E OPERACIONALIZAÇÃO DE EMENDAS PARLAMENTARES ESTADUAIS,FORTALECIMENTO DA GESTÃO DAS TRANSFERÊNCIAS ESTADUAIS
2025,1490,SECRETARIA DE ESTADO DE GOVERNO - SEGOV,3,0,1491,SECRETARIA DE ESTADO DE GOVERNO - SEGOV,3,3,90,40,10,1,10607,4,122,122,2,51,2051,1,1746592.00,1746592.00,1746592.00,0,GESTÃO E OPERACIONALIZAÇÃO DE EMENDAS PARLAMENTARES ESTADUAIS,FORTALECIMENTO DA GESTÃO DAS TRANSFERÊNCIAS ESTADUAIS
2025,1490,SECRETARIA DE ESTADO DE GOVERNO - SEGOV,3,0,1491,SECRETARIA DE ESTADO DE GOVERNO - SEGOV,4,4,90,40,10,1,10607,4,122,122,2,51,2051,1,2171007.00,2171007.00,2171007.00,0,GESTÃO E OPERACIONALIZAÇÃO DE EMENDAS PARLAMENTARES ESTADUAIS,FORTALECIMENTO DA GESTÃO DAS TRANSFERÊNCIAS ESTADUAIS
2025,1490,SECRETARIA DE ESTADO DE GOVERNO - SEGOV,3,0,1491,SECRETARIA DE ESTADO DE GOVERNO - SEGOV,3,3,90,99,10,1,11029,4,122,122,2,138,2138,1,1252436368.00,1253257625.00,63.00,0,RESERVA PARA ATENDIMENTO DAS EMENDAS PARLAMENTARES INDIVIDUAIS E DE BLOCOS E BANCADAS,FORTALECIMENTO DA GESTÃO DAS TRANSFERÊNCIAS ESTADUAIS
2025,1490,SECRETARIA DE ESTADO DE GOVERNO - SEGOV,3,0,1491,SECRETARIA DE ESTADO DE GOVERNO - SEGOV,3,1,90,11,10,1,11053,4,122,705,2,417,2417,1,34726807.00,34726807.00,34726807.00,0,REMUNERAÇÃO DE PESSOAL ATIVO E ENCARGOS SOCIAIS,APOIO ÀS POLÍTICAS PÚBLICAS
2025,1490,SECRETARIA DE ESTADO DE GOVERNO - SEGOV,3,0,1491,SECRETARIA DE ESTADO DE GOVERNO - SEGOV,3,1,90,13,10,1,11053,4,122,705,2,417,2417,1,3725000.00,3725000.00,3725000.00,0,REMUNERAÇÃO DE PESSOAL ATIVO E ENCARGOS SOCIAIS,APOIO ÀS POLÍTICAS PÚBLICAS
2025,1490,SECRETARIA DE ESTADO DE GOVERNO - SEGOV,3,0,1491,SECRETARIA DE ESTADO DE GOVERNO - SEGOV,3,1,91,13,10,1,11053,4,122,705,2,417,2417,1,7535277.00,7535277.00,7535277.00,0,REMUNERAÇÃO DE PESSOAL ATIVO E ENCARGOS SOCIAIS,APOIO ÀS POLÍTICAS PÚBLICAS
2025,1490,SECRETARIA DE ESTADO DE GOVERNO - SEGOV,3,0,1491,SECRETARIA DE ESTADO DE GOVERNO - SEGOV,3,3,90,46,10,7,11053,4,122,705,2,417,2417,1,5133115.00,5133115.00,5133115.00,0,REMUNERAÇÃO DE PESSOAL ATIVO E ENCARGOS SOCIAIS,APOIO ÀS POLÍTICAS PÚBLICAS
2025,1490,SECRETARIA DE ESTADO DE GOVERNO - SEGOV,3,0,1491,SECRETARIA DE ESTADO DE GOVERNO - SEGOV,3,3,90,49,10,7,11053,4,122,705,2,417,2417,1,104871.00,104871.00,104871.00,0,REMUNERAÇÃO DE PESSOAL ATIVO E ENCARGOS SOCIAIS,APOIO ÀS POLÍTICAS PÚBLICAS
2025,1490,SECRETARIA DE ESTADO DE GOVERNO - SEGOV,3,0,1491,SECRETARIA DE ESTADO DE GOVERNO - SEGOV,3,3,90,14,10,1,9197,4,122,705,2,500,2500,1,126000.00,126000.00,126000.00,0,ASSESSORAMENTO E GERENCIAMENTO DE POLÍTICAS PÚBLICAS,APOIO ÀS POLÍTICAS PÚBLICAS
2025,1490,SECRETARIA DE ESTADO DE GOVERNO - SEGOV,3,0,1491,SECRETARIA DE ESTADO DE GOVERNO - SEGOV,3,3,90,30,10,1,9197,4,122,705,2,500,2500,1,174340.00,174340.00,174340.00,0,ASSESSORAMENTO E GERENCIAMENTO DE POLÍTICAS PÚBLICAS,APOIO ÀS POLÍTICAS PÚBLICAS
2025,1490,SECRETARIA DE ESTADO DE GOVERNO - SEGOV,3,0,1491,SECRETARIA DE ESTADO DE GOVERNO - SEGOV,3,3,90,33,10,1,9197,4,122,705,2,500,2500,1,267600.00,267600.00,267600.00,0,ASSESSORAMENTO E GERENCIAMENTO DE POLÍTICAS PÚBLICAS,APOIO ÀS POLÍTICAS PÚBLICAS
2025,1490,SECRETARIA DE ESTADO DE GOVERNO - SEGOV,3,0,1491,SECRETARIA DE ESTADO DE GOVERNO - SEGOV,3,3,90,36,10,1,9197,4,122,705,2,500,2500,1,36000.00,36000.00,36000.00,0,ASSESSORAMENTO E GERENCIAMENTO DE POLÍTICAS PÚBLICAS,APOIO ÀS POLÍTICAS PÚBLICAS
2025,1490,SECRETARIA DE ESTADO DE GOVERNO - SEGOV,3,0,1491,SECRETARIA DE ESTADO DE GOVERNO - SEGOV,3,3,90,37,10,1,9197,4,122,705,2,500,2500,1,8259621.00,8259621.00,8259621.00,0,ASSESSORAMENTO E GERENCIAMENTO DE POLÍTICAS PÚBLICAS,APOIO ÀS POLÍTICAS PÚBLICAS
2025,1490,SECRETARIA DE ESTADO DE GOVERNO - SEGOV,3,0,1491,SECRETARIA DE ESTADO DE GOVERNO - SEGOV,3,3,90,39,10,1,9197,4,122,705,2,500,2500,1,819824.00,819824.00,819824.00,0,ASSESSORAMENTO E GERENCIAMENTO DE POLÍTICAS PÚBLICAS,APOIO ÀS POLÍTICAS PÚBLICAS
2025,1490,SECRETARIA DE ESTADO DE GOVERNO - SEGOV,3,0,1491,SECRETARIA DE ESTADO DE GOVERNO - SEGOV,3,3,90,40,10,1,9197,4,122,705,2,500,2500,1,1112050.00,1112050.00,1112050.00,0,ASSESSORAMENTO E GERENCIAMENTO DE POLÍTICAS PÚBLICAS,APOIO ÀS POLÍTICAS PÚBLICAS
2025,1490,SECRETARIA DE ESTADO DE GOVERNO - SEGOV,3,0,1491,SECRETARIA DE ESTADO DE GOVERNO - SEGOV,4,4,90,40,10,1,9197,4,122,705,2,500,2500,1,1200000.00,1200000.00,1200000.00,0,ASSESSORAMENTO E GERENCIAMENTO DE POLÍTICAS PÚBLICAS,APOIO ÀS POLÍTICAS PÚBLICAS
2025,1490,SECRETARIA DE ESTADO DE GOVERNO - SEGOV,3,0,1491,SECRETARIA DE ESTADO DE GOVERNO - SEGOV,4,4,99,99,10,8,9197,4,122,705,2,500,2500,1,1500000.00,1500000.00,1500000.00,0,ASSESSORAMENTO E GERENCIAMENTO DE POLÍTICAS PÚBLICAS,APOIO ÀS POLÍTICAS PÚBLICAS
2025,1490,SECRETARIA DE ESTADO DE GOVERNO - SEGOV,3,0,1491,SECRETARIA DE ESTADO DE GOVERNO - SEGOV,3,3,90,14,10,1,10566,4,131,109,2,41,2041,1,639694.00,639694.00,639694.00,0,CERIMONIAL E EVENTOS,GESTÃO DE CERIMONIAL E EVENTOS
2025,1490,SECRETARIA DE ESTADO DE GOVERNO - SEGOV,3,0,1491,SECRETARIA DE ESTADO DE GOVERNO - SEGOV,3,3,90,30,10,1,10566,4,131,109,2,41,2041,1,348500.00,348500.00,348500.00,0,CERIMONIAL E EVENTOS,GESTÃO DE CERIMONIAL E EVENTOS
2025,1490,SECRETARIA DE ESTADO DE GOVERNO - SEGOV,3,0,1491,SECRETARIA DE ESTADO DE GOVERNO - SEGOV,3,3,90,31,10,1,10566,4,131,109,2,41,2041,1,607300.00,607300.00,607300.00,0,CERIMONIAL E EVENTOS,GESTÃO DE CERIMONIAL E EVENTOS
2025,1490,SECRETARIA DE ESTADO DE GOVERNO - SEGOV,3,0,1491,SECRETARIA DE ESTADO DE GOVERNO - SEGOV,3,3,90,33,10,1,10566,4,131,109,2,41,2041,1,318000.00,318000.00,318000.00,0,CERIMONIAL E EVENTOS,GESTÃO DE CERIMONIAL E EVENTOS
2025,1490,SECRETARIA DE ESTADO DE GOVERNO - SEGOV,3,0,1491,SECRETARIA DE ESTADO DE GOVERNO - SEGOV,3,3,90,36,10,1,10566,4,131,109,2,41,2041,1,9600.00,9600.00,9600.00,0,CERIMONIAL E EVENTOS,GESTÃO DE CERIMONIAL E EVENTOS
2025,1490,SECRETARIA DE ESTADO DE GOVERNO - SEGOV,3,0,1491,SECRETARIA DE ESTADO DE GOVERNO - SEGOV,3,3,90,37,10,1,10566,4,131,109,2,41,2041,1,3124175.00,3124175.00,3124175.00,0,CERIMONIAL E EVENTOS,GESTÃO DE CERIMONIAL E EVENTOS
2025,1490,SECRETARIA DE ESTADO DE GOVERNO - SEGOV,3,0,1491,SECRETARIA DE ESTADO DE GOVERNO - SEGOV,3,3,90,39,10,1,10566,4,131,109,2,41,2041,1,8537135.00,8537135.00,8537135.00,0,CERIMONIAL E EVENTOS,GESTÃO DE CERIMONIAL E EVENTOS
2025,1490,SECRETARIA DE ESTADO DE GOVERNO - SEGOV,3,0,1491,SECRETARIA DE ESTADO DE GOVERNO - SEGOV,3,3,90,40,10,1,10566,4,131,109,2,41,2041,1,360.00,360.00,360.00,0,CERIMONIAL E EVENTOS,GESTÃO DE CERIMONIAL E EVENTOS
2025,1500,SECRETARIA DE ESTADO DE PLANEJAMENTO E GESTÃO - SEPLAG,3,0,1501,SECRETARIA DE ESTADO DE PLANEJAMENTO E GESTÃO - SEPLAG,3,3,90,14,10,1,10822,4,121,157,4,463,4463,1,8460.00,8460.00,8460.00,0,PARCERIAS COM ORGANIZAÇÕES DA SOCIEDADE CIVIL DE INTERESSE PÚBLICO - OSCIP E ORGANIZAÇÕES SOCIAIS - OS.,GESTÃO DO PLANEJAMENTO ORÇAMENTÁRIO GOVERNAMENTAL
2025,1500,SECRETARIA DE ESTADO DE PLANEJAMENTO E GESTÃO - SEPLAG,3,0,1501,SECRETARIA DE ESTADO DE PLANEJAMENTO E GESTÃO - SEPLAG,3,3,90,33,10,1,10822,4,121,157,4,463,4463,1,12860.00,12860.00,12860.00,0,PARCERIAS COM ORGANIZAÇÕES DA SOCIEDADE CIVIL DE INTERESSE PÚBLICO - OSCIP E ORGANIZAÇÕES SOCIAIS - OS.,GESTÃO DO PLANEJAMENTO ORÇAMENTÁRIO GOVERNAMENTAL
2025,1500,SECRETARIA DE ESTADO DE PLANEJAMENTO E GESTÃO - SEPLAG,3,0,1501,SECRETARIA DE ESTADO DE PLANEJAMENTO E GESTÃO - SEPLAG,3,3,90,39,10,1,10822,4,121,157,4,463,4463,1,5265.00,5265.00,5265.00,0,PARCERIAS COM ORGANIZAÇÕES DA SOCIEDADE CIVIL DE INTERESSE PÚBLICO - OSCIP E ORGANIZAÇÕES SOCIAIS - OS.,GESTÃO DO PLANEJAMENTO ORÇAMENTÁRIO GOVERNAMENTAL
2025,1500,SECRETARIA DE ESTADO DE PLANEJAMENTO E GESTÃO - SEPLAG,3,0,1501,SECRETARIA DE ESTADO DE PLANEJAMENTO E GESTÃO - SEPLAG,3,3,90,14,10,1,10823,4,121,157,4,464,4464,1,14840.00,14840.00,14840.00,0,GESTÃO DO PROCESSO DE ELABORAÇÃO E ACOMPANHAMENTO DO PLANEJAMENTO E ORÇAMENTO ESTADUAL,GESTÃO DO PLANEJAMENTO ORÇAMENTÁRIO GOVERNAMENTAL
2025,1500,SECRETARIA DE ESTADO DE PLANEJAMENTO E GESTÃO - SEPLAG,3,0,1501,SECRETARIA DE ESTADO DE PLANEJAMENTO E GESTÃO - SEPLAG,3,3,90,33,10,1,10823,4,121,157,4,464,4464,1,35250.00,35250.00,35250.00,0,GESTÃO DO PROCESSO DE ELABORAÇÃO E ACOMPANHAMENTO DO PLANEJAMENTO E ORÇAMENTO ESTADUAL,GESTÃO DO PLANEJAMENTO ORÇAMENTÁRIO GOVERNAMENTAL
2025,1500,SECRETARIA DE ESTADO DE PLANEJAMENTO E GESTÃO - SEPLAG,3,0,1501,SECRETARIA DE ESTADO DE PLANEJAMENTO E GESTÃO - SEPLAG,3,3,90,39,10,1,10823,4,121,157,4,464,4464,1,2000.00,2000.00,2000.00,0,GESTÃO DO PROCESSO DE ELABORAÇÃO E ACOMPANHAMENTO DO PLANEJAMENTO E ORÇAMENTO ESTADUAL,GESTÃO DO PLANEJAMENTO ORÇAMENTÁRIO GOVERNAMENTAL
2025,1500,SECRETARIA DE ESTADO DE PLANEJAMENTO E GESTÃO - SEPLAG,3,0,1501,SECRETARIA DE ESTADO DE PLANEJAMENTO E GESTÃO - SEPLAG,3,3,90,40,10,1,10823,4,121,157,4,464,4464,1,1006739.00,1006739.00,1006739.00,0,GESTÃO DO PROCESSO DE ELABORAÇÃO E ACOMPANHAMENTO DO PLANEJAMENTO E ORÇAMENTO ESTADUAL,GESTÃO DO PLANEJAMENTO ORÇAMENTÁRIO GOVERNAMENTAL
2025,1500,SECRETARIA DE ESTADO DE PLANEJAMENTO E GESTÃO - SEPLAG,3,0,1501,SECRETARIA DE ESTADO DE PLANEJAMENTO E GESTÃO - SEPLAG,3,3,90,48,10,1,10823,4,121,157,4,464,4464,1,8014.00,8014.00,8014.00,0,GESTÃO DO PROCESSO DE ELABORAÇÃO E ACOMPANHAMENTO DO PLANEJAMENTO E ORÇAMENTO ESTADUAL,GESTÃO DO PLANEJAMENTO ORÇAMENTÁRIO GOVERNAMENTAL
2025,1500,SECRETARIA DE ESTADO DE PLANEJAMENTO E GESTÃO - SEPLAG,3,0,1501,SECRETARIA DE ESTADO DE PLANEJAMENTO E GESTÃO - SEPLAG,4,4,90,40,10,1,10823,4,121,157,4,464,4464,1,2470236.00,2470236.00,2470236.00,0,GESTÃO DO PROCESSO DE ELABORAÇÃO E ACOMPANHAMENTO DO PLANEJAMENTO E ORÇAMENTO ESTADUAL,GESTÃO DO PLANEJAMENTO ORÇAMENTÁRIO GOVERNAMENTAL
2025,1500,SECRETARIA DE ESTADO DE PLANEJAMENTO E GESTÃO - SEPLAG,3,0,1501,SECRETARIA DE ESTADO DE PLANEJAMENTO E GESTÃO - SEPLAG,3,3,90,14,10,1,10829,4,122,147,4,468,4468,1,9288.00,9288.00,9288.00,0,PROVISÃO DE CARGOS POR CONCURSO PÚBLICO,GESTÃO DE PESSOAS
2025,1500,SECRETARIA DE ESTADO DE PLANEJAMENTO E GESTÃO - SEPLAG,3,0,1501,SECRETARIA DE ESTADO DE PLANEJAMENTO E GESTÃO - SEPLAG,3,3,90,33,10,1,10829,4,122,147,4,468,4468,1,18000.00,18000.00,18000.00,0,PROVISÃO DE CARGOS POR CONCURSO PÚBLICO,GESTÃO DE PESSOAS
2025,1500,SECRETARIA DE ESTADO DE PLANEJAMENTO E GESTÃO - SEPLAG,3,0,1501,SECRETARIA DE ESTADO DE PLANEJAMENTO E GESTÃO - SEPLAG,3,3,90,39,10,1,10829,4,122,147,4,468,4468,1,109100.00,109100.00,109100.00,0,PROVISÃO DE CARGOS POR CONCURSO PÚBLICO,GESTÃO DE PESSOAS
2025,1500,SECRETARIA DE ESTADO DE PLANEJAMENTO E GESTÃO - SEPLAG,3,0,1501,SECRETARIA DE ESTADO DE PLANEJAMENTO E GESTÃO - SEPLAG,3,3,90,40,10,1,10829,4,122,147,4,468,4468,1,903842.00,903842.00,903842.00,0,PROVISÃO DE CARGOS POR CONCURSO PÚBLICO,GESTÃO DE PESSOAS
2025,1500,SECRETARIA DE ESTADO DE PLANEJAMENTO E GESTÃO - SEPLAG,3,0,1501,SECRETARIA DE ESTADO DE PLANEJAMENTO E GESTÃO - SEPLAG,3,3,90,14,10,1,10841,4,122,147,4,475,4475,1,2820.00,2820.00,2820.00,0,ADMINISTRAÇÃO DE PESSOAL,GESTÃO DE PESSOAS
2025,1500,SECRETARIA DE ESTADO DE PLANEJAMENTO E GESTÃO - SEPLAG,3,0,1501,SECRETARIA DE ESTADO DE PLANEJAMENTO E GESTÃO - SEPLAG,3,3,90,33,10,1,10841,4,122,147,4,475,4475,1,3000.00,3000.00,3000.00,0,ADMINISTRAÇÃO DE PESSOAL,GESTÃO DE PESSOAS
2025,1500,SECRETARIA DE ESTADO DE PLANEJAMENTO E GESTÃO - SEPLAG,3,0,1501,SECRETARIA DE ESTADO DE PLANEJAMENTO E GESTÃO - SEPLAG,3,3,90,37,10,1,10841,4,122,147,4,475,4475,1,330000.00,330000.00,330000.00,0,ADMINISTRAÇÃO DE PESSOAL,GESTÃO DE PESSOAS
2025,1500,SECRETARIA DE ESTADO DE PLANEJAMENTO E GESTÃO - SEPLAG,3,0,1501,SECRETARIA DE ESTADO DE PLANEJAMENTO E GESTÃO - SEPLAG,3,3,90,40,10,1,10841,4,122,147,4,475,4475,1,19358841.00,19358841.00,19358841.00,0,ADMINISTRAÇÃO DE PESSOAL,GESTÃO DE PESSOAS
2025,1500,SECRETARIA DE ESTADO DE PLANEJAMENTO E GESTÃO - SEPLAG,3,0,1501,SECRETARIA DE ESTADO DE PLANEJAMENTO E GESTÃO - SEPLAG,3,3,90,40,60,2,10841,4,122,147,4,475,4475,1,49738.00,49738.00,49738.00,0,ADMINISTRAÇÃO DE PESSOAL,GESTÃO DE PESSOAS
2025,1500,SECRETARIA DE ESTADO DE PLANEJAMENTO E GESTÃO - SEPLAG,3,0,1501,SECRETARIA DE ESTADO DE PLANEJAMENTO E GESTÃO - SEPLAG,4,4,90,40,10,1,10841,4,122,147,4,475,4475,1,2576388.00,2576388.00,2576388.00,0,ADMINISTRAÇÃO DE PESSOAL,GESTÃO DE PESSOAS
2025,1500,SECRETARIA DE ESTADO DE PLANEJAMENTO E GESTÃO - SEPLAG,3,0,1501,SECRETARIA DE ESTADO DE PLANEJAMENTO E GESTÃO - SEPLAG,4,4,90,40,25,1,10841,4,122,147,4,475,4475,1,8820015.00,8820015.00,8820015.00,0,ADMINISTRAÇÃO DE PESSOAL,GESTÃO DE PESSOAS
2025,1500,SECRETARIA DE ESTADO DE PLANEJAMENTO E GESTÃO - SEPLAG,3,0,1501,SECRETARIA DE ESTADO DE PLANEJAMENTO E GESTÃO - SEPLAG,3,3,90,14,10,1,10843,4,122,147,4,476,4476,1,24510.00,24510.00,24510.00,0,SAÚDE DO SERVIDOR,GESTÃO DE PESSOAS
2025,1500,SECRETARIA DE ESTADO DE PLANEJAMENTO E GESTÃO - SEPLAG,3,0,1501,SECRETARIA DE ESTADO DE PLANEJAMENTO E GESTÃO - SEPLAG,3,3,90,30,10,1,10843,4,122,147,4,476,4476,1,88810.00,88810.00,88810.00,0,SAÚDE DO SERVIDOR,GESTÃO DE PESSOAS
2025,1500,SECRETARIA DE ESTADO DE PLANEJAMENTO E GESTÃO - SEPLAG,3,0,1501,SECRETARIA DE ESTADO DE PLANEJAMENTO E GESTÃO - SEPLAG,3,3,90,33,10,1,10843,4,122,147,4,476,4476,1,60000.00,60000.00,60000.00,0,SAÚDE DO SERVIDOR,GESTÃO DE PESSOAS
2025,1500,SECRETARIA DE ESTADO DE PLANEJAMENTO E GESTÃO - SEPLAG,3,0,1501,SECRETARIA DE ESTADO DE PLANEJAMENTO E GESTÃO - SEPLAG,3,3,90,36,10,1,10843,4,122,147,4,476,4476,1,397830.00,397830.00,397830.00,0,SAÚDE DO SERVIDOR,GESTÃO DE PESSOAS
2025,1500,SECRETARIA DE ESTADO DE PLANEJAMENTO E GESTÃO - SEPLAG,3,0,1501,SECRETARIA DE ESTADO DE PLANEJAMENTO E GESTÃO - SEPLAG,3,3,90,37,10,1,10843,4,122,147,4,476,4476,1,3730647.00,3730647.00,3730647.00,0,SAÚDE DO SERVIDOR,GESTÃO DE PESSOAS
2025,1500,SECRETARIA DE ESTADO DE PLANEJAMENTO E GESTÃO - SEPLAG,3,0,1501,SECRETARIA DE ESTADO DE PLANEJAMENTO E GESTÃO - SEPLAG,3,3,90,39,10,1,10843,4,122,147,4,476,4476,1,2063114.00,2063114.00,2063114.00,0,SAÚDE DO SERVIDOR,GESTÃO DE PESSOAS
2025,1500,SECRETARIA DE ESTADO DE PLANEJAMENTO E GESTÃO - SEPLAG,3,0,1501,SECRETARIA DE ESTADO DE PLANEJAMENTO E GESTÃO - SEPLAG,3,3,90,40,10,1,10843,4,122,147,4,476,4476,1,1487780.00,1487780.00,1487780.00,0,SAÚDE DO SERVIDOR,GESTÃO DE PESSOAS
2025,1500,SECRETARIA DE ESTADO DE PLANEJAMENTO E GESTÃO - SEPLAG,3,0,1501,SECRETARIA DE ESTADO DE PLANEJAMENTO E GESTÃO - SEPLAG,3,3,90,47,10,1,10843,4,122,147,4,476,4476,1,73420.00,73420.00,73420.00,0,SAÚDE DO SERVIDOR,GESTÃO DE PESSOAS
2025,1500,SECRETARIA DE ESTADO DE PLANEJAMENTO E GESTÃO - SEPLAG,3,0,1501,SECRETARIA DE ESTADO DE PLANEJAMENTO E GESTÃO - SEPLAG,3,3,91,39,10,1,10843,4,122,147,4,476,4476,1,321633.00,321633.00,321633.00,0,SAÚDE DO SERVIDOR,GESTÃO DE PESSOAS
2025,1500,SECRETARIA DE ESTADO DE PLANEJAMENTO E GESTÃO - SEPLAG,3,0,1501,SECRETARIA DE ESTADO DE PLANEJAMENTO E GESTÃO - SEPLAG,4,4,90,40,10,1,10843,4,122,147,4,476,4476,1,1452000.00,1452000.00,1452000.00,0,SAÚDE DO SERVIDOR,GESTÃO DE PESSOAS
2025,1500,SECRETARIA DE ESTADO DE PLANEJAMENTO E GESTÃO - SEPLAG,3,0,1501,SECRETARIA DE ESTADO DE PLANEJAMENTO E GESTÃO - SEPLAG,4,4,90,51,10,1,10843,4,122,147,4,476,4476,1,150000.00,150000.00,150000.00,0,SAÚDE DO SERVIDOR,GESTÃO DE PESSOAS
2025,1500,SECRETARIA DE ESTADO DE PLANEJAMENTO E GESTÃO - SEPLAG,3,0,1501,SECRETARIA DE ESTADO DE PLANEJAMENTO E GESTÃO - SEPLAG,4,4,90,52,10,1,10843,4,122,147,4,476,4476,1,174300.00,174300.00,174300.00,0,SAÚDE DO SERVIDOR,GESTÃO DE PESSOAS
2025,1500,SECRETARIA DE ESTADO DE PLANEJAMENTO E GESTÃO - SEPLAG,3,0,1501,SECRETARIA DE ESTADO DE PLANEJAMENTO E GESTÃO - SEPLAG,3,3,90,14,10,1,10847,4,122,147,4,477,4477,1,20640.00,20640.00,20640.00,0,"DESEMPENHO, DESENVOLVIMENTO E VALORIZAÇÃO DOS SERVIDORES PÚBLICOS",GESTÃO DE PESSOAS
2025,1500,SECRETARIA DE ESTADO DE PLANEJAMENTO E GESTÃO - SEPLAG,3,0,1501,SECRETARIA DE ESTADO DE PLANEJAMENTO E GESTÃO - SEPLAG,3,3,90,31,10,1,10847,4,122,147,4,477,4477,1,40500.00,40500.00,40500.00,0,"DESEMPENHO, DESENVOLVIMENTO E VALORIZAÇÃO DOS SERVIDORES PÚBLICOS",GESTÃO DE PESSOAS
2025,1500,SECRETARIA DE ESTADO DE PLANEJAMENTO E GESTÃO - SEPLAG,3,0,1501,SECRETARIA DE ESTADO DE PLANEJAMENTO E GESTÃO - SEPLAG,3,3,90,33,10,1,10847,4,122,147,4,477,4477,1,52000.00,52000.00,52000.00,0,"DESEMPENHO, DESENVOLVIMENTO E VALORIZAÇÃO DOS SERVIDORES PÚBLICOS",GESTÃO DE PESSOAS
2025,1500,SECRETARIA DE ESTADO DE PLANEJAMENTO E GESTÃO - SEPLAG,3,0,1501,SECRETARIA DE ESTADO DE PLANEJAMENTO E GESTÃO - SEPLAG,3,3,90,39,10,1,10847,4,122,147,4,477,4477,1,20400.00,20400.00,20400.00,0,"DESEMPENHO, DESENVOLVIMENTO E VALORIZAÇÃO DOS SERVIDORES PÚBLICOS",GESTÃO DE PESSOAS
2025,1500,SECRETARIA DE ESTADO DE PLANEJAMENTO E GESTÃO - SEPLAG,3,0,1501,SECRETARIA DE ESTADO DE PLANEJAMENTO E GESTÃO - SEPLAG,3,3,90,40,10,1,10847,4,122,147,4,477,4477,1,267182.00,267182.00,267182.00,0,"DESEMPENHO, DESENVOLVIMENTO E VALORIZAÇÃO DOS SERVIDORES PÚBLICOS",GESTÃO DE PESSOAS
2025,1500,SECRETARIA DE ESTADO DE PLANEJAMENTO E GESTÃO - SEPLAG,3,0,1501,SECRETARIA DE ESTADO DE PLANEJAMENTO E GESTÃO - SEPLAG,4,4,90,40,10,1,10847,4,122,147,4,477,4477,1,306556.00,306556.00,306556.00,0,"DESEMPENHO, DESENVOLVIMENTO E VALORIZAÇÃO DOS SERVIDORES PÚBLICOS",GESTÃO DE PESSOAS
2025,1500,SECRETARIA DE ESTADO DE PLANEJAMENTO E GESTÃO - SEPLAG,3,0,1501,SECRETARIA DE ESTADO DE PLANEJAMENTO E GESTÃO - SEPLAG,3,3,90,39,10,1,10850,4,122,147,4,478,4478,1,600000.00,600000.00,600000.00,1,TRANSFORMA MINAS,GESTÃO DE PESSOAS
2025,1500,SECRETARIA DE ESTADO DE PLANEJAMENTO E GESTÃO - SEPLAG,3,0,1501,SECRETARIA DE ESTADO DE PLANEJAMENTO E GESTÃO - SEPLAG,3,3,90,14,10,1,10808,4,122,149,4,452,4452,1,84000.00,84000.00,84000.00,0,GESTÃO DAS UNIDADES DE ATENDIMENTO INTEGRADO - UAI,TRANSFORMAÇÃO DIGITAL E ATENDIMENTO AO CIDADÃO
2025,1500,SECRETARIA DE ESTADO DE PLANEJAMENTO E GESTÃO - SEPLAG,3,0,1501,SECRETARIA DE ESTADO DE PLANEJAMENTO E GESTÃO - SEPLAG,3,3,90,30,10,1,10808,4,122,149,4,452,4452,1,13200.00,13200.00,13200.00,0,GESTÃO DAS UNIDADES DE ATENDIMENTO INTEGRADO - UAI,TRANSFORMAÇÃO DIGITAL E ATENDIMENTO AO CIDADÃO
2025,1500,SECRETARIA DE ESTADO DE PLANEJAMENTO E GESTÃO - SEPLAG,3,0,1501,SECRETARIA DE ESTADO DE PLANEJAMENTO E GESTÃO - SEPLAG,3,3,90,33,10,1,10808,4,122,149,4,452,4452,1,63000.00,63000.00,63000.00,0,GESTÃO DAS UNIDADES DE ATENDIMENTO INTEGRADO - UAI,TRANSFORMAÇÃO DIGITAL E ATENDIMENTO AO CIDADÃO
2025,1500,SECRETARIA DE ESTADO DE PLANEJAMENTO E GESTÃO - SEPLAG,3,0,1501,SECRETARIA DE ESTADO DE PLANEJAMENTO E GESTÃO - SEPLAG,3,3,90,36,10,1,10808,4,122,149,4,452,4452,1,647447.00,647447.00,647447.00,0,GESTÃO DAS UNIDADES DE ATENDIMENTO INTEGRADO - UAI,TRANSFORMAÇÃO DIGITAL E ATENDIMENTO AO CIDADÃO
2025,1500,SECRETARIA DE ESTADO DE PLANEJAMENTO E GESTÃO - SEPLAG,3,0,1501,SECRETARIA DE ESTADO DE PLANEJAMENTO E GESTÃO - SEPLAG,3,3,90,39,10,1,10808,4,122,149,4,452,4452,1,32962740.00,32658182.00,32658182.00,0,GESTÃO DAS UNIDADES DE ATENDIMENTO INTEGRADO - UAI,TRANSFORMAÇÃO DIGITAL E ATENDIMENTO AO CIDADÃO
2025,1500,SECRETARIA DE ESTADO DE PLANEJAMENTO E GESTÃO - SEPLAG,3,0,1501,SECRETARIA DE ESTADO DE PLANEJAMENTO E GESTÃO - SEPLAG,3,3,90,40,10,1,10808,4,122,149,4,452,4452,1,2833364.00,2833364.00,2833364.00,0,GESTÃO DAS UNIDADES DE ATENDIMENTO INTEGRADO - UAI,TRANSFORMAÇÃO DIGITAL E ATENDIMENTO AO CIDADÃO
2025,1500,SECRETARIA DE ESTADO DE PLANEJAMENTO E GESTÃO - SEPLAG,3,0,1501,SECRETARIA DE ESTADO DE PLANEJAMENTO E GESTÃO - SEPLAG,3,3,90,47,10,1,10808,4,122,149,4,452,4452,1,3500.00,3500.00,3500.00,0,GESTÃO DAS UNIDADES DE ATENDIMENTO INTEGRADO - UAI,TRANSFORMAÇÃO DIGITAL E ATENDIMENTO AO CIDADÃO
2025,1500,SECRETARIA DE ESTADO DE PLANEJAMENTO E GESTÃO - SEPLAG,3,0,1501,SECRETARIA DE ESTADO DE PLANEJAMENTO E GESTÃO - SEPLAG,3,3,91,39,10,1,10808,4,122,149,4,452,4452,1,3374315.00,3678873.00,3678873.00,0,GESTÃO DAS UNIDADES DE ATENDIMENTO INTEGRADO - UAI,TRANSFORMAÇÃO DIGITAL E ATENDIMENTO AO CIDADÃO
2025,1500,SECRETARIA DE ESTADO DE PLANEJAMENTO E GESTÃO - SEPLAG,3,0,1501,SECRETARIA DE ESTADO DE PLANEJAMENTO E GESTÃO - SEPLAG,4,4,90,52,10,1,10808,4,122,149,4,452,4452,1,30000.00,30000.00,30000.00,0,GESTÃO DAS UNIDADES DE ATENDIMENTO INTEGRADO - UAI,TRANSFORMAÇÃO DIGITAL E ATENDIMENTO AO CIDADÃO
2025,1500,SECRETARIA DE ESTADO DE PLANEJAMENTO E GESTÃO - SEPLAG,3,0,1501,SECRETARIA DE ESTADO DE PLANEJAMENTO E GESTÃO - SEPLAG,3,3,90,40,10,1,11197,4,122,149,4,483,4483,1,2221127.00,2221127.00,2221127.00,0,APRIMORAMENTO DA GOVERNANÇA DE TECNOLOGIA DA INFORMAÇÃO E COMUNICAÇÃO,TRANSFORMAÇÃO DIGITAL E ATENDIMENTO AO CIDADÃO
2025,1500,SECRETARIA DE ESTADO DE PLANEJAMENTO E GESTÃO - SEPLAG,3,0,1501,SECRETARIA DE ESTADO DE PLANEJAMENTO E GESTÃO - SEPLAG,3,3,90,14,10,1,11153,4,122,151,4,380,4380,1,19740.00,19740.00,19740.00,1,AUTOMATIZA.MG,PROMOÇÃO DA INOVAÇÃO E DA GESTÃO ESTRATÉGICA
2025,1500,SECRETARIA DE ESTADO DE PLANEJAMENTO E GESTÃO - SEPLAG,3,0,1501,SECRETARIA DE ESTADO DE PLANEJAMENTO E GESTÃO - SEPLAG,3,3,90,33,10,1,11153,4,122,151,4,380,4380,1,32500.00,32500.00,32500.00,1,AUTOMATIZA.MG,PROMOÇÃO DA INOVAÇÃO E DA GESTÃO ESTRATÉGICA
2025,1500,SECRETARIA DE ESTADO DE PLANEJAMENTO E GESTÃO - SEPLAG,3,0,1501,SECRETARIA DE ESTADO DE PLANEJAMENTO E GESTÃO - SEPLAG,3,3,90,39,10,1,11153,4,122,151,4,380,4380,1,8000.00,8000.00,8000.00,1,AUTOMATIZA.MG,PROMOÇÃO DA INOVAÇÃO E DA GESTÃO ESTRATÉGICA
2025,1500,SECRETARIA DE ESTADO DE PLANEJAMENTO E GESTÃO - SEPLAG,3,0,1501,SECRETARIA DE ESTADO DE PLANEJAMENTO E GESTÃO - SEPLAG,3,3,90,14,10,1,10810,4,122,151,4,453,4453,1,21000.00,21000.00,21000.00,0,PROMOÇÃO DA INOVAÇÃO NA GESTÃO PÚBLICA,PROMOÇÃO DA INOVAÇÃO E DA GESTÃO ESTRATÉGICA
2025,1500,SECRETARIA DE ESTADO DE PLANEJAMENTO E GESTÃO - SEPLAG,3,0,1501,SECRETARIA DE ESTADO DE PLANEJAMENTO E GESTÃO - SEPLAG,3,3,90,33,10,1,10810,4,122,151,4,453,4453,1,32500.00,32500.00,32500.00,0,PROMOÇÃO DA INOVAÇÃO NA GESTÃO PÚBLICA,PROMOÇÃO DA INOVAÇÃO E DA GESTÃO ESTRATÉGICA
2025,1500,SECRETARIA DE ESTADO DE PLANEJAMENTO E GESTÃO - SEPLAG,3,0,1501,SECRETARIA DE ESTADO DE PLANEJAMENTO E GESTÃO - SEPLAG,3,3,90,37,10,1,10810,4,122,151,4,453,4453,1,165000.00,165000.00,165000.00,0,PROMOÇÃO DA INOVAÇÃO NA GESTÃO PÚBLICA,PROMOÇÃO DA INOVAÇÃO E DA GESTÃO ESTRATÉGICA
2025,1500,SECRETARIA DE ESTADO DE PLANEJAMENTO E GESTÃO - SEPLAG,3,0,1501,SECRETARIA DE ESTADO DE PLANEJAMENTO E GESTÃO - SEPLAG,3,3,90,39,10,1,10810,4,122,151,4,453,4453,1,16000.00,16000.00,16000.00,0,PROMOÇÃO DA INOVAÇÃO NA GESTÃO PÚBLICA,PROMOÇÃO DA INOVAÇÃO E DA GESTÃO ESTRATÉGICA
2025,1500,SECRETARIA DE ESTADO DE PLANEJAMENTO E GESTÃO - SEPLAG,3,0,1501,SECRETARIA DE ESTADO DE PLANEJAMENTO E GESTÃO - SEPLAG,3,3,90,14,10,1,10811,4,122,151,4,454,4454,1,103400.00,103400.00,103400.00,0,GESTÃO DOS PROJETOS ESTRATÉGICOS,PROMOÇÃO DA INOVAÇÃO E DA GESTÃO ESTRATÉGICA
2025,1500,SECRETARIA DE ESTADO DE PLANEJAMENTO E GESTÃO - SEPLAG,3,0,1501,SECRETARIA DE ESTADO DE PLANEJAMENTO E GESTÃO - SEPLAG,3,3,90,33,10,1,10811,4,122,151,4,454,4454,1,105500.00,105500.00,105500.00,0,GESTÃO DOS PROJETOS ESTRATÉGICOS,PROMOÇÃO DA INOVAÇÃO E DA GESTÃO ESTRATÉGICA
2025,1500,SECRETARIA DE ESTADO DE PLANEJAMENTO E GESTÃO - SEPLAG,3,0,1501,SECRETARIA DE ESTADO DE PLANEJAMENTO E GESTÃO - SEPLAG,3,3,90,37,10,1,10811,4,122,151,4,454,4454,1,208800.00,208800.00,208800.00,0,GESTÃO DOS PROJETOS ESTRATÉGICOS,PROMOÇÃO DA INOVAÇÃO E DA GESTÃO ESTRATÉGICA
2025,1500,SECRETARIA DE ESTADO DE PLANEJAMENTO E GESTÃO - SEPLAG,3,0,1501,SECRETARIA DE ESTADO DE PLANEJAMENTO E GESTÃO - SEPLAG,3,3,90,39,10,1,10811,4,122,151,4,454,4454,1,7000.00,7000.00,7000.00,0,GESTÃO DOS PROJETOS ESTRATÉGICOS,PROMOÇÃO DA INOVAÇÃO E DA GESTÃO ESTRATÉGICA
2025,1500,SECRETARIA DE ESTADO DE PLANEJAMENTO E GESTÃO - SEPLAG,3,0,1501,SECRETARIA DE ESTADO DE PLANEJAMENTO E GESTÃO - SEPLAG,3,3,90,14,10,1,10819,4,122,155,4,461,4461,1,23940.00,23940.00,23940.00,0,RECUPERAÇÃO E COMPENSAÇÃO DOS DANOS EM FUNÇÃO DO DESASTRE MINERÁRIO DA SAMARCO EM MARIANA,REPARAÇÃO DOS DANOS DOS ROMPIMENTOS EM BRUMADINHO E MARIANA
2025,1500,SECRETARIA DE ESTADO DE PLANEJAMENTO E GESTÃO - SEPLAG,3,0,1501,SECRETARIA DE ESTADO DE PLANEJAMENTO E GESTÃO - SEPLAG,3,3,90,33,10,1,10819,4,122,155,4,461,4461,1,126800.00,126800.00,126800.00,0,RECUPERAÇÃO E COMPENSAÇÃO DOS DANOS EM FUNÇÃO DO DESASTRE MINERÁRIO DA SAMARCO EM MARIANA,REPARAÇÃO DOS DANOS DOS ROMPIMENTOS EM BRUMADINHO E MARIANA
2025,1500,SECRETARIA DE ESTADO DE PLANEJAMENTO E GESTÃO - SEPLAG,3,0,1501,SECRETARIA DE ESTADO DE PLANEJAMENTO E GESTÃO - SEPLAG,3,3,90,39,10,1,10819,4,122,155,4,461,4461,1,2400.00,2400.00,2400.00,0,RECUPERAÇÃO E COMPENSAÇÃO DOS DANOS EM FUNÇÃO DO DESASTRE MINERÁRIO DA SAMARCO EM MARIANA,REPARAÇÃO DOS DANOS DOS ROMPIMENTOS EM BRUMADINHO E MARIANA
2025,1500,SECRETARIA DE ESTADO DE PLANEJAMENTO E GESTÃO - SEPLAG,3,0,1501,SECRETARIA DE ESTADO DE PLANEJAMENTO E GESTÃO - SEPLAG,3,3,90,14,10,1,10821,4,122,155,4,462,4462,1,15840.00,15840.00,15840.00,0,RECUPERAÇÃO E COMPENSAÇÃO DOS DANOS EM FUNÇÃO DO DESASTRE MINERÁRIO DA VALE S.A EM BRUMADINHO,REPARAÇÃO DOS DANOS DOS ROMPIMENTOS EM BRUMADINHO E MARIANA
2025,1500,SECRETARIA DE ESTADO DE PLANEJAMENTO E GESTÃO - SEPLAG,3,0,1501,SECRETARIA DE ESTADO DE PLANEJAMENTO E GESTÃO - SEPLAG,3,3,90,33,10,1,10821,4,122,155,4,462,4462,1,12700.00,12700.00,12700.00,0,RECUPERAÇÃO E COMPENSAÇÃO DOS DANOS EM FUNÇÃO DO DESASTRE MINERÁRIO DA VALE S.A EM BRUMADINHO,REPARAÇÃO DOS DANOS DOS ROMPIMENTOS EM BRUMADINHO E MARIANA
2025,1500,SECRETARIA DE ESTADO DE PLANEJAMENTO E GESTÃO - SEPLAG,3,0,1501,SECRETARIA DE ESTADO DE PLANEJAMENTO E GESTÃO - SEPLAG,3,3,90,37,10,1,10821,4,122,155,4,462,4462,1,266600.00,266600.00,266600.00,0,RECUPERAÇÃO E COMPENSAÇÃO DOS DANOS EM FUNÇÃO DO DESASTRE MINERÁRIO DA VALE S.A EM BRUMADINHO,REPARAÇÃO DOS DANOS DOS ROMPIMENTOS EM BRUMADINHO E MARIANA
2025,1500,SECRETARIA DE ESTADO DE PLANEJAMENTO E GESTÃO - SEPLAG,3,0,1501,SECRETARIA DE ESTADO DE PLANEJAMENTO E GESTÃO - SEPLAG,3,3,90,39,10,1,10821,4,122,155,4,462,4462,1,3600.00,3600.00,3600.00,0,RECUPERAÇÃO E COMPENSAÇÃO DOS DANOS EM FUNÇÃO DO DESASTRE MINERÁRIO DA VALE S.A EM BRUMADINHO,REPARAÇÃO DOS DANOS DOS ROMPIMENTOS EM BRUMADINHO E MARIANA
2025,1500,SECRETARIA DE ESTADO DE PLANEJAMENTO E GESTÃO - SEPLAG,3,0,1501,SECRETARIA DE ESTADO DE PLANEJAMENTO E GESTÃO - SEPLAG,3,3,90,39,95,1,10821,4,122,155,4,462,4462,1,2000.00,2000.00,2000.00,0,RECUPERAÇÃO E COMPENSAÇÃO DOS DANOS EM FUNÇÃO DO DESASTRE MINERÁRIO DA VALE S.A EM BRUMADINHO,REPARAÇÃO DOS DANOS DOS ROMPIMENTOS EM BRUMADINHO E MARIANA
2025,1500,SECRETARIA DE ESTADO DE PLANEJAMENTO E GESTÃO - SEPLAG,3,0,1501,SECRETARIA DE ESTADO DE PLANEJAMENTO E GESTÃO - SEPLAG,3,3,90,40,10,1,10821,4,122,155,4,462,4462,1,11000.00,11000.00,11000.00,0,RECUPERAÇÃO E COMPENSAÇÃO DOS DANOS EM FUNÇÃO DO DESASTRE MINERÁRIO DA VALE S.A EM BRUMADINHO,REPARAÇÃO DOS DANOS DOS ROMPIMENTOS EM BRUMADINHO E MARIANA
2025,1500,SECRETARIA DE ESTADO DE PLANEJAMENTO E GESTÃO - SEPLAG,3,0,1501,SECRETARIA DE ESTADO DE PLANEJAMENTO E GESTÃO - SEPLAG,4,4,90,52,10,1,10877,4,122,156,1,85,1085,1,1000.00,1000.00,1000.00,0,ABRIGOS E CAMINHOS NA CA,GESTÃO DA CIDADE ADMINISTRATIVA
2025,1500,SECRETARIA DE ESTADO DE PLANEJAMENTO E GESTÃO - SEPLAG,3,0,1501,SECRETARIA DE ESTADO DE PLANEJAMENTO E GESTÃO - SEPLAG,3,3,90,30,10,1,10824,4,122,156,4,465,4465,1,55226.00,55226.00,55226.00,0,GESTÃO DA INFRAESTRUTURA DA CIDADE ADMINISTRATIVA,GESTÃO DA CIDADE ADMINISTRATIVA
2025,1500,SECRETARIA DE ESTADO DE PLANEJAMENTO E GESTÃO - SEPLAG,3,0,1501,SECRETARIA DE ESTADO DE PLANEJAMENTO E GESTÃO - SEPLAG,3,3,90,37,10,1,10824,4,122,156,4,465,4465,1,2283285.00,2283285.00,2283285.00,0,GESTÃO DA INFRAESTRUTURA DA CIDADE ADMINISTRATIVA,GESTÃO DA CIDADE ADMINISTRATIVA
2025,1500,SECRETARIA DE ESTADO DE PLANEJAMENTO E GESTÃO - SEPLAG,3,0,1501,SECRETARIA DE ESTADO DE PLANEJAMENTO E GESTÃO - SEPLAG,3,3,90,39,10,1,10824,4,122,156,4,465,4465,1,53428793.00,53428793.00,53428793.00,0,GESTÃO DA INFRAESTRUTURA DA CIDADE ADMINISTRATIVA,GESTÃO DA CIDADE ADMINISTRATIVA
2025,1500,SECRETARIA DE ESTADO DE PLANEJAMENTO E GESTÃO - SEPLAG,3,0,1501,SECRETARIA DE ESTADO DE PLANEJAMENTO E GESTÃO - SEPLAG,3,3,90,40,10,1,10824,4,122,156,4,465,4465,1,6005965.00,6005965.00,6005965.00,0,GESTÃO DA INFRAESTRUTURA DA CIDADE ADMINISTRATIVA,GESTÃO DA CIDADE ADMINISTRATIVA
2025,1500,SECRETARIA DE ESTADO DE PLANEJAMENTO E GESTÃO - SEPLAG,3,0,1501,SECRETARIA DE ESTADO DE PLANEJAMENTO E GESTÃO - SEPLAG,3,3,90,47,10,1,10824,4,122,156,4,465,4465,1,900.00,900.00,900.00,0,GESTÃO DA INFRAESTRUTURA DA CIDADE ADMINISTRATIVA,GESTÃO DA CIDADE ADMINISTRATIVA
2025,1500,SECRETARIA DE ESTADO DE PLANEJAMENTO E GESTÃO - SEPLAG,3,0,1501,SECRETARIA DE ESTADO DE PLANEJAMENTO E GESTÃO - SEPLAG,4,4,90,51,10,1,10824,4,122,156,4,465,4465,1,4285200.00,4285200.00,4285200.00,0,GESTÃO DA INFRAESTRUTURA DA CIDADE ADMINISTRATIVA,GESTÃO DA CIDADE ADMINISTRATIVA
2025,1500,SECRETARIA DE ESTADO DE PLANEJAMENTO E GESTÃO - SEPLAG,3,0,1501,SECRETARIA DE ESTADO DE PLANEJAMENTO E GESTÃO - SEPLAG,4,4,90,52,10,1,10824,4,122,156,4,465,4465,1,2000000.00,2000000.00,2000000.00,0,GESTÃO DA INFRAESTRUTURA DA CIDADE ADMINISTRATIVA,GESTÃO DA CIDADE ADMINISTRATIVA
2025,1500,SECRETARIA DE ESTADO DE PLANEJAMENTO E GESTÃO - SEPLAG,3,0,1501,SECRETARIA DE ESTADO DE PLANEJAMENTO E GESTÃO - SEPLAG,3,3,90,39,10,1,10825,4,122,156,4,466,4466,1,811413.00,811413.00,811413.00,0,GESTÃO DE TECNOLOGIA DA INFORMAÇÃO E COMUNICAÇÃO (TIC) DA CIDADE ADMINISTRATIVA,GESTÃO DA CIDADE ADMINISTRATIVA
2025,1500,SECRETARIA DE ESTADO DE PLANEJAMENTO E GESTÃO - SEPLAG,3,0,1501,SECRETARIA DE ESTADO DE PLANEJAMENTO E GESTÃO - SEPLAG,3,3,90,40,10,1,10825,4,122,156,4,466,4466,1,59368279.00,59368279.00,59368279.00,0,GESTÃO DE TECNOLOGIA DA INFORMAÇÃO E COMUNICAÇÃO (TIC) DA CIDADE ADMINISTRATIVA,GESTÃO DA CIDADE ADMINISTRATIVA
2025,1500,SECRETARIA DE ESTADO DE PLANEJAMENTO E GESTÃO - SEPLAG,3,0,1501,SECRETARIA DE ESTADO DE PLANEJAMENTO E GESTÃO - SEPLAG,3,3,90,40,59,2,10825,4,122,156,4,466,4466,1,1364291.00,1364291.00,1364291.00,0,GESTÃO DE TECNOLOGIA DA INFORMAÇÃO E COMUNICAÇÃO (TIC) DA CIDADE ADMINISTRATIVA,GESTÃO DA CIDADE ADMINISTRATIVA
2025,1500,SECRETARIA DE ESTADO DE PLANEJAMENTO E GESTÃO - SEPLAG,3,0,1501,SECRETARIA DE ESTADO DE PLANEJAMENTO E GESTÃO - SEPLAG,3,3,90,40,60,2,10825,4,122,156,4,466,4466,1,8935208.00,8935208.00,8935208.00,0,GESTÃO DE TECNOLOGIA DA INFORMAÇÃO E COMUNICAÇÃO (TIC) DA CIDADE ADMINISTRATIVA,GESTÃO DA CIDADE ADMINISTRATIVA
2025,1500,SECRETARIA DE ESTADO DE PLANEJAMENTO E GESTÃO - SEPLAG,3,0,1501,SECRETARIA DE ESTADO DE PLANEJAMENTO E GESTÃO - SEPLAG,3,3,90,40,91,2,10825,4,122,156,4,466,4466,1,3458241.00,3458241.00,3458241.00,0,GESTÃO DE TECNOLOGIA DA INFORMAÇÃO E COMUNICAÇÃO (TIC) DA CIDADE ADMINISTRATIVA,GESTÃO DA CIDADE ADMINISTRATIVA
2025,1500,SECRETARIA DE ESTADO DE PLANEJAMENTO E GESTÃO - SEPLAG,3,0,1501,SECRETARIA DE ESTADO DE PLANEJAMENTO E GESTÃO - SEPLAG,3,3,90,40,94,1,10825,4,122,156,4,466,4466,1,6740052.00,6740052.00,6740052.00,0,GESTÃO DE TECNOLOGIA DA INFORMAÇÃO E COMUNICAÇÃO (TIC) DA CIDADE ADMINISTRATIVA,GESTÃO DA CIDADE ADMINISTRATIVA
2025,1500,SECRETARIA DE ESTADO DE PLANEJAMENTO E GESTÃO - SEPLAG,3,0,1501,SECRETARIA DE ESTADO DE PLANEJAMENTO E GESTÃO - SEPLAG,3,3,90,30,10,1,10826,4,122,156,4,467,4467,1,237311.00,237311.00,237311.00,0,GESTÃO DOS SERVIÇOS OPERACIONAIS E LOGÍSTICOS DA CIDADE ADMINISTRATIVA,GESTÃO DA CIDADE ADMINISTRATIVA
2025,1500,SECRETARIA DE ESTADO DE PLANEJAMENTO E GESTÃO - SEPLAG,3,0,1501,SECRETARIA DE ESTADO DE PLANEJAMENTO E GESTÃO - SEPLAG,3,3,90,33,10,1,10826,4,122,156,4,467,4467,1,4621609.00,4621609.00,4621609.00,0,GESTÃO DOS SERVIÇOS OPERACIONAIS E LOGÍSTICOS DA CIDADE ADMINISTRATIVA,GESTÃO DA CIDADE ADMINISTRATIVA
2025,1500,SECRETARIA DE ESTADO DE PLANEJAMENTO E GESTÃO - SEPLAG,3,0,1501,SECRETARIA DE ESTADO DE PLANEJAMENTO E GESTÃO - SEPLAG,3,3,90,35,10,1,10826,4,122,156,4,467,4467,1,336050.00,336050.00,336050.00,0,GESTÃO DOS SERVIÇOS OPERACIONAIS E LOGÍSTICOS DA CIDADE ADMINISTRATIVA,GESTÃO DA CIDADE ADMINISTRATIVA
2025,1500,SECRETARIA DE ESTADO DE PLANEJAMENTO E GESTÃO - SEPLAG,3,0,1501,SECRETARIA DE ESTADO DE PLANEJAMENTO E GESTÃO - SEPLAG,3,3,90,37,10,1,10826,4,122,156,4,467,4467,1,10491976.00,10491976.00,10491976.00,0,GESTÃO DOS SERVIÇOS OPERACIONAIS E LOGÍSTICOS DA CIDADE ADMINISTRATIVA,GESTÃO DA CIDADE ADMINISTRATIVA
2025,1500,SECRETARIA DE ESTADO DE PLANEJAMENTO E GESTÃO - SEPLAG,3,0,1501,SECRETARIA DE ESTADO DE PLANEJAMENTO E GESTÃO - SEPLAG,3,3,90,39,10,1,10826,4,122,156,4,467,4467,1,1554802.00,1554802.00,1554802.00,0,GESTÃO DOS SERVIÇOS OPERACIONAIS E LOGÍSTICOS DA CIDADE ADMINISTRATIVA,GESTÃO DA CIDADE ADMINISTRATIVA
2025,1500,SECRETARIA DE ESTADO DE PLANEJAMENTO E GESTÃO - SEPLAG,3,0,1501,SECRETARIA DE ESTADO DE PLANEJAMENTO E GESTÃO - SEPLAG,4,4,90,40,25,1,10826,4,122,156,4,467,4467,1,1036756.00,1036756.00,1036756.00,0,GESTÃO DOS SERVIÇOS OPERACIONAIS E LOGÍSTICOS DA CIDADE ADMINISTRATIVA,GESTÃO DA CIDADE ADMINISTRATIVA
2025,1500,SECRETARIA DE ESTADO DE PLANEJAMENTO E GESTÃO - SEPLAG,3,0,1501,SECRETARIA DE ESTADO DE PLANEJAMENTO E GESTÃO - SEPLAG,3,3,90,33,10,1,10832,4,122,159,4,470,4470,1,32500.00,32500.00,32500.00,1,AMPLIAÇÃO DA CENTRALIZAÇÃO DAS COMPRAS E CONTRATAÇÕES,CENTRALIZAÇÃO DO PROCESSAMENTO DE COMPRAS PÚBLICAS
2025,1500,SECRETARIA DE ESTADO DE PLANEJAMENTO E GESTÃO - SEPLAG,3,0,1501,SECRETARIA DE ESTADO DE PLANEJAMENTO E GESTÃO - SEPLAG,3,3,90,37,10,1,10832,4,122,159,4,470,4470,1,2724453.00,2724453.00,2724453.00,1,AMPLIAÇÃO DA CENTRALIZAÇÃO DAS COMPRAS E CONTRATAÇÕES,CENTRALIZAÇÃO DO PROCESSAMENTO DE COMPRAS PÚBLICAS
2025,1500,SECRETARIA DE ESTADO DE PLANEJAMENTO E GESTÃO - SEPLAG,3,0,1501,SECRETARIA DE ESTADO DE PLANEJAMENTO E GESTÃO - SEPLAG,3,3,90,40,10,1,10832,4,122,159,4,470,4470,1,175100.00,175100.00,175100.00,1,AMPLIAÇÃO DA CENTRALIZAÇÃO DAS COMPRAS E CONTRATAÇÕES,CENTRALIZAÇÃO DO PROCESSAMENTO DE COMPRAS PÚBLICAS
2025,1500,SECRETARIA DE ESTADO DE PLANEJAMENTO E GESTÃO - SEPLAG,3,0,1501,SECRETARIA DE ESTADO DE PLANEJAMENTO E GESTÃO - SEPLAG,3,3,90,14,10,1,10837,4,122,159,4,473,4473,1,125277.00,125277.00,125277.00,0,MODERNIZAÇÃO EM GESTÃO DE COMPRAS,CENTRALIZAÇÃO DO PROCESSAMENTO DE COMPRAS PÚBLICAS
2025,1500,SECRETARIA DE ESTADO DE PLANEJAMENTO E GESTÃO - SEPLAG,3,0,1501,SECRETARIA DE ESTADO DE PLANEJAMENTO E GESTÃO - SEPLAG,3,3,90,30,10,1,10837,4,122,159,4,473,4473,1,3750.00,3750.00,3750.00,0,MODERNIZAÇÃO EM GESTÃO DE COMPRAS,CENTRALIZAÇÃO DO PROCESSAMENTO DE COMPRAS PÚBLICAS
2025,1500,SECRETARIA DE ESTADO DE PLANEJAMENTO E GESTÃO - SEPLAG,3,0,1501,SECRETARIA DE ESTADO DE PLANEJAMENTO E GESTÃO - SEPLAG,3,3,90,33,10,1,10837,4,122,159,4,473,4473,1,148370.00,148370.00,148370.00,0,MODERNIZAÇÃO EM GESTÃO DE COMPRAS,CENTRALIZAÇÃO DO PROCESSAMENTO DE COMPRAS PÚBLICAS
2025,1500,SECRETARIA DE ESTADO DE PLANEJAMENTO E GESTÃO - SEPLAG,3,0,1501,SECRETARIA DE ESTADO DE PLANEJAMENTO E GESTÃO - SEPLAG,3,3,90,39,10,1,10837,4,122,159,4,473,4473,1,545612.00,545612.00,545612.00,0,MODERNIZAÇÃO EM GESTÃO DE COMPRAS,CENTRALIZAÇÃO DO PROCESSAMENTO DE COMPRAS PÚBLICAS
2025,1500,SECRETARIA DE ESTADO DE PLANEJAMENTO E GESTÃO - SEPLAG,3,0,1501,SECRETARIA DE ESTADO DE PLANEJAMENTO E GESTÃO - SEPLAG,3,3,90,40,10,1,10837,4,122,159,4,473,4473,1,49000.00,49000.00,49000.00,0,MODERNIZAÇÃO EM GESTÃO DE COMPRAS,CENTRALIZAÇÃO DO PROCESSAMENTO DE COMPRAS PÚBLICAS
2025,1500,SECRETARIA DE ESTADO DE PLANEJAMENTO E GESTÃO - SEPLAG,3,0,1501,SECRETARIA DE ESTADO DE PLANEJAMENTO E GESTÃO - SEPLAG,4,4,90,40,10,1,10837,4,122,159,4,473,4473,1,8091232.00,8091232.00,8091232.00,0,MODERNIZAÇÃO EM GESTÃO DE COMPRAS,CENTRALIZAÇÃO DO PROCESSAMENTO DE COMPRAS PÚBLICAS
2025,1500,SECRETARIA DE ESTADO DE PLANEJAMENTO E GESTÃO - SEPLAG,3,0,1501,SECRETARIA DE ESTADO DE PLANEJAMENTO E GESTÃO - SEPLAG,4,4,90,40,25,1,10837,4,122,159,4,473,4473,1,295427.00,295427.00,295427.00,0,MODERNIZAÇÃO EM GESTÃO DE COMPRAS,CENTRALIZAÇÃO DO PROCESSAMENTO DE COMPRAS PÚBLICAS
2025,1500,SECRETARIA DE ESTADO DE PLANEJAMENTO E GESTÃO - SEPLAG,3,0,1501,SECRETARIA DE ESTADO DE PLANEJAMENTO E GESTÃO - SEPLAG,3,3,90,14,10,1,10866,4,122,160,1,84,1084,1,30000.00,30000.00,30000.00,1,MODERNIZAÇÃO DA GESTÃO DOS IMÓVEIS DO ESTADO DE MINAS GERAIS,MELHORIA DA GESTÃO LOGÍSTICA E PATRIMONIAL
2025,1500,SECRETARIA DE ESTADO DE PLANEJAMENTO E GESTÃO - SEPLAG,3,0,1501,SECRETARIA DE ESTADO DE PLANEJAMENTO E GESTÃO - SEPLAG,3,3,90,39,10,1,10866,4,122,160,1,84,1084,1,5582473.00,5582473.00,5582473.00,1,MODERNIZAÇÃO DA GESTÃO DOS IMÓVEIS DO ESTADO DE MINAS GERAIS,MELHORIA DA GESTÃO LOGÍSTICA E PATRIMONIAL
2025,1500,SECRETARIA DE ESTADO DE PLANEJAMENTO E GESTÃO - SEPLAG,3,0,1501,SECRETARIA DE ESTADO DE PLANEJAMENTO E GESTÃO - SEPLAG,3,3,90,14,10,1,10864,4,122,160,4,485,4485,1,91224.00,91224.00,91224.00,0,GESTÃO DOS PROCESSOS DE LOGÍSTICA CORPORATIVA,MELHORIA DA GESTÃO LOGÍSTICA E PATRIMONIAL
2025,1500,SECRETARIA DE ESTADO DE PLANEJAMENTO E GESTÃO - SEPLAG,3,0,1501,SECRETARIA DE ESTADO DE PLANEJAMENTO E GESTÃO - SEPLAG,3,3,90,30,10,1,10864,4,122,160,4,485,4485,1,308000.00,308000.00,308000.00,0,GESTÃO DOS PROCESSOS DE LOGÍSTICA CORPORATIVA,MELHORIA DA GESTÃO LOGÍSTICA E PATRIMONIAL
2025,1500,SECRETARIA DE ESTADO DE PLANEJAMENTO E GESTÃO - SEPLAG,3,0,1501,SECRETARIA DE ESTADO DE PLANEJAMENTO E GESTÃO - SEPLAG,3,3,90,33,10,1,10864,4,122,160,4,485,4485,1,26250.00,26250.00,26250.00,0,GESTÃO DOS PROCESSOS DE LOGÍSTICA CORPORATIVA,MELHORIA DA GESTÃO LOGÍSTICA E PATRIMONIAL
2025,1500,SECRETARIA DE ESTADO DE PLANEJAMENTO E GESTÃO - SEPLAG,3,0,1501,SECRETARIA DE ESTADO DE PLANEJAMENTO E GESTÃO - SEPLAG,3,3,90,35,10,1,10864,4,122,160,4,485,4485,1,514080.00,514080.00,514080.00,0,GESTÃO DOS PROCESSOS DE LOGÍSTICA CORPORATIVA,MELHORIA DA GESTÃO LOGÍSTICA E PATRIMONIAL
2025,1500,SECRETARIA DE ESTADO DE PLANEJAMENTO E GESTÃO - SEPLAG,3,0,1501,SECRETARIA DE ESTADO DE PLANEJAMENTO E GESTÃO - SEPLAG,3,3,90,36,10,1,10864,4,122,160,4,485,4485,1,1000.00,1000.00,1000.00,0,GESTÃO DOS PROCESSOS DE LOGÍSTICA CORPORATIVA,MELHORIA DA GESTÃO LOGÍSTICA E PATRIMONIAL
2025,1500,SECRETARIA DE ESTADO DE PLANEJAMENTO E GESTÃO - SEPLAG,3,0,1501,SECRETARIA DE ESTADO DE PLANEJAMENTO E GESTÃO - SEPLAG,3,3,90,37,10,1,10864,4,122,160,4,485,4485,1,21070848.00,21070848.00,21070848.00,0,GESTÃO DOS PROCESSOS DE LOGÍSTICA CORPORATIVA,MELHORIA DA GESTÃO LOGÍSTICA E PATRIMONIAL
2025,1500,SECRETARIA DE ESTADO DE PLANEJAMENTO E GESTÃO - SEPLAG,3,0,1501,SECRETARIA DE ESTADO DE PLANEJAMENTO E GESTÃO - SEPLAG,3,3,90,37,60,2,10864,4,122,160,4,485,4485,1,1223809.00,1223809.00,1223809.00,0,GESTÃO DOS PROCESSOS DE LOGÍSTICA CORPORATIVA,MELHORIA DA GESTÃO LOGÍSTICA E PATRIMONIAL
2025,1500,SECRETARIA DE ESTADO DE PLANEJAMENTO E GESTÃO - SEPLAG,3,0,1501,SECRETARIA DE ESTADO DE PLANEJAMENTO E GESTÃO - SEPLAG,3,3,90,39,10,1,10864,4,122,160,4,485,4485,1,7960135.00,7960135.00,7960135.00,0,GESTÃO DOS PROCESSOS DE LOGÍSTICA CORPORATIVA,MELHORIA DA GESTÃO LOGÍSTICA E PATRIMONIAL
2025,1500,SECRETARIA DE ESTADO DE PLANEJAMENTO E GESTÃO - SEPLAG,3,0,1501,SECRETARIA DE ESTADO DE PLANEJAMENTO E GESTÃO - SEPLAG,3,3,90,39,60,2,10864,4,122,160,4,485,4485,1,608580.00,608580.00,608580.00,0,GESTÃO DOS PROCESSOS DE LOGÍSTICA CORPORATIVA,MELHORIA DA GESTÃO LOGÍSTICA E PATRIMONIAL
2025,1500,SECRETARIA DE ESTADO DE PLANEJAMENTO E GESTÃO - SEPLAG,3,0,1501,SECRETARIA DE ESTADO DE PLANEJAMENTO E GESTÃO - SEPLAG,3,3,90,40,10,1,10864,4,122,160,4,485,4485,1,14675.00,14675.00,14675.00,0,GESTÃO DOS PROCESSOS DE LOGÍSTICA CORPORATIVA,MELHORIA DA GESTÃO LOGÍSTICA E PATRIMONIAL
2025,1500,SECRETARIA DE ESTADO DE PLANEJAMENTO E GESTÃO - SEPLAG,3,0,1501,SECRETARIA DE ESTADO DE PLANEJAMENTO E GESTÃO - SEPLAG,4,4,90,40,10,1,10864,4,122,160,4,485,4485,1,750000.00,750000.00,750000.00,0,GESTÃO DOS PROCESSOS DE LOGÍSTICA CORPORATIVA,MELHORIA DA GESTÃO LOGÍSTICA E PATRIMONIAL
2025,1500,SECRETARIA DE ESTADO DE PLANEJAMENTO E GESTÃO - SEPLAG,3,0,1501,SECRETARIA DE ESTADO DE PLANEJAMENTO E GESTÃO - SEPLAG,4,4,90,40,25,1,10864,4,122,160,4,485,4485,1,334081.00,334081.00,334081.00,0,GESTÃO DOS PROCESSOS DE LOGÍSTICA CORPORATIVA,MELHORIA DA GESTÃO LOGÍSTICA E PATRIMONIAL
2025,1500,SECRETARIA DE ESTADO DE PLANEJAMENTO E GESTÃO - SEPLAG,3,0,1501,SECRETARIA DE ESTADO DE PLANEJAMENTO E GESTÃO - SEPLAG,4,4,90,52,10,1,10864,4,122,160,4,485,4485,1,8250.00,8250.00,8250.00,0,GESTÃO DOS PROCESSOS DE LOGÍSTICA CORPORATIVA,MELHORIA DA GESTÃO LOGÍSTICA E PATRIMONIAL
2025,1500,SECRETARIA DE ESTADO DE PLANEJAMENTO E GESTÃO - SEPLAG,3,0,1501,SECRETARIA DE ESTADO DE PLANEJAMENTO E GESTÃO - SEPLAG,3,3,90,14,10,1,10865,4,122,160,4,486,4486,1,70000.00,70000.00,70000.00,0,GESTÃO DA DESTINAÇÃO DE IMÓVEIS,MELHORIA DA GESTÃO LOGÍSTICA E PATRIMONIAL
2025,1500,SECRETARIA DE ESTADO DE PLANEJAMENTO E GESTÃO - SEPLAG,3,0,1501,SECRETARIA DE ESTADO DE PLANEJAMENTO E GESTÃO - SEPLAG,3,3,90,39,10,1,10865,4,122,160,4,486,4486,1,582023.00,582023.00,582023.00,0,GESTÃO DA DESTINAÇÃO DE IMÓVEIS,MELHORIA DA GESTÃO LOGÍSTICA E PATRIMONIAL
2025,1500,SECRETARIA DE ESTADO DE PLANEJAMENTO E GESTÃO - SEPLAG,3,0,1501,SECRETARIA DE ESTADO DE PLANEJAMENTO E GESTÃO - SEPLAG,3,3,90,47,10,1,10865,4,122,160,4,486,4486,1,6000.00,6000.00,6000.00,0,GESTÃO DA DESTINAÇÃO DE IMÓVEIS,MELHORIA DA GESTÃO LOGÍSTICA E PATRIMONIAL
2025,1500,SECRETARIA DE ESTADO DE PLANEJAMENTO E GESTÃO - SEPLAG,3,0,1501,SECRETARIA DE ESTADO DE PLANEJAMENTO E GESTÃO - SEPLAG,3,3,90,40,10,1,10867,4,122,160,4,487,4487,1,15929680.00,15929680.00,15929680.00,0,GESTÃO E DISPONIBILIZAÇÃO DOS SISTEMAS CORPORATIVOS DE GESTÃO LOGÍSTICA E PATRIMONIAL,MELHORIA DA GESTÃO LOGÍSTICA E PATRIMONIAL
2025,1500,SECRETARIA DE ESTADO DE PLANEJAMENTO E GESTÃO - SEPLAG,3,0,1501,SECRETARIA DE ESTADO DE PLANEJAMENTO E GESTÃO - SEPLAG,4,4,90,40,10,1,10867,4,122,160,4,487,4487,1,4736524.00,4736524.00,4736524.00,0,GESTÃO E DISPONIBILIZAÇÃO DOS SISTEMAS CORPORATIVOS DE GESTÃO LOGÍSTICA E PATRIMONIAL,MELHORIA DA GESTÃO LOGÍSTICA E PATRIMONIAL
2025,1500,SECRETARIA DE ESTADO DE PLANEJAMENTO E GESTÃO - SEPLAG,3,0,1501,SECRETARIA DE ESTADO DE PLANEJAMENTO E GESTÃO - SEPLAG,3,3,90,14,15,1,10874,4,122,161,4,494,4494,1,189575.00,189575.00,189575.00,0,REGISTRO DE CONDUTORES,GESTÃO DE TRÂNSITO
2025,1500,SECRETARIA DE ESTADO DE PLANEJAMENTO E GESTÃO - SEPLAG,3,0,1501,SECRETARIA DE ESTADO DE PLANEJAMENTO E GESTÃO - SEPLAG,3,3,90,30,15,1,10874,4,122,161,4,494,4494,1,11400.00,11400.00,11400.00,0,REGISTRO DE CONDUTORES,GESTÃO DE TRÂNSITO
2025,1500,SECRETARIA DE ESTADO DE PLANEJAMENTO E GESTÃO - SEPLAG,3,0,1501,SECRETARIA DE ESTADO DE PLANEJAMENTO E GESTÃO - SEPLAG,3,3,90,33,15,1,10874,4,122,161,4,494,4494,1,1800.00,1800.00,1800.00,0,REGISTRO DE CONDUTORES,GESTÃO DE TRÂNSITO
2025,1500,SECRETARIA DE ESTADO DE PLANEJAMENTO E GESTÃO - SEPLAG,3,0,1501,SECRETARIA DE ESTADO DE PLANEJAMENTO E GESTÃO - SEPLAG,3,3,90,37,15,1,10874,4,122,161,4,494,4494,1,1120410.00,1120410.00,1120410.00,0,REGISTRO DE CONDUTORES,GESTÃO DE TRÂNSITO
2025,1500,SECRETARIA DE ESTADO DE PLANEJAMENTO E GESTÃO - SEPLAG,3,0,1501,SECRETARIA DE ESTADO DE PLANEJAMENTO E GESTÃO - SEPLAG,3,3,90,39,15,1,10874,4,122,161,4,494,4494,1,70440415.00,70440415.00,70440415.00,0,REGISTRO DE CONDUTORES,GESTÃO DE TRÂNSITO
2025,1500,SECRETARIA DE ESTADO DE PLANEJAMENTO E GESTÃO - SEPLAG,3,0,1501,SECRETARIA DE ESTADO DE PLANEJAMENTO E GESTÃO - SEPLAG,3,3,90,39,82,1,10874,4,122,161,4,494,4494,1,26338462.00,26338462.00,26338462.00,0,REGISTRO DE CONDUTORES,GESTÃO DE TRÂNSITO
2025,1500,SECRETARIA DE ESTADO DE PLANEJAMENTO E GESTÃO - SEPLAG,3,0,1501,SECRETARIA DE ESTADO DE PLANEJAMENTO E GESTÃO - SEPLAG,3,3,90,40,82,1,10874,4,122,161,4,494,4494,1,7694148.00,7694148.00,7694148.00,0,REGISTRO DE CONDUTORES,GESTÃO DE TRÂNSITO
2025,1500,SECRETARIA DE ESTADO DE PLANEJAMENTO E GESTÃO - SEPLAG,3,0,1501,SECRETARIA DE ESTADO DE PLANEJAMENTO E GESTÃO - SEPLAG,4,4,90,40,82,1,10874,4,122,161,4,494,4494,1,1038517.00,1038517.00,1038517.00,0,REGISTRO DE CONDUTORES,GESTÃO DE TRÂNSITO
2025,1500,SECRETARIA DE ESTADO DE PLANEJAMENTO E GESTÃO - SEPLAG,3,0,1501,SECRETARIA DE ESTADO DE PLANEJAMENTO E GESTÃO - SEPLAG,3,3,90,14,15,1,10875,4,122,161,4,495,4495,1,18000.00,18000.00,18000.00,0,REGISTRO DE VEÍCULOS,GESTÃO DE TRÂNSITO
2025,1500,SECRETARIA DE ESTADO DE PLANEJAMENTO E GESTÃO - SEPLAG,3,0,1501,SECRETARIA DE ESTADO DE PLANEJAMENTO E GESTÃO - SEPLAG,3,3,90,33,15,1,10875,4,122,161,4,495,4495,1,1800.00,1800.00,1800.00,0,REGISTRO DE VEÍCULOS,GESTÃO DE TRÂNSITO
2025,1500,SECRETARIA DE ESTADO DE PLANEJAMENTO E GESTÃO - SEPLAG,3,0,1501,SECRETARIA DE ESTADO DE PLANEJAMENTO E GESTÃO - SEPLAG,3,3,90,37,15,1,10875,4,122,161,4,495,4495,1,99367.00,99367.00,99367.00,0,REGISTRO DE VEÍCULOS,GESTÃO DE TRÂNSITO
2025,1500,SECRETARIA DE ESTADO DE PLANEJAMENTO E GESTÃO - SEPLAG,3,0,1501,SECRETARIA DE ESTADO DE PLANEJAMENTO E GESTÃO - SEPLAG,3,3,90,39,15,1,10875,4,122,161,4,495,4495,1,4250188.00,4250188.00,4250188.00,0,REGISTRO DE VEÍCULOS,GESTÃO DE TRÂNSITO
2025,1500,SECRETARIA DE ESTADO DE PLANEJAMENTO E GESTÃO - SEPLAG,3,0,1501,SECRETARIA DE ESTADO DE PLANEJAMENTO E GESTÃO - SEPLAG,3,3,90,40,82,1,10875,4,122,161,4,495,4495,1,30589064.00,30589064.00,30589064.00,0,REGISTRO DE VEÍCULOS,GESTÃO DE TRÂNSITO
2025,1500,SECRETARIA DE ESTADO DE PLANEJAMENTO E GESTÃO - SEPLAG,3,0,1501,SECRETARIA DE ESTADO DE PLANEJAMENTO E GESTÃO - SEPLAG,4,4,90,40,82,1,10875,4,122,161,4,495,4495,1,2002856.00,2002856.00,2002856.00,0,REGISTRO DE VEÍCULOS,GESTÃO DE TRÂNSITO
2025,1500,SECRETARIA DE ESTADO DE PLANEJAMENTO E GESTÃO - SEPLAG,3,0,1501,SECRETARIA DE ESTADO DE PLANEJAMENTO E GESTÃO - SEPLAG,3,3,90,14,15,1,10876,4,122,161,4,496,4496,1,36000.00,36000.00,36000.00,0,ATENDIMENTO E TRANSFORMAÇÃO DE SERVIÇOS DE TRÂNSITO,GESTÃO DE TRÂNSITO
2025,1500,SECRETARIA DE ESTADO DE PLANEJAMENTO E GESTÃO - SEPLAG,3,0,1501,SECRETARIA DE ESTADO DE PLANEJAMENTO E GESTÃO - SEPLAG,3,3,90,30,15,1,10876,4,122,161,4,496,4496,1,299300.00,299300.00,299300.00,0,ATENDIMENTO E TRANSFORMAÇÃO DE SERVIÇOS DE TRÂNSITO,GESTÃO DE TRÂNSITO
2025,1500,SECRETARIA DE ESTADO DE PLANEJAMENTO E GESTÃO - SEPLAG,3,0,1501,SECRETARIA DE ESTADO DE PLANEJAMENTO E GESTÃO - SEPLAG,3,3,90,33,15,1,10876,4,122,161,4,496,4496,1,141100.00,141100.00,141100.00,0,ATENDIMENTO E TRANSFORMAÇÃO DE SERVIÇOS DE TRÂNSITO,GESTÃO DE TRÂNSITO
2025,1500,SECRETARIA DE ESTADO DE PLANEJAMENTO E GESTÃO - SEPLAG,3,0,1501,SECRETARIA DE ESTADO DE PLANEJAMENTO E GESTÃO - SEPLAG,3,3,90,37,15,1,10876,4,122,161,4,496,4496,1,463662.00,463662.00,463662.00,0,ATENDIMENTO E TRANSFORMAÇÃO DE SERVIÇOS DE TRÂNSITO,GESTÃO DE TRÂNSITO
2025,1500,SECRETARIA DE ESTADO DE PLANEJAMENTO E GESTÃO - SEPLAG,3,0,1501,SECRETARIA DE ESTADO DE PLANEJAMENTO E GESTÃO - SEPLAG,3,3,90,39,15,1,10876,4,122,161,4,496,4496,1,22523309.00,22523309.00,22523309.00,0,ATENDIMENTO E TRANSFORMAÇÃO DE SERVIÇOS DE TRÂNSITO,GESTÃO DE TRÂNSITO
2025,1500,SECRETARIA DE ESTADO DE PLANEJAMENTO E GESTÃO - SEPLAG,3,0,1501,SECRETARIA DE ESTADO DE PLANEJAMENTO E GESTÃO - SEPLAG,3,3,90,39,82,1,10876,4,122,161,4,496,4496,1,1530611.00,1530611.00,1530611.00,0,ATENDIMENTO E TRANSFORMAÇÃO DE SERVIÇOS DE TRÂNSITO,GESTÃO DE TRÂNSITO
2025,1500,SECRETARIA DE ESTADO DE PLANEJAMENTO E GESTÃO - SEPLAG,3,0,1501,SECRETARIA DE ESTADO DE PLANEJAMENTO E GESTÃO - SEPLAG,3,3,90,40,15,1,10876,4,122,161,4,496,4496,1,4031500.00,4031500.00,4031500.00,0,ATENDIMENTO E TRANSFORMAÇÃO DE SERVIÇOS DE TRÂNSITO,GESTÃO DE TRÂNSITO
2025,1500,SECRETARIA DE ESTADO DE PLANEJAMENTO E GESTÃO - SEPLAG,3,0,1501,SECRETARIA DE ESTADO DE PLANEJAMENTO E GESTÃO - SEPLAG,3,3,90,40,82,1,10876,4,122,161,4,496,4496,1,7848503.00,7848503.00,7848503.00,0,ATENDIMENTO E TRANSFORMAÇÃO DE SERVIÇOS DE TRÂNSITO,GESTÃO DE TRÂNSITO
2025,1500,SECRETARIA DE ESTADO DE PLANEJAMENTO E GESTÃO - SEPLAG,3,0,1501,SECRETARIA DE ESTADO DE PLANEJAMENTO E GESTÃO - SEPLAG,3,3,90,47,15,1,10876,4,122,161,4,496,4496,1,4200.00,4200.00,4200.00,0,ATENDIMENTO E TRANSFORMAÇÃO DE SERVIÇOS DE TRÂNSITO,GESTÃO DE TRÂNSITO
2025,1500,SECRETARIA DE ESTADO DE PLANEJAMENTO E GESTÃO - SEPLAG,3,0,1501,SECRETARIA DE ESTADO DE PLANEJAMENTO E GESTÃO - SEPLAG,4,4,90,40,15,1,10876,4,122,161,4,496,4496,1,1656000.00,1656000.00,1656000.00,0,ATENDIMENTO E TRANSFORMAÇÃO DE SERVIÇOS DE TRÂNSITO,GESTÃO DE TRÂNSITO
2025,1500,SECRETARIA DE ESTADO DE PLANEJAMENTO E GESTÃO - SEPLAG,3,0,1501,SECRETARIA DE ESTADO DE PLANEJAMENTO E GESTÃO - SEPLAG,4,4,90,40,82,1,10876,4,122,161,4,496,4496,1,4447737.00,4447737.00,4447737.00,0,ATENDIMENTO E TRANSFORMAÇÃO DE SERVIÇOS DE TRÂNSITO,GESTÃO DE TRÂNSITO
2025,1500,SECRETARIA DE ESTADO DE PLANEJAMENTO E GESTÃO - SEPLAG,3,0,1501,SECRETARIA DE ESTADO DE PLANEJAMENTO E GESTÃO - SEPLAG,4,4,90,52,74,1,10876,4,122,161,4,496,4496,1,3012300.00,3012300.00,3012300.00,0,ATENDIMENTO E TRANSFORMAÇÃO DE SERVIÇOS DE TRÂNSITO,GESTÃO DE TRÂNSITO
2025,1500,SECRETARIA DE ESTADO DE PLANEJAMENTO E GESTÃO - SEPLAG,3,0,1501,SECRETARIA DE ESTADO DE PLANEJAMENTO E GESTÃO - SEPLAG,3,1,90,4,10,1,11052,4,122,705,2,417,2417,1,8419730.00,8419730.00,8419730.00,0,REMUNERAÇÃO DE PESSOAL ATIVO E ENCARGOS SOCIAIS,APOIO ÀS POLÍTICAS PÚBLICAS
2025,1500,SECRETARIA DE ESTADO DE PLANEJAMENTO E GESTÃO - SEPLAG,3,0,1501,SECRETARIA DE ESTADO DE PLANEJAMENTO E GESTÃO - SEPLAG,3,1,90,7,10,1,11052,4,122,705,2,417,2417,1,1567625.00,1567625.00,1567625.00,0,REMUNERAÇÃO DE PESSOAL ATIVO E ENCARGOS SOCIAIS,APOIO ÀS POLÍTICAS PÚBLICAS
2025,1500,SECRETARIA DE ESTADO DE PLANEJAMENTO E GESTÃO - SEPLAG,3,0,1501,SECRETARIA DE ESTADO DE PLANEJAMENTO E GESTÃO - SEPLAG,3,1,90,11,10,1,11052,4,122,705,2,417,2417,1,135776234.00,135776234.00,135776234.00,0,REMUNERAÇÃO DE PESSOAL ATIVO E ENCARGOS SOCIAIS,APOIO ÀS POLÍTICAS PÚBLICAS
2025,1500,SECRETARIA DE ESTADO DE PLANEJAMENTO E GESTÃO - SEPLAG,3,0,1501,SECRETARIA DE ESTADO DE PLANEJAMENTO E GESTÃO - SEPLAG,3,1,90,13,10,1,11052,4,122,705,2,417,2417,1,3944603.00,3944603.00,3944603.00,0,REMUNERAÇÃO DE PESSOAL ATIVO E ENCARGOS SOCIAIS,APOIO ÀS POLÍTICAS PÚBLICAS
2025,1500,SECRETARIA DE ESTADO DE PLANEJAMENTO E GESTÃO - SEPLAG,3,0,1501,SECRETARIA DE ESTADO DE PLANEJAMENTO E GESTÃO - SEPLAG,3,1,90,16,10,1,11052,4,122,705,2,417,2417,1,4191250.00,4191250.00,4191250.00,0,REMUNERAÇÃO DE PESSOAL ATIVO E ENCARGOS SOCIAIS,APOIO ÀS POLÍTICAS PÚBLICAS
2025,1500,SECRETARIA DE ESTADO DE PLANEJAMENTO E GESTÃO - SEPLAG,3,0,1501,SECRETARIA DE ESTADO DE PLANEJAMENTO E GESTÃO - SEPLAG,3,1,91,4,10,1,11052,4,122,705,2,417,2417,1,1362005.00,1362005.00,1362005.00,0,REMUNERAÇÃO DE PESSOAL ATIVO E ENCARGOS SOCIAIS,APOIO ÀS POLÍTICAS PÚBLICAS
2025,1500,SECRETARIA DE ESTADO DE PLANEJAMENTO E GESTÃO - SEPLAG,3,0,1501,SECRETARIA DE ESTADO DE PLANEJAMENTO E GESTÃO - SEPLAG,3,1,91,13,10,1,11052,4,122,705,2,417,2417,1,46404228.00,46404228.00,46404228.00,0,REMUNERAÇÃO DE PESSOAL ATIVO E ENCARGOS SOCIAIS,APOIO ÀS POLÍTICAS PÚBLICAS
2025,1500,SECRETARIA DE ESTADO DE PLANEJAMENTO E GESTÃO - SEPLAG,3,0,1501,SECRETARIA DE ESTADO DE PLANEJAMENTO E GESTÃO - SEPLAG,3,3,90,19,10,7,11052,4,122,705,2,417,2417,1,155016.00,155016.00,155016.00,0,REMUNERAÇÃO DE PESSOAL ATIVO E ENCARGOS SOCIAIS,APOIO ÀS POLÍTICAS PÚBLICAS
2025,1500,SECRETARIA DE ESTADO DE PLANEJAMENTO E GESTÃO - SEPLAG,3,0,1501,SECRETARIA DE ESTADO DE PLANEJAMENTO E GESTÃO - SEPLAG,3,3,90,36,10,1,11052,4,122,705,2,417,2417,1,1455051.00,1455051.00,1455051.00,0,REMUNERAÇÃO DE PESSOAL ATIVO E ENCARGOS SOCIAIS,APOIO ÀS POLÍTICAS PÚBLICAS
2025,1500,SECRETARIA DE ESTADO DE PLANEJAMENTO E GESTÃO - SEPLAG,3,0,1501,SECRETARIA DE ESTADO DE PLANEJAMENTO E GESTÃO - SEPLAG,3,3,90,46,10,7,11052,4,122,705,2,417,2417,1,17403350.00,17403350.00,17403350.00,0,REMUNERAÇÃO DE PESSOAL ATIVO E ENCARGOS SOCIAIS,APOIO ÀS POLÍTICAS PÚBLICAS
2025,1500,SECRETARIA DE ESTADO DE PLANEJAMENTO E GESTÃO - SEPLAG,3,0,1501,SECRETARIA DE ESTADO DE PLANEJAMENTO E GESTÃO - SEPLAG,3,3,90,49,10,7,11052,4,122,705,2,417,2417,1,643759.00,643759.00,643759.00,0,REMUNERAÇÃO DE PESSOAL ATIVO E ENCARGOS SOCIAIS,APOIO ÀS POLÍTICAS PÚBLICAS
2025,1500,SECRETARIA DE ESTADO DE PLANEJAMENTO E GESTÃO - SEPLAG,3,0,1501,SECRETARIA DE ESTADO DE PLANEJAMENTO E GESTÃO - SEPLAG,3,3,90,14,10,1,9012,4,122,705,2,500,2500,1,259200.00,259200.00,259200.00,0,ASSESSORAMENTO E GERENCIAMENTO DE POLÍTICAS PÚBLICAS,APOIO ÀS POLÍTICAS PÚBLICAS
2025,1500,SECRETARIA DE ESTADO DE PLANEJAMENTO E GESTÃO - SEPLAG,3,0,1501,SECRETARIA DE ESTADO DE PLANEJAMENTO E GESTÃO - SEPLAG,3,3,90,30,10,1,9012,4,122,705,2,500,2500,1,396080.00,396080.00,396080.00,0,ASSESSORAMENTO E GERENCIAMENTO DE POLÍTICAS PÚBLICAS,APOIO ÀS POLÍTICAS PÚBLICAS
2025,1500,SECRETARIA DE ESTADO DE PLANEJAMENTO E GESTÃO - SEPLAG,3,0,1501,SECRETARIA DE ESTADO DE PLANEJAMENTO E GESTÃO - SEPLAG,3,3,90,33,10,1,9012,4,122,705,2,500,2500,1,1028140.00,1028140.00,1028140.00,0,ASSESSORAMENTO E GERENCIAMENTO DE POLÍTICAS PÚBLICAS,APOIO ÀS POLÍTICAS PÚBLICAS
2025,1500,SECRETARIA DE ESTADO DE PLANEJAMENTO E GESTÃO - SEPLAG,3,0,1501,SECRETARIA DE ESTADO DE PLANEJAMENTO E GESTÃO - SEPLAG,3,3,90,37,10,1,9012,4,122,705,2,500,2500,1,2555999.00,2555999.00,2555999.00,0,ASSESSORAMENTO E GERENCIAMENTO DE POLÍTICAS PÚBLICAS,APOIO ÀS POLÍTICAS PÚBLICAS
2025,1500,SECRETARIA DE ESTADO DE PLANEJAMENTO E GESTÃO - SEPLAG,3,0,1501,SECRETARIA DE ESTADO DE PLANEJAMENTO E GESTÃO - SEPLAG,3,3,90,39,10,1,9012,4,122,705,2,500,2500,1,700277.00,700277.00,700277.00,0,ASSESSORAMENTO E GERENCIAMENTO DE POLÍTICAS PÚBLICAS,APOIO ÀS POLÍTICAS PÚBLICAS
2025,1500,SECRETARIA DE ESTADO DE PLANEJAMENTO E GESTÃO - SEPLAG,3,0,1501,SECRETARIA DE ESTADO DE PLANEJAMENTO E GESTÃO - SEPLAG,3,3,90,40,10,1,9012,4,122,705,2,500,2500,1,740296.00,740296.00,740296.00,0,ASSESSORAMENTO E GERENCIAMENTO DE POLÍTICAS PÚBLICAS,APOIO ÀS POLÍTICAS PÚBLICAS
2025,1500,SECRETARIA DE ESTADO DE PLANEJAMENTO E GESTÃO - SEPLAG,3,0,1501,SECRETARIA DE ESTADO DE PLANEJAMENTO E GESTÃO - SEPLAG,4,4,90,40,10,1,9012,4,122,705,2,500,2500,1,373796.00,373796.00,373796.00,0,ASSESSORAMENTO E GERENCIAMENTO DE POLÍTICAS PÚBLICAS,APOIO ÀS POLÍTICAS PÚBLICAS
2025,1500,SECRETARIA DE ESTADO DE PLANEJAMENTO E GESTÃO - SEPLAG,3,0,1501,SECRETARIA DE ESTADO DE PLANEJAMENTO E GESTÃO - SEPLAG,3,1,90,7,10,1,10872,4,125,161,4,491,4491,1,39616.00,39616.00,39616.00,0,APREENSÃO E LIBERAÇÃO DE VEÍCULOS,GESTÃO DE TRÂNSITO
2025,1500,SECRETARIA DE ESTADO DE PLANEJAMENTO E GESTÃO - SEPLAG,3,0,1501,SECRETARIA DE ESTADO DE PLANEJAMENTO E GESTÃO - SEPLAG,3,1,90,11,10,1,10872,4,125,161,4,491,4491,1,68968589.00,68968589.00,68968589.00,0,APREENSÃO E LIBERAÇÃO DE VEÍCULOS,GESTÃO DE TRÂNSITO
2025,1500,SECRETARIA DE ESTADO DE PLANEJAMENTO E GESTÃO - SEPLAG,3,0,1501,SECRETARIA DE ESTADO DE PLANEJAMENTO E GESTÃO - SEPLAG,3,1,90,13,10,1,10872,4,125,161,4,491,4491,1,288418.00,288418.00,288418.00,0,APREENSÃO E LIBERAÇÃO DE VEÍCULOS,GESTÃO DE TRÂNSITO
2025,1500,SECRETARIA DE ESTADO DE PLANEJAMENTO E GESTÃO - SEPLAG,3,0,1501,SECRETARIA DE ESTADO DE PLANEJAMENTO E GESTÃO - SEPLAG,3,1,91,13,10,1,10872,4,125,161,4,491,4491,1,5992383.00,5992383.00,5992383.00,0,APREENSÃO E LIBERAÇÃO DE VEÍCULOS,GESTÃO DE TRÂNSITO
2025,1500,SECRETARIA DE ESTADO DE PLANEJAMENTO E GESTÃO - SEPLAG,3,0,1501,SECRETARIA DE ESTADO DE PLANEJAMENTO E GESTÃO - SEPLAG,3,3,90,14,15,1,10872,4,125,161,4,491,4491,1,12000.00,12000.00,12000.00,0,APREENSÃO E LIBERAÇÃO DE VEÍCULOS,GESTÃO DE TRÂNSITO
2025,1500,SECRETARIA DE ESTADO DE PLANEJAMENTO E GESTÃO - SEPLAG,3,0,1501,SECRETARIA DE ESTADO DE PLANEJAMENTO E GESTÃO - SEPLAG,3,3,90,19,10,7,10872,4,125,161,4,491,4491,1,107652.00,107652.00,107652.00,0,APREENSÃO E LIBERAÇÃO DE VEÍCULOS,GESTÃO DE TRÂNSITO
2025,1500,SECRETARIA DE ESTADO DE PLANEJAMENTO E GESTÃO - SEPLAG,3,0,1501,SECRETARIA DE ESTADO DE PLANEJAMENTO E GESTÃO - SEPLAG,3,3,90,33,15,1,10872,4,125,161,4,491,4491,1,1200.00,1200.00,1200.00,0,APREENSÃO E LIBERAÇÃO DE VEÍCULOS,GESTÃO DE TRÂNSITO
2025,1500,SECRETARIA DE ESTADO DE PLANEJAMENTO E GESTÃO - SEPLAG,3,0,1501,SECRETARIA DE ESTADO DE PLANEJAMENTO E GESTÃO - SEPLAG,3,3,90,39,15,1,10872,4,125,161,4,491,4491,1,107000000.00,107000000.00,107000000.00,0,APREENSÃO E LIBERAÇÃO DE VEÍCULOS,GESTÃO DE TRÂNSITO
2025,1500,SECRETARIA DE ESTADO DE PLANEJAMENTO E GESTÃO - SEPLAG,3,0,1501,SECRETARIA DE ESTADO DE PLANEJAMENTO E GESTÃO - SEPLAG,3,3,90,39,82,1,10872,4,125,161,4,491,4491,1,2215384.00,2215384.00,2215384.00,0,APREENSÃO E LIBERAÇÃO DE VEÍCULOS,GESTÃO DE TRÂNSITO
2025,1500,SECRETARIA DE ESTADO DE PLANEJAMENTO E GESTÃO - SEPLAG,3,0,1501,SECRETARIA DE ESTADO DE PLANEJAMENTO E GESTÃO - SEPLAG,3,3,90,40,82,1,10872,4,125,161,4,491,4491,1,499423.00,499423.00,499423.00,0,APREENSÃO E LIBERAÇÃO DE VEÍCULOS,GESTÃO DE TRÂNSITO
2025,1500,SECRETARIA DE ESTADO DE PLANEJAMENTO E GESTÃO - SEPLAG,3,0,1501,SECRETARIA DE ESTADO DE PLANEJAMENTO E GESTÃO - SEPLAG,3,3,90,46,10,7,10872,4,125,161,4,491,4491,1,3511349.00,3511349.00,3511349.00,0,APREENSÃO E LIBERAÇÃO DE VEÍCULOS,GESTÃO DE TRÂNSITO
2025,1500,SECRETARIA DE ESTADO DE PLANEJAMENTO E GESTÃO - SEPLAG,3,0,1501,SECRETARIA DE ESTADO DE PLANEJAMENTO E GESTÃO - SEPLAG,3,3,90,49,10,7,10872,4,125,161,4,491,4491,1,265973.00,265973.00,265973.00,0,APREENSÃO E LIBERAÇÃO DE VEÍCULOS,GESTÃO DE TRÂNSITO
2025,1500,SECRETARIA DE ESTADO DE PLANEJAMENTO E GESTÃO - SEPLAG,3,0,1501,SECRETARIA DE ESTADO DE PLANEJAMENTO E GESTÃO - SEPLAG,3,3,90,14,15,1,10873,4,125,161,4,492,4492,1,18000.00,18000.00,18000.00,0,"FISCALIZAÇÃO, PREVENÇÃO E CONTROLE DE INFRAÇÕES DE TRÂNSITO",GESTÃO DE TRÂNSITO
2025,1500,SECRETARIA DE ESTADO DE PLANEJAMENTO E GESTÃO - SEPLAG,3,0,1501,SECRETARIA DE ESTADO DE PLANEJAMENTO E GESTÃO - SEPLAG,3,3,90,30,15,1,10873,4,125,161,4,492,4492,1,100000.00,100000.00,100000.00,0,"FISCALIZAÇÃO, PREVENÇÃO E CONTROLE DE INFRAÇÕES DE TRÂNSITO",GESTÃO DE TRÂNSITO
2025,1500,SECRETARIA DE ESTADO DE PLANEJAMENTO E GESTÃO - SEPLAG,3,0,1501,SECRETARIA DE ESTADO DE PLANEJAMENTO E GESTÃO - SEPLAG,3,3,90,33,15,1,10873,4,125,161,4,492,4492,1,1800.00,1800.00,1800.00,0,"FISCALIZAÇÃO, PREVENÇÃO E CONTROLE DE INFRAÇÕES DE TRÂNSITO",GESTÃO DE TRÂNSITO
2025,1500,SECRETARIA DE ESTADO DE PLANEJAMENTO E GESTÃO - SEPLAG,3,0,1501,SECRETARIA DE ESTADO DE PLANEJAMENTO E GESTÃO - SEPLAG,3,3,90,37,15,1,10873,4,125,161,4,492,4492,1,1408010.00,1408010.00,1408010.00,0,"FISCALIZAÇÃO, PREVENÇÃO E CONTROLE DE INFRAÇÕES DE TRÂNSITO",GESTÃO DE TRÂNSITO
2025,1500,SECRETARIA DE ESTADO DE PLANEJAMENTO E GESTÃO - SEPLAG,3,0,1501,SECRETARIA DE ESTADO DE PLANEJAMENTO E GESTÃO - SEPLAG,3,3,90,39,15,1,10873,4,125,161,4,492,4492,1,1237398.00,1237398.00,1237398.00,0,"FISCALIZAÇÃO, PREVENÇÃO E CONTROLE DE INFRAÇÕES DE TRÂNSITO",GESTÃO DE TRÂNSITO
2025,1500,SECRETARIA DE ESTADO DE PLANEJAMENTO E GESTÃO - SEPLAG,3,0,1501,SECRETARIA DE ESTADO DE PLANEJAMENTO E GESTÃO - SEPLAG,3,3,90,39,82,1,10873,4,125,161,4,492,4492,1,3446154.00,3446154.00,3446154.00,0,"FISCALIZAÇÃO, PREVENÇÃO E CONTROLE DE INFRAÇÕES DE TRÂNSITO",GESTÃO DE TRÂNSITO
2025,1500,SECRETARIA DE ESTADO DE PLANEJAMENTO E GESTÃO - SEPLAG,3,0,1501,SECRETARIA DE ESTADO DE PLANEJAMENTO E GESTÃO - SEPLAG,3,3,90,40,82,1,10873,4,125,161,4,492,4492,1,19048262.00,19048262.00,19048262.00,0,"FISCALIZAÇÃO, PREVENÇÃO E CONTROLE DE INFRAÇÕES DE TRÂNSITO",GESTÃO DE TRÂNSITO
2025,1500,SECRETARIA DE ESTADO DE PLANEJAMENTO E GESTÃO - SEPLAG,3,0,1501,SECRETARIA DE ESTADO DE PLANEJAMENTO E GESTÃO - SEPLAG,4,4,90,40,82,1,10873,4,125,161,4,492,4492,1,296720.00,296720.00,296720.00,0,"FISCALIZAÇÃO, PREVENÇÃO E CONTROLE DE INFRAÇÕES DE TRÂNSITO",GESTÃO DE TRÂNSITO
2025,1500,SECRETARIA DE ESTADO DE PLANEJAMENTO E GESTÃO - SEPLAG,3,0,1501,SECRETARIA DE ESTADO DE PLANEJAMENTO E GESTÃO - SEPLAG,3,3,90,37,10,1,10806,4,126,149,4,450,4450,1,84000.00,84000.00,84000.00,0,DISPONIBILIZAÇÃO DE PROCESSOS E DOCUMENTOS DIGITAIS NO ESTADO,TRANSFORMAÇÃO DIGITAL E ATENDIMENTO AO CIDADÃO
2025,1500,SECRETARIA DE ESTADO DE PLANEJAMENTO E GESTÃO - SEPLAG,3,0,1501,SECRETARIA DE ESTADO DE PLANEJAMENTO E GESTÃO - SEPLAG,3,3,90,39,10,1,10806,4,126,149,4,450,4450,1,1116000.00,1116000.00,1116000.00,0,DISPONIBILIZAÇÃO DE PROCESSOS E DOCUMENTOS DIGITAIS NO ESTADO,TRANSFORMAÇÃO DIGITAL E ATENDIMENTO AO CIDADÃO
2025,1500,SECRETARIA DE ESTADO DE PLANEJAMENTO E GESTÃO - SEPLAG,3,0,1501,SECRETARIA DE ESTADO DE PLANEJAMENTO E GESTÃO - SEPLAG,3,3,90,40,10,1,10806,4,126,149,4,450,4450,1,6546957.00,6546957.00,6546957.00,0,DISPONIBILIZAÇÃO DE PROCESSOS E DOCUMENTOS DIGITAIS NO ESTADO,TRANSFORMAÇÃO DIGITAL E ATENDIMENTO AO CIDADÃO
2025,1500,SECRETARIA DE ESTADO DE PLANEJAMENTO E GESTÃO - SEPLAG,3,0,1501,SECRETARIA DE ESTADO DE PLANEJAMENTO E GESTÃO - SEPLAG,3,3,90,30,10,1,10807,4,126,149,4,451,4451,1,75000.00,75000.00,75000.00,0,GESTÃO DOS CANAIS DIGITAIS DE ATENDIMENTO AO CIDADÃO,TRANSFORMAÇÃO DIGITAL E ATENDIMENTO AO CIDADÃO
2025,1500,SECRETARIA DE ESTADO DE PLANEJAMENTO E GESTÃO - SEPLAG,3,0,1501,SECRETARIA DE ESTADO DE PLANEJAMENTO E GESTÃO - SEPLAG,3,3,90,39,10,1,10807,4,126,149,4,451,4451,1,2244000.00,2244000.00,2244000.00,0,GESTÃO DOS CANAIS DIGITAIS DE ATENDIMENTO AO CIDADÃO,TRANSFORMAÇÃO DIGITAL E ATENDIMENTO AO CIDADÃO
2025,1500,SECRETARIA DE ESTADO DE PLANEJAMENTO E GESTÃO - SEPLAG,3,0,1501,SECRETARIA DE ESTADO DE PLANEJAMENTO E GESTÃO - SEPLAG,3,3,90,40,10,1,10807,4,126,149,4,451,4451,1,1783913.00,1783913.00,1783913.00,0,GESTÃO DOS CANAIS DIGITAIS DE ATENDIMENTO AO CIDADÃO,TRANSFORMAÇÃO DIGITAL E ATENDIMENTO AO CIDADÃO
2025,1500,SECRETARIA DE ESTADO DE PLANEJAMENTO E GESTÃO - SEPLAG,3,0,1501,SECRETARIA DE ESTADO DE PLANEJAMENTO E GESTÃO - SEPLAG,4,4,90,40,10,1,10807,4,126,149,4,451,4451,1,4008000.00,4008000.00,4008000.00,0,GESTÃO DOS CANAIS DIGITAIS DE ATENDIMENTO AO CIDADÃO,TRANSFORMAÇÃO DIGITAL E ATENDIMENTO AO CIDADÃO
2025,1500,SECRETARIA DE ESTADO DE PLANEJAMENTO E GESTÃO - SEPLAG,3,0,1501,SECRETARIA DE ESTADO DE PLANEJAMENTO E GESTÃO - SEPLAG,4,4,90,40,25,1,10807,4,126,149,4,451,4451,1,3798788.00,3798788.00,3798788.00,0,GESTÃO DOS CANAIS DIGITAIS DE ATENDIMENTO AO CIDADÃO,TRANSFORMAÇÃO DIGITAL E ATENDIMENTO AO CIDADÃO
2025,1500,SECRETARIA DE ESTADO DE PLANEJAMENTO E GESTÃO - SEPLAG,3,0,2011,INSTITUTO DE PREVIDÊNCIA DOS SERVIDORES DO ESTADO DE MINAS GERAIS - IPSEMG,3,3,90,14,10,1,10336,4,122,705,2,14,2014,1,126000.00,126000.00,126000.00,0,ASSESSORAMENTO E GESTÃO PREVIDENCIÁRIA,APOIO ÀS POLÍTICAS PÚBLICAS
2025,1500,SECRETARIA DE ESTADO DE PLANEJAMENTO E GESTÃO - SEPLAG,3,0,2011,INSTITUTO DE PREVIDÊNCIA DOS SERVIDORES DO ESTADO DE MINAS GERAIS - IPSEMG,3,3,90,33,10,1,10336,4,122,705,2,14,2014,1,60000.00,60000.00,60000.00,0,ASSESSORAMENTO E GESTÃO PREVIDENCIÁRIA,APOIO ÀS POLÍTICAS PÚBLICAS
2025,1500,SECRETARIA DE ESTADO DE PLANEJAMENTO E GESTÃO - SEPLAG,3,0,2011,INSTITUTO DE PREVIDÊNCIA DOS SERVIDORES DO ESTADO DE MINAS GERAIS - IPSEMG,3,3,90,37,10,1,10336,4,122,705,2,14,2014,1,5836158.00,5836158.00,5836158.00,0,ASSESSORAMENTO E GESTÃO PREVIDENCIÁRIA,APOIO ÀS POLÍTICAS PÚBLICAS
2025,1500,SECRETARIA DE ESTADO DE PLANEJAMENTO E GESTÃO - SEPLAG,3,0,2011,INSTITUTO DE PREVIDÊNCIA DOS SERVIDORES DO ESTADO DE MINAS GERAIS - IPSEMG,3,3,90,39,10,1,10336,4,122,705,2,14,2014,1,1232884.00,1232884.00,1232884.00,0,ASSESSORAMENTO E GESTÃO PREVIDENCIÁRIA,APOIO ÀS POLÍTICAS PÚBLICAS
2025,1500,SECRETARIA DE ESTADO DE PLANEJAMENTO E GESTÃO - SEPLAG,3,0,2011,INSTITUTO DE PREVIDÊNCIA DOS SERVIDORES DO ESTADO DE MINAS GERAIS - IPSEMG,3,3,90,40,10,1,10336,4,122,705,2,14,2014,1,624388.00,624388.00,624388.00,0,ASSESSORAMENTO E GESTÃO PREVIDENCIÁRIA,APOIO ÀS POLÍTICAS PÚBLICAS
2025,1500,SECRETARIA DE ESTADO DE PLANEJAMENTO E GESTÃO - SEPLAG,3,0,2011,INSTITUTO DE PREVIDÊNCIA DOS SERVIDORES DO ESTADO DE MINAS GERAIS - IPSEMG,4,4,90,40,10,1,10336,4,122,705,2,14,2014,1,560693.00,560693.00,560693.00,0,ASSESSORAMENTO E GESTÃO PREVIDENCIÁRIA,APOIO ÀS POLÍTICAS PÚBLICAS
2025,1500,SECRETARIA DE ESTADO DE PLANEJAMENTO E GESTÃO - SEPLAG,3,0,2011,INSTITUTO DE PREVIDÊNCIA DOS SERVIDORES DO ESTADO DE MINAS GERAIS - IPSEMG,3,3,90,8,60,1,10752,8,244,138,4,409,4409,1,903106.00,903106.00,903106.00,0,AUXÍLIO FINANCEIRO AO SEGURADO,"CONCESSÃO DE AUXÍLIO FINANCEIRO, SEGURO E PECÚLIO"
2025,1500,SECRETARIA DE ESTADO DE PLANEJAMENTO E GESTÃO - SEPLAG,3,0,2011,INSTITUTO DE PREVIDÊNCIA DOS SERVIDORES DO ESTADO DE MINAS GERAIS - IPSEMG,3,3,90,13,50,1,10299,10,122,39,2,12,2012,1,1229468.00,1229468.00,1229468.00,0,ASSESSORAMENTO E GESTÃO DA ASSISTÊNCIA À SAÚDE,GESTÃO DA ASSISTÊNCIA À SAÚDE
2025,1500,SECRETARIA DE ESTADO DE PLANEJAMENTO E GESTÃO - SEPLAG,3,0,2011,INSTITUTO DE PREVIDÊNCIA DOS SERVIDORES DO ESTADO DE MINAS GERAIS - IPSEMG,3,3,90,36,50,1,10299,10,122,39,2,12,2012,1,6147339.00,6147339.00,6147339.00,0,ASSESSORAMENTO E GESTÃO DA ASSISTÊNCIA À SAÚDE,GESTÃO DA ASSISTÊNCIA À SAÚDE
2025,1500,SECRETARIA DE ESTADO DE PLANEJAMENTO E GESTÃO - SEPLAG,3,0,2011,INSTITUTO DE PREVIDÊNCIA DOS SERVIDORES DO ESTADO DE MINAS GERAIS - IPSEMG,3,3,90,39,50,1,10299,10,122,39,2,12,2012,1,2323488.00,2323488.00,2323488.00,0,ASSESSORAMENTO E GESTÃO DA ASSISTÊNCIA À SAÚDE,GESTÃO DA ASSISTÊNCIA À SAÚDE
2025,1500,SECRETARIA DE ESTADO DE PLANEJAMENTO E GESTÃO - SEPLAG,3,0,2011,INSTITUTO DE PREVIDÊNCIA DOS SERVIDORES DO ESTADO DE MINAS GERAIS - IPSEMG,3,3,90,40,50,1,10299,10,122,39,2,12,2012,1,174388.00,174388.00,174388.00,0,ASSESSORAMENTO E GESTÃO DA ASSISTÊNCIA À SAÚDE,GESTÃO DA ASSISTÊNCIA À SAÚDE
2025,1500,SECRETARIA DE ESTADO DE PLANEJAMENTO E GESTÃO - SEPLAG,3,0,2011,INSTITUTO DE PREVIDÊNCIA DOS SERVIDORES DO ESTADO DE MINAS GERAIS - IPSEMG,4,4,90,40,50,1,10299,10,122,39,2,12,2012,1,5226032.00,5226032.00,5226032.00,0,ASSESSORAMENTO E GESTÃO DA ASSISTÊNCIA À SAÚDE,GESTÃO DA ASSISTÊNCIA À SAÚDE
2025,1500,SECRETARIA DE ESTADO DE PLANEJAMENTO E GESTÃO - SEPLAG,3,0,2011,INSTITUTO DE PREVIDÊNCIA DOS SERVIDORES DO ESTADO DE MINAS GERAIS - IPSEMG,3,3,90,14,50,1,10508,10,122,705,2,39,2039,1,14080.00,14080.00,14080.00,0,ASSESSORAMENTO E GESTÃO DAS UNIDADES REGIONAIS DO IPSEMG,APOIO ÀS POLÍTICAS PÚBLICAS
2025,1500,SECRETARIA DE ESTADO DE PLANEJAMENTO E GESTÃO - SEPLAG,3,0,2011,INSTITUTO DE PREVIDÊNCIA DOS SERVIDORES DO ESTADO DE MINAS GERAIS - IPSEMG,3,3,90,30,50,1,10508,10,122,705,2,39,2039,1,140250.00,140250.00,140250.00,0,ASSESSORAMENTO E GESTÃO DAS UNIDADES REGIONAIS DO IPSEMG,APOIO ÀS POLÍTICAS PÚBLICAS
2025,1500,SECRETARIA DE ESTADO DE PLANEJAMENTO E GESTÃO - SEPLAG,3,0,2011,INSTITUTO DE PREVIDÊNCIA DOS SERVIDORES DO ESTADO DE MINAS GERAIS - IPSEMG,3,3,90,36,50,1,10508,10,122,705,2,39,2039,1,660000.00,660000.00,660000.00,0,ASSESSORAMENTO E GESTÃO DAS UNIDADES REGIONAIS DO IPSEMG,APOIO ÀS POLÍTICAS PÚBLICAS
2025,1500,SECRETARIA DE ESTADO DE PLANEJAMENTO E GESTÃO - SEPLAG,3,0,2011,INSTITUTO DE PREVIDÊNCIA DOS SERVIDORES DO ESTADO DE MINAS GERAIS - IPSEMG,3,3,90,37,50,1,10508,10,122,705,2,39,2039,1,13585046.00,13585046.00,13585046.00,0,ASSESSORAMENTO E GESTÃO DAS UNIDADES REGIONAIS DO IPSEMG,APOIO ÀS POLÍTICAS PÚBLICAS
2025,1500,SECRETARIA DE ESTADO DE PLANEJAMENTO E GESTÃO - SEPLAG,3,0,2011,INSTITUTO DE PREVIDÊNCIA DOS SERVIDORES DO ESTADO DE MINAS GERAIS - IPSEMG,3,3,90,39,50,1,10508,10,122,705,2,39,2039,1,2706436.00,2706436.00,2706436.00,0,ASSESSORAMENTO E GESTÃO DAS UNIDADES REGIONAIS DO IPSEMG,APOIO ÀS POLÍTICAS PÚBLICAS
2025,1500,SECRETARIA DE ESTADO DE PLANEJAMENTO E GESTÃO - SEPLAG,3,0,2011,INSTITUTO DE PREVIDÊNCIA DOS SERVIDORES DO ESTADO DE MINAS GERAIS - IPSEMG,3,3,90,40,50,1,10508,10,122,705,2,39,2039,1,2876112.00,2876112.00,2876112.00,0,ASSESSORAMENTO E GESTÃO DAS UNIDADES REGIONAIS DO IPSEMG,APOIO ÀS POLÍTICAS PÚBLICAS
2025,1500,SECRETARIA DE ESTADO DE PLANEJAMENTO E GESTÃO - SEPLAG,3,0,2011,INSTITUTO DE PREVIDÊNCIA DOS SERVIDORES DO ESTADO DE MINAS GERAIS - IPSEMG,3,3,90,47,50,1,10508,10,122,705,2,39,2039,1,25700.00,25700.00,25700.00,0,ASSESSORAMENTO E GESTÃO DAS UNIDADES REGIONAIS DO IPSEMG,APOIO ÀS POLÍTICAS PÚBLICAS
2025,1500,SECRETARIA DE ESTADO DE PLANEJAMENTO E GESTÃO - SEPLAG,3,0,2011,INSTITUTO DE PREVIDÊNCIA DOS SERVIDORES DO ESTADO DE MINAS GERAIS - IPSEMG,3,3,90,49,50,1,10508,10,122,705,2,39,2039,1,63600.00,63600.00,63600.00,0,ASSESSORAMENTO E GESTÃO DAS UNIDADES REGIONAIS DO IPSEMG,APOIO ÀS POLÍTICAS PÚBLICAS
2025,1500,SECRETARIA DE ESTADO DE PLANEJAMENTO E GESTÃO - SEPLAG,3,0,2011,INSTITUTO DE PREVIDÊNCIA DOS SERVIDORES DO ESTADO DE MINAS GERAIS - IPSEMG,4,4,90,52,50,1,10508,10,122,705,2,39,2039,1,200000.00,200000.00,200000.00,0,ASSESSORAMENTO E GESTÃO DAS UNIDADES REGIONAIS DO IPSEMG,APOIO ÀS POLÍTICAS PÚBLICAS
2025,1500,SECRETARIA DE ESTADO DE PLANEJAMENTO E GESTÃO - SEPLAG,3,0,2011,INSTITUTO DE PREVIDÊNCIA DOS SERVIDORES DO ESTADO DE MINAS GERAIS - IPSEMG,3,1,90,11,49,1,11092,10,122,705,2,417,2417,1,194118251.00,194118251.00,194118251.00,0,REMUNERAÇÃO DE PESSOAL ATIVO E ENCARGOS SOCIAIS,APOIO ÀS POLÍTICAS PÚBLICAS
2025,1500,SECRETARIA DE ESTADO DE PLANEJAMENTO E GESTÃO - SEPLAG,3,0,2011,INSTITUTO DE PREVIDÊNCIA DOS SERVIDORES DO ESTADO DE MINAS GERAIS - IPSEMG,3,1,90,11,57,2,11092,10,122,705,2,417,2417,1,9326709.00,9326709.00,9326709.00,0,REMUNERAÇÃO DE PESSOAL ATIVO E ENCARGOS SOCIAIS,APOIO ÀS POLÍTICAS PÚBLICAS
2025,1500,SECRETARIA DE ESTADO DE PLANEJAMENTO E GESTÃO - SEPLAG,3,0,2011,INSTITUTO DE PREVIDÊNCIA DOS SERVIDORES DO ESTADO DE MINAS GERAIS - IPSEMG,3,1,90,13,49,1,11092,10,122,705,2,417,2417,1,692388.00,692388.00,692388.00,0,REMUNERAÇÃO DE PESSOAL ATIVO E ENCARGOS SOCIAIS,APOIO ÀS POLÍTICAS PÚBLICAS
2025,1500,SECRETARIA DE ESTADO DE PLANEJAMENTO E GESTÃO - SEPLAG,3,0,2011,INSTITUTO DE PREVIDÊNCIA DOS SERVIDORES DO ESTADO DE MINAS GERAIS - IPSEMG,3,1,90,16,49,1,11092,10,122,705,2,417,2417,1,9124146.00,9124146.00,9124146.00,0,REMUNERAÇÃO DE PESSOAL ATIVO E ENCARGOS SOCIAIS,APOIO ÀS POLÍTICAS PÚBLICAS
2025,1500,SECRETARIA DE ESTADO DE PLANEJAMENTO E GESTÃO - SEPLAG,3,0,2011,INSTITUTO DE PREVIDÊNCIA DOS SERVIDORES DO ESTADO DE MINAS GERAIS - IPSEMG,3,1,91,13,49,1,11092,10,122,705,2,417,2417,1,76587447.00,76587447.00,76587447.00,0,REMUNERAÇÃO DE PESSOAL ATIVO E ENCARGOS SOCIAIS,APOIO ÀS POLÍTICAS PÚBLICAS
2025,1500,SECRETARIA DE ESTADO DE PLANEJAMENTO E GESTÃO - SEPLAG,3,0,2011,INSTITUTO DE PREVIDÊNCIA DOS SERVIDORES DO ESTADO DE MINAS GERAIS - IPSEMG,3,3,90,46,49,7,11092,10,122,705,2,417,2417,1,36867572.00,36867572.00,36867572.00,0,REMUNERAÇÃO DE PESSOAL ATIVO E ENCARGOS SOCIAIS,APOIO ÀS POLÍTICAS PÚBLICAS
2025,1500,SECRETARIA DE ESTADO DE PLANEJAMENTO E GESTÃO - SEPLAG,3,0,2011,INSTITUTO DE PREVIDÊNCIA DOS SERVIDORES DO ESTADO DE MINAS GERAIS - IPSEMG,3,3,90,14,50,1,9115,10,122,705,2,500,2500,1,92992.00,92992.00,92992.00,0,ASSESSORAMENTO E GERENCIAMENTO DE POLÍTICAS PÚBLICAS,APOIO ÀS POLÍTICAS PÚBLICAS
2025,1500,SECRETARIA DE ESTADO DE PLANEJAMENTO E GESTÃO - SEPLAG,3,0,2011,INSTITUTO DE PREVIDÊNCIA DOS SERVIDORES DO ESTADO DE MINAS GERAIS - IPSEMG,3,3,90,30,50,1,9115,10,122,705,2,500,2500,1,761016.00,761016.00,761016.00,0,ASSESSORAMENTO E GERENCIAMENTO DE POLÍTICAS PÚBLICAS,APOIO ÀS POLÍTICAS PÚBLICAS
2025,1500,SECRETARIA DE ESTADO DE PLANEJAMENTO E GESTÃO - SEPLAG,3,0,2011,INSTITUTO DE PREVIDÊNCIA DOS SERVIDORES DO ESTADO DE MINAS GERAIS - IPSEMG,3,3,90,33,50,1,9115,10,122,705,2,500,2500,1,135160.00,135160.00,135160.00,0,ASSESSORAMENTO E GERENCIAMENTO DE POLÍTICAS PÚBLICAS,APOIO ÀS POLÍTICAS PÚBLICAS
2025,1500,SECRETARIA DE ESTADO DE PLANEJAMENTO E GESTÃO - SEPLAG,3,0,2011,INSTITUTO DE PREVIDÊNCIA DOS SERVIDORES DO ESTADO DE MINAS GERAIS - IPSEMG,3,3,90,36,50,1,9115,10,122,705,2,500,2500,1,40000.00,40000.00,40000.00,0,ASSESSORAMENTO E GERENCIAMENTO DE POLÍTICAS PÚBLICAS,APOIO ÀS POLÍTICAS PÚBLICAS
2025,1500,SECRETARIA DE ESTADO DE PLANEJAMENTO E GESTÃO - SEPLAG,3,0,2011,INSTITUTO DE PREVIDÊNCIA DOS SERVIDORES DO ESTADO DE MINAS GERAIS - IPSEMG,3,3,90,37,50,1,9115,10,122,705,2,500,2500,1,9802906.00,9802906.00,9802906.00,0,ASSESSORAMENTO E GERENCIAMENTO DE POLÍTICAS PÚBLICAS,APOIO ÀS POLÍTICAS PÚBLICAS
2025,1500,SECRETARIA DE ESTADO DE PLANEJAMENTO E GESTÃO - SEPLAG,3,0,2011,INSTITUTO DE PREVIDÊNCIA DOS SERVIDORES DO ESTADO DE MINAS GERAIS - IPSEMG,3,3,90,39,50,1,9115,10,122,705,2,500,2500,1,8814049.00,8814049.00,8814049.00,0,ASSESSORAMENTO E GERENCIAMENTO DE POLÍTICAS PÚBLICAS,APOIO ÀS POLÍTICAS PÚBLICAS
2025,1500,SECRETARIA DE ESTADO DE PLANEJAMENTO E GESTÃO - SEPLAG,3,0,2011,INSTITUTO DE PREVIDÊNCIA DOS SERVIDORES DO ESTADO DE MINAS GERAIS - IPSEMG,3,3,90,40,50,1,9115,10,122,705,2,500,2500,1,6500536.00,6500536.00,6500536.00,0,ASSESSORAMENTO E GERENCIAMENTO DE POLÍTICAS PÚBLICAS,APOIO ÀS POLÍTICAS PÚBLICAS
2025,1500,SECRETARIA DE ESTADO DE PLANEJAMENTO E GESTÃO - SEPLAG,3,0,2011,INSTITUTO DE PREVIDÊNCIA DOS SERVIDORES DO ESTADO DE MINAS GERAIS - IPSEMG,3,3,90,47,50,1,9115,10,122,705,2,500,2500,1,28960000.00,28960000.00,28960000.00,0,ASSESSORAMENTO E GERENCIAMENTO DE POLÍTICAS PÚBLICAS,APOIO ÀS POLÍTICAS PÚBLICAS
2025,1500,SECRETARIA DE ESTADO DE PLANEJAMENTO E GESTÃO - SEPLAG,3,0,2011,INSTITUTO DE PREVIDÊNCIA DOS SERVIDORES DO ESTADO DE MINAS GERAIS - IPSEMG,3,3,90,49,50,1,9115,10,122,705,2,500,2500,1,184800.00,184800.00,184800.00,0,ASSESSORAMENTO E GERENCIAMENTO DE POLÍTICAS PÚBLICAS,APOIO ÀS POLÍTICAS PÚBLICAS
2025,1500,SECRETARIA DE ESTADO DE PLANEJAMENTO E GESTÃO - SEPLAG,3,0,2011,INSTITUTO DE PREVIDÊNCIA DOS SERVIDORES DO ESTADO DE MINAS GERAIS - IPSEMG,3,3,90,59,50,1,9115,10,122,705,2,500,2500,1,156000.00,156000.00,156000.00,0,ASSESSORAMENTO E GERENCIAMENTO DE POLÍTICAS PÚBLICAS,APOIO ÀS POLÍTICAS PÚBLICAS
2025,1500,SECRETARIA DE ESTADO DE PLANEJAMENTO E GESTÃO - SEPLAG,3,0,2011,INSTITUTO DE PREVIDÊNCIA DOS SERVIDORES DO ESTADO DE MINAS GERAIS - IPSEMG,4,4,90,40,50,1,9115,10,122,705,2,500,2500,1,2725000.00,2725000.00,2725000.00,0,ASSESSORAMENTO E GERENCIAMENTO DE POLÍTICAS PÚBLICAS,APOIO ÀS POLÍTICAS PÚBLICAS
2025,1500,SECRETARIA DE ESTADO DE PLANEJAMENTO E GESTÃO - SEPLAG,3,0,2011,INSTITUTO DE PREVIDÊNCIA DOS SERVIDORES DO ESTADO DE MINAS GERAIS - IPSEMG,4,4,90,52,47,1,9115,10,122,705,2,500,2500,1,80000.00,80000.00,80000.00,0,ASSESSORAMENTO E GERENCIAMENTO DE POLÍTICAS PÚBLICAS,APOIO ÀS POLÍTICAS PÚBLICAS
2025,1500,SECRETARIA DE ESTADO DE PLANEJAMENTO E GESTÃO - SEPLAG,3,0,2011,INSTITUTO DE PREVIDÊNCIA DOS SERVIDORES DO ESTADO DE MINAS GERAIS - IPSEMG,4,4,90,52,50,1,9115,10,122,705,2,500,2500,1,1950000.00,1950000.00,1950000.00,0,ASSESSORAMENTO E GERENCIAMENTO DE POLÍTICAS PÚBLICAS,APOIO ÀS POLÍTICAS PÚBLICAS
2025,1500,SECRETARIA DE ESTADO DE PLANEJAMENTO E GESTÃO - SEPLAG,3,0,2011,INSTITUTO DE PREVIDÊNCIA DOS SERVIDORES DO ESTADO DE MINAS GERAIS - IPSEMG,3,3,90,39,50,1,10302,10,302,39,4,68,4068,1,10727555.00,10727555.00,10727555.00,0,REDE DE ASSISTÊNCIA À SAÚDE ODONTOLÓGICA CONTRATADA,GESTÃO DA ASSISTÊNCIA À SAÚDE
2025,1500,SECRETARIA DE ESTADO DE PLANEJAMENTO E GESTÃO - SEPLAG,3,0,2011,INSTITUTO DE PREVIDÊNCIA DOS SERVIDORES DO ESTADO DE MINAS GERAIS - IPSEMG,3,3,90,39,50,1,10308,10,302,39,4,73,4073,1,258049078.00,258049078.00,258049078.00,0,REDE DE ASSISTÊNCIA À SAÚDE HOSPITALAR CONTRATADA,GESTÃO DA ASSISTÊNCIA À SAÚDE
2025,1500,SECRETARIA DE ESTADO DE PLANEJAMENTO E GESTÃO - SEPLAG,3,0,2011,INSTITUTO DE PREVIDÊNCIA DOS SERVIDORES DO ESTADO DE MINAS GERAIS - IPSEMG,3,3,90,39,60,1,10308,10,302,39,4,73,4073,1,119721711.00,119721711.00,119721711.00,0,REDE DE ASSISTÊNCIA À SAÚDE HOSPITALAR CONTRATADA,GESTÃO DA ASSISTÊNCIA À SAÚDE
2025,1500,SECRETARIA DE ESTADO DE PLANEJAMENTO E GESTÃO - SEPLAG,3,0,2011,INSTITUTO DE PREVIDÊNCIA DOS SERVIDORES DO ESTADO DE MINAS GERAIS - IPSEMG,3,3,90,93,50,1,10308,10,302,39,4,73,4073,1,1770086.00,1770086.00,1770086.00,0,REDE DE ASSISTÊNCIA À SAÚDE HOSPITALAR CONTRATADA,GESTÃO DA ASSISTÊNCIA À SAÚDE
2025,1500,SECRETARIA DE ESTADO DE PLANEJAMENTO E GESTÃO - SEPLAG,3,0,2011,INSTITUTO DE PREVIDÊNCIA DOS SERVIDORES DO ESTADO DE MINAS GERAIS - IPSEMG,3,3,90,13,50,1,10309,10,302,39,4,74,4074,1,2640000.00,2640000.00,2640000.00,0,REDE DE ASSISTÊNCIA À SAÚDE AMBULATORIAL CONTRATADA,GESTÃO DA ASSISTÊNCIA À SAÚDE
2025,1500,SECRETARIA DE ESTADO DE PLANEJAMENTO E GESTÃO - SEPLAG,3,0,2011,INSTITUTO DE PREVIDÊNCIA DOS SERVIDORES DO ESTADO DE MINAS GERAIS - IPSEMG,3,3,90,36,50,1,10309,10,302,39,4,74,4074,1,13200000.00,13200000.00,13200000.00,0,REDE DE ASSISTÊNCIA À SAÚDE AMBULATORIAL CONTRATADA,GESTÃO DA ASSISTÊNCIA À SAÚDE
2025,1500,SECRETARIA DE ESTADO DE PLANEJAMENTO E GESTÃO - SEPLAG,3,0,2011,INSTITUTO DE PREVIDÊNCIA DOS SERVIDORES DO ESTADO DE MINAS GERAIS - IPSEMG,3,3,90,39,49,1,10309,10,302,39,4,74,4074,1,131668769.00,131668769.00,131668769.00,0,REDE DE ASSISTÊNCIA À SAÚDE AMBULATORIAL CONTRATADA,GESTÃO DA ASSISTÊNCIA À SAÚDE
2025,1500,SECRETARIA DE ESTADO DE PLANEJAMENTO E GESTÃO - SEPLAG,3,0,2011,INSTITUTO DE PREVIDÊNCIA DOS SERVIDORES DO ESTADO DE MINAS GERAIS - IPSEMG,3,3,90,39,50,1,10309,10,302,39,4,74,4074,1,103003190.00,103003190.00,103003190.00,0,REDE DE ASSISTÊNCIA À SAÚDE AMBULATORIAL CONTRATADA,GESTÃO DA ASSISTÊNCIA À SAÚDE
2025,1500,SECRETARIA DE ESTADO DE PLANEJAMENTO E GESTÃO - SEPLAG,3,0,2011,INSTITUTO DE PREVIDÊNCIA DOS SERVIDORES DO ESTADO DE MINAS GERAIS - IPSEMG,3,3,90,39,50,1,10754,10,302,39,4,410,4410,1,84149272.00,84149272.00,84149272.00,0,ATENDIMENTO DE ORDENS JUDICIAIS PARA ASSISTÊNCIA À SAÚDE,GESTÃO DA ASSISTÊNCIA À SAÚDE
2025,1500,SECRETARIA DE ESTADO DE PLANEJAMENTO E GESTÃO - SEPLAG,3,0,2011,INSTITUTO DE PREVIDÊNCIA DOS SERVIDORES DO ESTADO DE MINAS GERAIS - IPSEMG,3,3,90,13,50,1,10510,10,302,88,4,229,4229,1,192000.00,192000.00,192000.00,0,ATENÇÃO À SAÚDE AMBULATORIAL NA REDE PRÓPRIA,SERVIÇOS DE SAÚDE PRESTADOS PELO IPSEMG NA REDE PRÓPRIA
2025,1500,SECRETARIA DE ESTADO DE PLANEJAMENTO E GESTÃO - SEPLAG,3,0,2011,INSTITUTO DE PREVIDÊNCIA DOS SERVIDORES DO ESTADO DE MINAS GERAIS - IPSEMG,3,3,90,30,50,1,10510,10,302,88,4,229,4229,1,200000.00,200000.00,200000.00,0,ATENÇÃO À SAÚDE AMBULATORIAL NA REDE PRÓPRIA,SERVIÇOS DE SAÚDE PRESTADOS PELO IPSEMG NA REDE PRÓPRIA
2025,1500,SECRETARIA DE ESTADO DE PLANEJAMENTO E GESTÃO - SEPLAG,3,0,2011,INSTITUTO DE PREVIDÊNCIA DOS SERVIDORES DO ESTADO DE MINAS GERAIS - IPSEMG,3,3,90,36,50,1,10510,10,302,88,4,229,4229,1,960000.00,960000.00,960000.00,0,ATENÇÃO À SAÚDE AMBULATORIAL NA REDE PRÓPRIA,SERVIÇOS DE SAÚDE PRESTADOS PELO IPSEMG NA REDE PRÓPRIA
2025,1500,SECRETARIA DE ESTADO DE PLANEJAMENTO E GESTÃO - SEPLAG,3,0,2011,INSTITUTO DE PREVIDÊNCIA DOS SERVIDORES DO ESTADO DE MINAS GERAIS - IPSEMG,3,3,90,37,50,1,10510,10,302,88,4,229,4229,1,10298175.00,10298175.00,10298175.00,0,ATENÇÃO À SAÚDE AMBULATORIAL NA REDE PRÓPRIA,SERVIÇOS DE SAÚDE PRESTADOS PELO IPSEMG NA REDE PRÓPRIA
2025,1500,SECRETARIA DE ESTADO DE PLANEJAMENTO E GESTÃO - SEPLAG,3,0,2011,INSTITUTO DE PREVIDÊNCIA DOS SERVIDORES DO ESTADO DE MINAS GERAIS - IPSEMG,3,3,90,39,50,1,10510,10,302,88,4,229,4229,1,3871332.00,3871332.00,3871332.00,0,ATENÇÃO À SAÚDE AMBULATORIAL NA REDE PRÓPRIA,SERVIÇOS DE SAÚDE PRESTADOS PELO IPSEMG NA REDE PRÓPRIA
2025,1500,SECRETARIA DE ESTADO DE PLANEJAMENTO E GESTÃO - SEPLAG,3,0,2011,INSTITUTO DE PREVIDÊNCIA DOS SERVIDORES DO ESTADO DE MINAS GERAIS - IPSEMG,3,3,90,40,50,1,10510,10,302,88,4,229,4229,1,1005953.00,1005953.00,1005953.00,0,ATENÇÃO À SAÚDE AMBULATORIAL NA REDE PRÓPRIA,SERVIÇOS DE SAÚDE PRESTADOS PELO IPSEMG NA REDE PRÓPRIA
2025,1500,SECRETARIA DE ESTADO DE PLANEJAMENTO E GESTÃO - SEPLAG,3,0,2011,INSTITUTO DE PREVIDÊNCIA DOS SERVIDORES DO ESTADO DE MINAS GERAIS - IPSEMG,3,3,90,49,50,1,10510,10,302,88,4,229,4229,1,154800.00,154800.00,154800.00,0,ATENÇÃO À SAÚDE AMBULATORIAL NA REDE PRÓPRIA,SERVIÇOS DE SAÚDE PRESTADOS PELO IPSEMG NA REDE PRÓPRIA
2025,1500,SECRETARIA DE ESTADO DE PLANEJAMENTO E GESTÃO - SEPLAG,3,0,2011,INSTITUTO DE PREVIDÊNCIA DOS SERVIDORES DO ESTADO DE MINAS GERAIS - IPSEMG,4,4,90,40,50,1,10510,10,302,88,4,229,4229,1,131414.00,131414.00,131414.00,0,ATENÇÃO À SAÚDE AMBULATORIAL NA REDE PRÓPRIA,SERVIÇOS DE SAÚDE PRESTADOS PELO IPSEMG NA REDE PRÓPRIA
2025,1500,SECRETARIA DE ESTADO DE PLANEJAMENTO E GESTÃO - SEPLAG,3,0,2011,INSTITUTO DE PREVIDÊNCIA DOS SERVIDORES DO ESTADO DE MINAS GERAIS - IPSEMG,4,4,90,52,50,1,10510,10,302,88,4,229,4229,1,1092986.00,1092986.00,1092986.00,0,ATENÇÃO À SAÚDE AMBULATORIAL NA REDE PRÓPRIA,SERVIÇOS DE SAÚDE PRESTADOS PELO IPSEMG NA REDE PRÓPRIA
2025,1500,SECRETARIA DE ESTADO DE PLANEJAMENTO E GESTÃO - SEPLAG,3,0,2011,INSTITUTO DE PREVIDÊNCIA DOS SERVIDORES DO ESTADO DE MINAS GERAIS - IPSEMG,3,3,90,13,50,1,10511,10,302,88,4,230,4230,1,374400.00,374400.00,374400.00,0,ATENÇÃO À SAÚDE ODONTOLÓGICA NA REDE PRÓPRIA,SERVIÇOS DE SAÚDE PRESTADOS PELO IPSEMG NA REDE PRÓPRIA
2025,1500,SECRETARIA DE ESTADO DE PLANEJAMENTO E GESTÃO - SEPLAG,3,0,2011,INSTITUTO DE PREVIDÊNCIA DOS SERVIDORES DO ESTADO DE MINAS GERAIS - IPSEMG,3,3,90,30,50,1,10511,10,302,88,4,230,4230,1,850000.00,850000.00,850000.00,0,ATENÇÃO À SAÚDE ODONTOLÓGICA NA REDE PRÓPRIA,SERVIÇOS DE SAÚDE PRESTADOS PELO IPSEMG NA REDE PRÓPRIA
2025,1500,SECRETARIA DE ESTADO DE PLANEJAMENTO E GESTÃO - SEPLAG,3,0,2011,INSTITUTO DE PREVIDÊNCIA DOS SERVIDORES DO ESTADO DE MINAS GERAIS - IPSEMG,3,3,90,36,50,1,10511,10,302,88,4,230,4230,1,1942600.00,1942600.00,1942600.00,0,ATENÇÃO À SAÚDE ODONTOLÓGICA NA REDE PRÓPRIA,SERVIÇOS DE SAÚDE PRESTADOS PELO IPSEMG NA REDE PRÓPRIA
2025,1500,SECRETARIA DE ESTADO DE PLANEJAMENTO E GESTÃO - SEPLAG,3,0,2011,INSTITUTO DE PREVIDÊNCIA DOS SERVIDORES DO ESTADO DE MINAS GERAIS - IPSEMG,3,3,90,37,50,1,10511,10,302,88,4,230,4230,1,3431107.00,3431107.00,3431107.00,0,ATENÇÃO À SAÚDE ODONTOLÓGICA NA REDE PRÓPRIA,SERVIÇOS DE SAÚDE PRESTADOS PELO IPSEMG NA REDE PRÓPRIA
2025,1500,SECRETARIA DE ESTADO DE PLANEJAMENTO E GESTÃO - SEPLAG,3,0,2011,INSTITUTO DE PREVIDÊNCIA DOS SERVIDORES DO ESTADO DE MINAS GERAIS - IPSEMG,3,3,90,39,50,1,10511,10,302,88,4,230,4230,1,4030173.00,4030173.00,4030173.00,0,ATENÇÃO À SAÚDE ODONTOLÓGICA NA REDE PRÓPRIA,SERVIÇOS DE SAÚDE PRESTADOS PELO IPSEMG NA REDE PRÓPRIA
2025,1500,SECRETARIA DE ESTADO DE PLANEJAMENTO E GESTÃO - SEPLAG,3,0,2011,INSTITUTO DE PREVIDÊNCIA DOS SERVIDORES DO ESTADO DE MINAS GERAIS - IPSEMG,3,3,90,40,50,1,10511,10,302,88,4,230,4230,1,633657.00,633657.00,633657.00,0,ATENÇÃO À SAÚDE ODONTOLÓGICA NA REDE PRÓPRIA,SERVIÇOS DE SAÚDE PRESTADOS PELO IPSEMG NA REDE PRÓPRIA
2025,1500,SECRETARIA DE ESTADO DE PLANEJAMENTO E GESTÃO - SEPLAG,3,0,2011,INSTITUTO DE PREVIDÊNCIA DOS SERVIDORES DO ESTADO DE MINAS GERAIS - IPSEMG,3,3,90,49,50,1,10511,10,302,88,4,230,4230,1,182400.00,182400.00,182400.00,0,ATENÇÃO À SAÚDE ODONTOLÓGICA NA REDE PRÓPRIA,SERVIÇOS DE SAÚDE PRESTADOS PELO IPSEMG NA REDE PRÓPRIA
2025,1500,SECRETARIA DE ESTADO DE PLANEJAMENTO E GESTÃO - SEPLAG,3,0,2011,INSTITUTO DE PREVIDÊNCIA DOS SERVIDORES DO ESTADO DE MINAS GERAIS - IPSEMG,4,4,90,40,50,1,10511,10,302,88,4,230,4230,1,131414.00,131414.00,131414.00,0,ATENÇÃO À SAÚDE ODONTOLÓGICA NA REDE PRÓPRIA,SERVIÇOS DE SAÚDE PRESTADOS PELO IPSEMG NA REDE PRÓPRIA
2025,1500,SECRETARIA DE ESTADO DE PLANEJAMENTO E GESTÃO - SEPLAG,3,0,2011,INSTITUTO DE PREVIDÊNCIA DOS SERVIDORES DO ESTADO DE MINAS GERAIS - IPSEMG,4,4,90,52,50,1,10511,10,302,88,4,230,4230,1,318186.00,318186.00,318186.00,0,ATENÇÃO À SAÚDE ODONTOLÓGICA NA REDE PRÓPRIA,SERVIÇOS DE SAÚDE PRESTADOS PELO IPSEMG NA REDE PRÓPRIA
2025,1500,SECRETARIA DE ESTADO DE PLANEJAMENTO E GESTÃO - SEPLAG,3,0,2011,INSTITUTO DE PREVIDÊNCIA DOS SERVIDORES DO ESTADO DE MINAS GERAIS - IPSEMG,3,3,90,13,50,1,10512,10,302,88,4,231,4231,1,13266567.00,13266567.00,13266567.00,0,ATENÇÃO À SAÚDE HOSPITALAR NA REDE PRÓPRIA,SERVIÇOS DE SAÚDE PRESTADOS PELO IPSEMG NA REDE PRÓPRIA
2025,1500,SECRETARIA DE ESTADO DE PLANEJAMENTO E GESTÃO - SEPLAG,3,0,2011,INSTITUTO DE PREVIDÊNCIA DOS SERVIDORES DO ESTADO DE MINAS GERAIS - IPSEMG,3,3,90,30,50,1,10512,10,302,88,4,231,4231,1,73033417.00,73033417.00,73033417.00,0,ATENÇÃO À SAÚDE HOSPITALAR NA REDE PRÓPRIA,SERVIÇOS DE SAÚDE PRESTADOS PELO IPSEMG NA REDE PRÓPRIA
2025,1500,SECRETARIA DE ESTADO DE PLANEJAMENTO E GESTÃO - SEPLAG,3,0,2011,INSTITUTO DE PREVIDÊNCIA DOS SERVIDORES DO ESTADO DE MINAS GERAIS - IPSEMG,3,3,90,33,50,1,10512,10,302,88,4,231,4231,1,720000.00,720000.00,720000.00,0,ATENÇÃO À SAÚDE HOSPITALAR NA REDE PRÓPRIA,SERVIÇOS DE SAÚDE PRESTADOS PELO IPSEMG NA REDE PRÓPRIA
2025,1500,SECRETARIA DE ESTADO DE PLANEJAMENTO E GESTÃO - SEPLAG,3,0,2011,INSTITUTO DE PREVIDÊNCIA DOS SERVIDORES DO ESTADO DE MINAS GERAIS - IPSEMG,3,3,90,36,50,1,10512,10,302,88,4,231,4231,1,66372808.00,66372808.00,66372808.00,0,ATENÇÃO À SAÚDE HOSPITALAR NA REDE PRÓPRIA,SERVIÇOS DE SAÚDE PRESTADOS PELO IPSEMG NA REDE PRÓPRIA
2025,1500,SECRETARIA DE ESTADO DE PLANEJAMENTO E GESTÃO - SEPLAG,3,0,2011,INSTITUTO DE PREVIDÊNCIA DOS SERVIDORES DO ESTADO DE MINAS GERAIS - IPSEMG,3,3,90,37,50,1,10512,10,302,88,4,231,4231,1,58731542.00,58731542.00,58731542.00,0,ATENÇÃO À SAÚDE HOSPITALAR NA REDE PRÓPRIA,SERVIÇOS DE SAÚDE PRESTADOS PELO IPSEMG NA REDE PRÓPRIA
2025,1500,SECRETARIA DE ESTADO DE PLANEJAMENTO E GESTÃO - SEPLAG,3,0,2011,INSTITUTO DE PREVIDÊNCIA DOS SERVIDORES DO ESTADO DE MINAS GERAIS - IPSEMG,3,3,90,39,50,1,10512,10,302,88,4,231,4231,1,62593409.00,62593409.00,62593409.00,0,ATENÇÃO À SAÚDE HOSPITALAR NA REDE PRÓPRIA,SERVIÇOS DE SAÚDE PRESTADOS PELO IPSEMG NA REDE PRÓPRIA
2025,1500,SECRETARIA DE ESTADO DE PLANEJAMENTO E GESTÃO - SEPLAG,3,0,2011,INSTITUTO DE PREVIDÊNCIA DOS SERVIDORES DO ESTADO DE MINAS GERAIS - IPSEMG,3,3,90,40,50,1,10512,10,302,88,4,231,4231,1,9479209.00,9479209.00,9479209.00,0,ATENÇÃO À SAÚDE HOSPITALAR NA REDE PRÓPRIA,SERVIÇOS DE SAÚDE PRESTADOS PELO IPSEMG NA REDE PRÓPRIA
2025,1500,SECRETARIA DE ESTADO DE PLANEJAMENTO E GESTÃO - SEPLAG,3,0,2011,INSTITUTO DE PREVIDÊNCIA DOS SERVIDORES DO ESTADO DE MINAS GERAIS - IPSEMG,3,3,90,49,50,1,10512,10,302,88,4,231,4231,1,2064000.00,2064000.00,2064000.00,0,ATENÇÃO À SAÚDE HOSPITALAR NA REDE PRÓPRIA,SERVIÇOS DE SAÚDE PRESTADOS PELO IPSEMG NA REDE PRÓPRIA
2025,1500,SECRETARIA DE ESTADO DE PLANEJAMENTO E GESTÃO - SEPLAG,3,0,2011,INSTITUTO DE PREVIDÊNCIA DOS SERVIDORES DO ESTADO DE MINAS GERAIS - IPSEMG,4,4,90,40,50,1,10512,10,302,88,4,231,4231,1,3735687.00,3735687.00,3735687.00,0,ATENÇÃO À SAÚDE HOSPITALAR NA REDE PRÓPRIA,SERVIÇOS DE SAÚDE PRESTADOS PELO IPSEMG NA REDE PRÓPRIA
2025,1500,SECRETARIA DE ESTADO DE PLANEJAMENTO E GESTÃO - SEPLAG,3,0,2011,INSTITUTO DE PREVIDÊNCIA DOS SERVIDORES DO ESTADO DE MINAS GERAIS - IPSEMG,4,4,90,51,50,1,10512,10,302,88,4,231,4231,1,10000000.00,10000000.00,10000000.00,0,ATENÇÃO À SAÚDE HOSPITALAR NA REDE PRÓPRIA,SERVIÇOS DE SAÚDE PRESTADOS PELO IPSEMG NA REDE PRÓPRIA
2025,1500,SECRETARIA DE ESTADO DE PLANEJAMENTO E GESTÃO - SEPLAG,3,0,2011,INSTITUTO DE PREVIDÊNCIA DOS SERVIDORES DO ESTADO DE MINAS GERAIS - IPSEMG,4,4,90,52,50,1,10512,10,302,88,4,231,4231,1,6676033.00,6676033.00,6676033.00,0,ATENÇÃO À SAÚDE HOSPITALAR NA REDE PRÓPRIA,SERVIÇOS DE SAÚDE PRESTADOS PELO IPSEMG NA REDE PRÓPRIA
2025,1500,SECRETARIA DE ESTADO DE PLANEJAMENTO E GESTÃO - SEPLAG,3,0,2011,INSTITUTO DE PREVIDÊNCIA DOS SERVIDORES DO ESTADO DE MINAS GERAIS - IPSEMG,3,1,90,91,10,9,1244,28,846,705,7,4,7004,1,132252532.00,132252532.00,132252532.00,0,PRECATÓRIOS E SENTENÇAS JUDICIÁRIAS,APOIO ÀS POLÍTICAS PÚBLICAS
2025,1500,SECRETARIA DE ESTADO DE PLANEJAMENTO E GESTÃO - SEPLAG,3,0,2011,INSTITUTO DE PREVIDÊNCIA DOS SERVIDORES DO ESTADO DE MINAS GERAIS - IPSEMG,3,1,90,91,60,9,1244,28,846,705,7,4,7004,1,8918214.00,8918214.00,8918214.00,0,PRECATÓRIOS E SENTENÇAS JUDICIÁRIAS,APOIO ÀS POLÍTICAS PÚBLICAS
2025,1500,SECRETARIA DE ESTADO DE PLANEJAMENTO E GESTÃO - SEPLAG,3,0,2011,INSTITUTO DE PREVIDÊNCIA DOS SERVIDORES DO ESTADO DE MINAS GERAIS - IPSEMG,3,3,90,91,10,9,1244,28,846,705,7,4,7004,1,2352071.00,2352071.00,2352071.00,0,PRECATÓRIOS E SENTENÇAS JUDICIÁRIAS,APOIO ÀS POLÍTICAS PÚBLICAS
2025,1500,SECRETARIA DE ESTADO DE PLANEJAMENTO E GESTÃO - SEPLAG,3,0,2011,INSTITUTO DE PREVIDÊNCIA DOS SERVIDORES DO ESTADO DE MINAS GERAIS - IPSEMG,3,3,90,91,60,9,1244,28,846,705,7,4,7004,1,100000.00,100000.00,100000.00,0,PRECATÓRIOS E SENTENÇAS JUDICIÁRIAS,APOIO ÀS POLÍTICAS PÚBLICAS
2025,1500,SECRETARIA DE ESTADO DE PLANEJAMENTO E GESTÃO - SEPLAG,3,0,2061,FUNDAÇÃO JOÃO PINHEIRO - FJP,3,3,90,36,60,1,10531,4,121,95,4,249,4249,1,82800.00,82800.00,82800.00,0,ASSESSORAMENTO EM POLÍTICAS PÚBLICAS,ASSESSORIA E PESQUISA EM POLÍTICAS PÚBLICAS
2025,1500,SECRETARIA DE ESTADO DE PLANEJAMENTO E GESTÃO - SEPLAG,3,0,2061,FUNDAÇÃO JOÃO PINHEIRO - FJP,3,3,90,37,10,1,10531,4,121,95,4,249,4249,1,475382.00,475382.00,475382.00,0,ASSESSORAMENTO EM POLÍTICAS PÚBLICAS,ASSESSORIA E PESQUISA EM POLÍTICAS PÚBLICAS
2025,1500,SECRETARIA DE ESTADO DE PLANEJAMENTO E GESTÃO - SEPLAG,3,0,2061,FUNDAÇÃO JOÃO PINHEIRO - FJP,3,3,90,39,60,1,10531,4,121,95,4,249,4249,1,50640.00,50640.00,50640.00,0,ASSESSORAMENTO EM POLÍTICAS PÚBLICAS,ASSESSORIA E PESQUISA EM POLÍTICAS PÚBLICAS
2025,1500,SECRETARIA DE ESTADO DE PLANEJAMENTO E GESTÃO - SEPLAG,3,0,2061,FUNDAÇÃO JOÃO PINHEIRO - FJP,3,3,90,36,10,1,10532,4,121,95,4,250,4250,1,139200.00,139200.00,139200.00,0,FOMENTO À AVALIAÇÃO DE POLÍTICAS PÚBLICAS,ASSESSORIA E PESQUISA EM POLÍTICAS PÚBLICAS
2025,1500,SECRETARIA DE ESTADO DE PLANEJAMENTO E GESTÃO - SEPLAG,3,0,2061,FUNDAÇÃO JOÃO PINHEIRO - FJP,3,3,90,37,10,1,10532,4,121,95,4,250,4250,1,672162.00,672162.00,672162.00,0,FOMENTO À AVALIAÇÃO DE POLÍTICAS PÚBLICAS,ASSESSORIA E PESQUISA EM POLÍTICAS PÚBLICAS
2025,1500,SECRETARIA DE ESTADO DE PLANEJAMENTO E GESTÃO - SEPLAG,3,0,2061,FUNDAÇÃO JOÃO PINHEIRO - FJP,3,3,90,39,60,1,10532,4,121,95,4,250,4250,1,101400.00,101400.00,101400.00,0,FOMENTO À AVALIAÇÃO DE POLÍTICAS PÚBLICAS,ASSESSORIA E PESQUISA EM POLÍTICAS PÚBLICAS
2025,1500,SECRETARIA DE ESTADO DE PLANEJAMENTO E GESTÃO - SEPLAG,3,0,2061,FUNDAÇÃO JOÃO PINHEIRO - FJP,3,3,90,36,10,1,10533,4,121,95,4,251,4251,1,48000.00,48000.00,48000.00,0,PESQUISAS EM POLÍTICAS PÚBLICAS,ASSESSORIA E PESQUISA EM POLÍTICAS PÚBLICAS
2025,1500,SECRETARIA DE ESTADO DE PLANEJAMENTO E GESTÃO - SEPLAG,3,0,2061,FUNDAÇÃO JOÃO PINHEIRO - FJP,3,3,90,37,10,1,10533,4,121,95,4,251,4251,1,102872.00,102872.00,102872.00,0,PESQUISAS EM POLÍTICAS PÚBLICAS,ASSESSORIA E PESQUISA EM POLÍTICAS PÚBLICAS
2025,1500,SECRETARIA DE ESTADO DE PLANEJAMENTO E GESTÃO - SEPLAG,3,0,2061,FUNDAÇÃO JOÃO PINHEIRO - FJP,3,3,90,37,60,1,10533,4,121,95,4,251,4251,1,5266.00,5266.00,5266.00,0,PESQUISAS EM POLÍTICAS PÚBLICAS,ASSESSORIA E PESQUISA EM POLÍTICAS PÚBLICAS
2025,1500,SECRETARIA DE ESTADO DE PLANEJAMENTO E GESTÃO - SEPLAG,3,0,2061,FUNDAÇÃO JOÃO PINHEIRO - FJP,3,3,90,39,60,1,10533,4,121,95,4,251,4251,1,143596.00,143596.00,143596.00,0,PESQUISAS EM POLÍTICAS PÚBLICAS,ASSESSORIA E PESQUISA EM POLÍTICAS PÚBLICAS
2025,1500,SECRETARIA DE ESTADO DE PLANEJAMENTO E GESTÃO - SEPLAG,3,0,2061,FUNDAÇÃO JOÃO PINHEIRO - FJP,3,3,90,47,10,1,10533,4,121,95,4,251,4251,1,429000.00,429000.00,429000.00,0,PESQUISAS EM POLÍTICAS PÚBLICAS,ASSESSORIA E PESQUISA EM POLÍTICAS PÚBLICAS
2025,1500,SECRETARIA DE ESTADO DE PLANEJAMENTO E GESTÃO - SEPLAG,3,0,2061,FUNDAÇÃO JOÃO PINHEIRO - FJP,3,3,90,30,60,1,10536,4,121,96,4,254,4254,1,17000.00,17000.00,17000.00,0,"MANUTENÇÃO DA DIVISÃO TERRITORIAL, CONSTRUÇÃO DE MAPEAMENTO DE MINAS GERAIS E GESTÃO DA IEDE",PRODUÇÃO DE ESTATÍSTICAS E INFORMAÇÕES
2025,1500,SECRETARIA DE ESTADO DE PLANEJAMENTO E GESTÃO - SEPLAG,3,0,2061,FUNDAÇÃO JOÃO PINHEIRO - FJP,3,3,90,37,10,1,10536,4,121,96,4,254,4254,1,541964.00,541964.00,541964.00,0,"MANUTENÇÃO DA DIVISÃO TERRITORIAL, CONSTRUÇÃO DE MAPEAMENTO DE MINAS GERAIS E GESTÃO DA IEDE",PRODUÇÃO DE ESTATÍSTICAS E INFORMAÇÕES
2025,1500,SECRETARIA DE ESTADO DE PLANEJAMENTO E GESTÃO - SEPLAG,3,0,2061,FUNDAÇÃO JOÃO PINHEIRO - FJP,3,3,90,39,60,1,10536,4,121,96,4,254,4254,1,8500.00,8500.00,8500.00,0,"MANUTENÇÃO DA DIVISÃO TERRITORIAL, CONSTRUÇÃO DE MAPEAMENTO DE MINAS GERAIS E GESTÃO DA IEDE",PRODUÇÃO DE ESTATÍSTICAS E INFORMAÇÕES
2025,1500,SECRETARIA DE ESTADO DE PLANEJAMENTO E GESTÃO - SEPLAG,3,0,2061,FUNDAÇÃO JOÃO PINHEIRO - FJP,3,3,90,14,24,1,10537,4,121,96,4,255,4255,1,20381.00,20381.00,20381.00,0,SISTEMATIZAÇÃO DAS INFORMAÇÕES ESTATÍSTICAS E GEOINFORMAÇÕES DE MG,PRODUÇÃO DE ESTATÍSTICAS E INFORMAÇÕES
2025,1500,SECRETARIA DE ESTADO DE PLANEJAMENTO E GESTÃO - SEPLAG,3,0,2061,FUNDAÇÃO JOÃO PINHEIRO - FJP,3,3,90,14,60,1,10537,4,121,96,4,255,4255,1,9870.00,9870.00,9870.00,0,SISTEMATIZAÇÃO DAS INFORMAÇÕES ESTATÍSTICAS E GEOINFORMAÇÕES DE MG,PRODUÇÃO DE ESTATÍSTICAS E INFORMAÇÕES
2025,1500,SECRETARIA DE ESTADO DE PLANEJAMENTO E GESTÃO - SEPLAG,3,0,2061,FUNDAÇÃO JOÃO PINHEIRO - FJP,3,3,90,30,60,1,10537,4,121,96,4,255,4255,1,42000.00,42000.00,42000.00,0,SISTEMATIZAÇÃO DAS INFORMAÇÕES ESTATÍSTICAS E GEOINFORMAÇÕES DE MG,PRODUÇÃO DE ESTATÍSTICAS E INFORMAÇÕES
2025,1500,SECRETARIA DE ESTADO DE PLANEJAMENTO E GESTÃO - SEPLAG,3,0,2061,FUNDAÇÃO JOÃO PINHEIRO - FJP,3,3,90,33,24,1,10537,4,121,96,4,255,4255,1,38420.00,38420.00,38420.00,0,SISTEMATIZAÇÃO DAS INFORMAÇÕES ESTATÍSTICAS E GEOINFORMAÇÕES DE MG,PRODUÇÃO DE ESTATÍSTICAS E INFORMAÇÕES
2025,1500,SECRETARIA DE ESTADO DE PLANEJAMENTO E GESTÃO - SEPLAG,3,0,2061,FUNDAÇÃO JOÃO PINHEIRO - FJP,3,3,90,33,60,1,10537,4,121,96,4,255,4255,1,10750.00,10750.00,10750.00,0,SISTEMATIZAÇÃO DAS INFORMAÇÕES ESTATÍSTICAS E GEOINFORMAÇÕES DE MG,PRODUÇÃO DE ESTATÍSTICAS E INFORMAÇÕES
2025,1500,SECRETARIA DE ESTADO DE PLANEJAMENTO E GESTÃO - SEPLAG,3,0,2061,FUNDAÇÃO JOÃO PINHEIRO - FJP,3,3,90,36,24,1,10537,4,121,96,4,255,4255,1,593214.00,593214.00,593214.00,0,SISTEMATIZAÇÃO DAS INFORMAÇÕES ESTATÍSTICAS E GEOINFORMAÇÕES DE MG,PRODUÇÃO DE ESTATÍSTICAS E INFORMAÇÕES
2025,1500,SECRETARIA DE ESTADO DE PLANEJAMENTO E GESTÃO - SEPLAG,3,0,2061,FUNDAÇÃO JOÃO PINHEIRO - FJP,3,3,90,36,60,1,10537,4,121,96,4,255,4255,1,272400.00,272400.00,272400.00,0,SISTEMATIZAÇÃO DAS INFORMAÇÕES ESTATÍSTICAS E GEOINFORMAÇÕES DE MG,PRODUÇÃO DE ESTATÍSTICAS E INFORMAÇÕES
2025,1500,SECRETARIA DE ESTADO DE PLANEJAMENTO E GESTÃO - SEPLAG,3,0,2061,FUNDAÇÃO JOÃO PINHEIRO - FJP,3,3,90,37,10,1,10537,4,121,96,4,255,4255,1,1145292.00,1145292.00,1145292.00,0,SISTEMATIZAÇÃO DAS INFORMAÇÕES ESTATÍSTICAS E GEOINFORMAÇÕES DE MG,PRODUÇÃO DE ESTATÍSTICAS E INFORMAÇÕES
2025,1500,SECRETARIA DE ESTADO DE PLANEJAMENTO E GESTÃO - SEPLAG,3,0,2061,FUNDAÇÃO JOÃO PINHEIRO - FJP,3,3,90,39,24,1,10537,4,121,96,4,255,4255,1,1626.00,1626.00,1626.00,0,SISTEMATIZAÇÃO DAS INFORMAÇÕES ESTATÍSTICAS E GEOINFORMAÇÕES DE MG,PRODUÇÃO DE ESTATÍSTICAS E INFORMAÇÕES
2025,1500,SECRETARIA DE ESTADO DE PLANEJAMENTO E GESTÃO - SEPLAG,3,0,2061,FUNDAÇÃO JOÃO PINHEIRO - FJP,3,3,90,39,60,1,10537,4,121,96,4,255,4255,1,19464.00,19464.00,19464.00,0,SISTEMATIZAÇÃO DAS INFORMAÇÕES ESTATÍSTICAS E GEOINFORMAÇÕES DE MG,PRODUÇÃO DE ESTATÍSTICAS E INFORMAÇÕES
2025,1500,SECRETARIA DE ESTADO DE PLANEJAMENTO E GESTÃO - SEPLAG,3,0,2061,FUNDAÇÃO JOÃO PINHEIRO - FJP,4,4,90,52,24,1,10537,4,121,96,4,255,4255,1,24597.00,24597.00,24597.00,0,SISTEMATIZAÇÃO DAS INFORMAÇÕES ESTATÍSTICAS E GEOINFORMAÇÕES DE MG,PRODUÇÃO DE ESTATÍSTICAS E INFORMAÇÕES
2025,1500,SECRETARIA DE ESTADO DE PLANEJAMENTO E GESTÃO - SEPLAG,3,0,2061,FUNDAÇÃO JOÃO PINHEIRO - FJP,3,3,90,14,60,1,10538,4,121,96,4,257,4257,1,1880.00,1880.00,1880.00,0,TRANSFORMAÇÃO DIGITAL,PRODUÇÃO DE ESTATÍSTICAS E INFORMAÇÕES
2025,1500,SECRETARIA DE ESTADO DE PLANEJAMENTO E GESTÃO - SEPLAG,3,0,2061,FUNDAÇÃO JOÃO PINHEIRO - FJP,3,3,90,30,60,1,10538,4,121,96,4,257,4257,1,15000.00,15000.00,15000.00,0,TRANSFORMAÇÃO DIGITAL,PRODUÇÃO DE ESTATÍSTICAS E INFORMAÇÕES
2025,1500,SECRETARIA DE ESTADO DE PLANEJAMENTO E GESTÃO - SEPLAG,3,0,2061,FUNDAÇÃO JOÃO PINHEIRO - FJP,3,3,90,33,60,1,10538,4,121,96,4,257,4257,1,5600.00,5600.00,5600.00,0,TRANSFORMAÇÃO DIGITAL,PRODUÇÃO DE ESTATÍSTICAS E INFORMAÇÕES
2025,1500,SECRETARIA DE ESTADO DE PLANEJAMENTO E GESTÃO - SEPLAG,3,0,2061,FUNDAÇÃO JOÃO PINHEIRO - FJP,3,3,90,36,60,1,10538,4,121,96,4,257,4257,1,62400.00,62400.00,62400.00,0,TRANSFORMAÇÃO DIGITAL,PRODUÇÃO DE ESTATÍSTICAS E INFORMAÇÕES
2025,1500,SECRETARIA DE ESTADO DE PLANEJAMENTO E GESTÃO - SEPLAG,3,0,2061,FUNDAÇÃO JOÃO PINHEIRO - FJP,3,3,90,37,10,1,10538,4,121,96,4,257,4257,1,263482.00,263482.00,263482.00,0,TRANSFORMAÇÃO DIGITAL,PRODUÇÃO DE ESTATÍSTICAS E INFORMAÇÕES
2025,1500,SECRETARIA DE ESTADO DE PLANEJAMENTO E GESTÃO - SEPLAG,3,0,2061,FUNDAÇÃO JOÃO PINHEIRO - FJP,3,1,90,7,10,1,11189,12,122,705,2,417,2417,1,25017.00,25017.00,25017.00,0,REMUNERAÇÃO DE PESSOAL ATIVO E ENCARGOS SOCIAIS,APOIO ÀS POLÍTICAS PÚBLICAS
2025,1500,SECRETARIA DE ESTADO DE PLANEJAMENTO E GESTÃO - SEPLAG,3,0,2061,FUNDAÇÃO JOÃO PINHEIRO - FJP,3,1,90,11,10,1,11189,12,122,705,2,417,2417,1,30420324.00,29968185.00,29968185.00,0,REMUNERAÇÃO DE PESSOAL ATIVO E ENCARGOS SOCIAIS,APOIO ÀS POLÍTICAS PÚBLICAS
2025,1500,SECRETARIA DE ESTADO DE PLANEJAMENTO E GESTÃO - SEPLAG,3,0,2061,FUNDAÇÃO JOÃO PINHEIRO - FJP,3,1,90,16,10,1,11189,12,122,705,2,417,2417,1,3225812.00,3225812.00,3225812.00,0,REMUNERAÇÃO DE PESSOAL ATIVO E ENCARGOS SOCIAIS,APOIO ÀS POLÍTICAS PÚBLICAS
2025,1500,SECRETARIA DE ESTADO DE PLANEJAMENTO E GESTÃO - SEPLAG,3,0,2061,FUNDAÇÃO JOÃO PINHEIRO - FJP,3,1,91,13,10,1,11189,12,122,705,2,417,2417,1,11813889.00,12266028.00,12266028.00,0,REMUNERAÇÃO DE PESSOAL ATIVO E ENCARGOS SOCIAIS,APOIO ÀS POLÍTICAS PÚBLICAS
2025,1500,SECRETARIA DE ESTADO DE PLANEJAMENTO E GESTÃO - SEPLAG,3,0,2061,FUNDAÇÃO JOÃO PINHEIRO - FJP,3,3,90,46,10,7,11189,12,122,705,2,417,2417,1,3148309.00,3148309.00,3148309.00,0,REMUNERAÇÃO DE PESSOAL ATIVO E ENCARGOS SOCIAIS,APOIO ÀS POLÍTICAS PÚBLICAS
2025,1500,SECRETARIA DE ESTADO DE PLANEJAMENTO E GESTÃO - SEPLAG,3,0,2061,FUNDAÇÃO JOÃO PINHEIRO - FJP,3,3,90,49,10,7,11189,12,122,705,2,417,2417,1,194702.00,194702.00,194702.00,0,REMUNERAÇÃO DE PESSOAL ATIVO E ENCARGOS SOCIAIS,APOIO ÀS POLÍTICAS PÚBLICAS
2025,1500,SECRETARIA DE ESTADO DE PLANEJAMENTO E GESTÃO - SEPLAG,3,0,2061,FUNDAÇÃO JOÃO PINHEIRO - FJP,3,3,90,14,10,1,9150,12,122,705,2,500,2500,1,31920.00,31920.00,31920.00,0,ASSESSORAMENTO E GERENCIAMENTO DE POLÍTICAS PÚBLICAS,APOIO ÀS POLÍTICAS PÚBLICAS
2025,1500,SECRETARIA DE ESTADO DE PLANEJAMENTO E GESTÃO - SEPLAG,3,0,2061,FUNDAÇÃO JOÃO PINHEIRO - FJP,3,3,90,14,60,1,9150,12,122,705,2,500,2500,1,19740.00,19740.00,19740.00,0,ASSESSORAMENTO E GERENCIAMENTO DE POLÍTICAS PÚBLICAS,APOIO ÀS POLÍTICAS PÚBLICAS
2025,1500,SECRETARIA DE ESTADO DE PLANEJAMENTO E GESTÃO - SEPLAG,3,0,2061,FUNDAÇÃO JOÃO PINHEIRO - FJP,3,3,90,30,60,1,9150,12,122,705,2,500,2500,1,48000.00,48000.00,48000.00,0,ASSESSORAMENTO E GERENCIAMENTO DE POLÍTICAS PÚBLICAS,APOIO ÀS POLÍTICAS PÚBLICAS
2025,1500,SECRETARIA DE ESTADO DE PLANEJAMENTO E GESTÃO - SEPLAG,3,0,2061,FUNDAÇÃO JOÃO PINHEIRO - FJP,3,3,90,33,10,1,9150,12,122,705,2,500,2500,1,47000.00,47000.00,47000.00,0,ASSESSORAMENTO E GERENCIAMENTO DE POLÍTICAS PÚBLICAS,APOIO ÀS POLÍTICAS PÚBLICAS
2025,1500,SECRETARIA DE ESTADO DE PLANEJAMENTO E GESTÃO - SEPLAG,3,0,2061,FUNDAÇÃO JOÃO PINHEIRO - FJP,3,3,90,33,60,1,9150,12,122,705,2,500,2500,1,17600.00,17600.00,17600.00,0,ASSESSORAMENTO E GERENCIAMENTO DE POLÍTICAS PÚBLICAS,APOIO ÀS POLÍTICAS PÚBLICAS
2025,1500,SECRETARIA DE ESTADO DE PLANEJAMENTO E GESTÃO - SEPLAG,3,0,2061,FUNDAÇÃO JOÃO PINHEIRO - FJP,3,3,90,36,10,1,9150,12,122,705,2,500,2500,1,16800.00,16800.00,16800.00,0,ASSESSORAMENTO E GERENCIAMENTO DE POLÍTICAS PÚBLICAS,APOIO ÀS POLÍTICAS PÚBLICAS
2025,1500,SECRETARIA DE ESTADO DE PLANEJAMENTO E GESTÃO - SEPLAG,3,0,2061,FUNDAÇÃO JOÃO PINHEIRO - FJP,3,3,90,36,60,1,9150,12,122,705,2,500,2500,1,2400.00,2400.00,2400.00,0,ASSESSORAMENTO E GERENCIAMENTO DE POLÍTICAS PÚBLICAS,APOIO ÀS POLÍTICAS PÚBLICAS
2025,1500,SECRETARIA DE ESTADO DE PLANEJAMENTO E GESTÃO - SEPLAG,3,0,2061,FUNDAÇÃO JOÃO PINHEIRO - FJP,3,3,90,37,10,1,9150,12,122,705,2,500,2500,1,918673.00,918673.00,918673.00,0,ASSESSORAMENTO E GERENCIAMENTO DE POLÍTICAS PÚBLICAS,APOIO ÀS POLÍTICAS PÚBLICAS
2025,1500,SECRETARIA DE ESTADO DE PLANEJAMENTO E GESTÃO - SEPLAG,3,0,2061,FUNDAÇÃO JOÃO PINHEIRO - FJP,3,3,90,37,60,1,9150,12,122,705,2,500,2500,1,211880.00,211880.00,211880.00,0,ASSESSORAMENTO E GERENCIAMENTO DE POLÍTICAS PÚBLICAS,APOIO ÀS POLÍTICAS PÚBLICAS
2025,1500,SECRETARIA DE ESTADO DE PLANEJAMENTO E GESTÃO - SEPLAG,3,0,2061,FUNDAÇÃO JOÃO PINHEIRO - FJP,3,3,90,39,47,1,9150,12,122,705,2,500,2500,1,10000.00,10000.00,10000.00,0,ASSESSORAMENTO E GERENCIAMENTO DE POLÍTICAS PÚBLICAS,APOIO ÀS POLÍTICAS PÚBLICAS
2025,1500,SECRETARIA DE ESTADO DE PLANEJAMENTO E GESTÃO - SEPLAG,3,0,2061,FUNDAÇÃO JOÃO PINHEIRO - FJP,3,3,90,39,60,1,9150,12,122,705,2,500,2500,1,305940.00,305940.00,305940.00,0,ASSESSORAMENTO E GERENCIAMENTO DE POLÍTICAS PÚBLICAS,APOIO ÀS POLÍTICAS PÚBLICAS
2025,1500,SECRETARIA DE ESTADO DE PLANEJAMENTO E GESTÃO - SEPLAG,3,0,2061,FUNDAÇÃO JOÃO PINHEIRO - FJP,3,3,90,40,10,1,9150,12,122,705,2,500,2500,1,284900.00,284900.00,284900.00,0,ASSESSORAMENTO E GERENCIAMENTO DE POLÍTICAS PÚBLICAS,APOIO ÀS POLÍTICAS PÚBLICAS
2025,1500,SECRETARIA DE ESTADO DE PLANEJAMENTO E GESTÃO - SEPLAG,3,0,2061,FUNDAÇÃO JOÃO PINHEIRO - FJP,3,3,90,40,60,1,9150,12,122,705,2,500,2500,1,37116.00,37116.00,37116.00,0,ASSESSORAMENTO E GERENCIAMENTO DE POLÍTICAS PÚBLICAS,APOIO ÀS POLÍTICAS PÚBLICAS
2025,1500,SECRETARIA DE ESTADO DE PLANEJAMENTO E GESTÃO - SEPLAG,3,0,2061,FUNDAÇÃO JOÃO PINHEIRO - FJP,3,3,90,13,10,1,10522,12,364,91,4,240,4240,1,4200.00,4200.00,4200.00,0,FORMAÇÃO CONTINUADA E EXECUTIVA,APRIMORAMENTO DA GESTÃO PÚBLICA POR MEIO DE ENSINO DE EXCELÊNCIA
2025,1500,SECRETARIA DE ESTADO DE PLANEJAMENTO E GESTÃO - SEPLAG,3,0,2061,FUNDAÇÃO JOÃO PINHEIRO - FJP,3,3,90,14,10,1,10522,12,364,91,4,240,4240,1,14100.00,14100.00,14100.00,0,FORMAÇÃO CONTINUADA E EXECUTIVA,APRIMORAMENTO DA GESTÃO PÚBLICA POR MEIO DE ENSINO DE EXCELÊNCIA
2025,1500,SECRETARIA DE ESTADO DE PLANEJAMENTO E GESTÃO - SEPLAG,3,0,2061,FUNDAÇÃO JOÃO PINHEIRO - FJP,3,3,90,30,60,1,10522,12,364,91,4,240,4240,1,39360.00,39360.00,39360.00,0,FORMAÇÃO CONTINUADA E EXECUTIVA,APRIMORAMENTO DA GESTÃO PÚBLICA POR MEIO DE ENSINO DE EXCELÊNCIA
2025,1500,SECRETARIA DE ESTADO DE PLANEJAMENTO E GESTÃO - SEPLAG,3,0,2061,FUNDAÇÃO JOÃO PINHEIRO - FJP,3,3,90,33,60,1,10522,12,364,91,4,240,4240,1,117500.00,117500.00,117500.00,0,FORMAÇÃO CONTINUADA E EXECUTIVA,APRIMORAMENTO DA GESTÃO PÚBLICA POR MEIO DE ENSINO DE EXCELÊNCIA
2025,1500,SECRETARIA DE ESTADO DE PLANEJAMENTO E GESTÃO - SEPLAG,3,0,2061,FUNDAÇÃO JOÃO PINHEIRO - FJP,3,3,90,36,10,1,10522,12,364,91,4,240,4240,1,356460.00,356460.00,356460.00,0,FORMAÇÃO CONTINUADA E EXECUTIVA,APRIMORAMENTO DA GESTÃO PÚBLICA POR MEIO DE ENSINO DE EXCELÊNCIA
2025,1500,SECRETARIA DE ESTADO DE PLANEJAMENTO E GESTÃO - SEPLAG,3,0,2061,FUNDAÇÃO JOÃO PINHEIRO - FJP,3,3,90,36,60,1,10522,12,364,91,4,240,4240,1,100800.00,100800.00,100800.00,0,FORMAÇÃO CONTINUADA E EXECUTIVA,APRIMORAMENTO DA GESTÃO PÚBLICA POR MEIO DE ENSINO DE EXCELÊNCIA
2025,1500,SECRETARIA DE ESTADO DE PLANEJAMENTO E GESTÃO - SEPLAG,3,0,2061,FUNDAÇÃO JOÃO PINHEIRO - FJP,3,3,90,37,10,1,10522,12,364,91,4,240,4240,1,668822.00,668822.00,668822.00,0,FORMAÇÃO CONTINUADA E EXECUTIVA,APRIMORAMENTO DA GESTÃO PÚBLICA POR MEIO DE ENSINO DE EXCELÊNCIA
2025,1500,SECRETARIA DE ESTADO DE PLANEJAMENTO E GESTÃO - SEPLAG,3,0,2061,FUNDAÇÃO JOÃO PINHEIRO - FJP,3,3,90,39,10,1,10522,12,364,91,4,240,4240,1,8500.00,8500.00,8500.00,0,FORMAÇÃO CONTINUADA E EXECUTIVA,APRIMORAMENTO DA GESTÃO PÚBLICA POR MEIO DE ENSINO DE EXCELÊNCIA
2025,1500,SECRETARIA DE ESTADO DE PLANEJAMENTO E GESTÃO - SEPLAG,3,0,2061,FUNDAÇÃO JOÃO PINHEIRO - FJP,3,3,90,39,60,1,10522,12,364,91,4,240,4240,1,198500.00,198500.00,198500.00,0,FORMAÇÃO CONTINUADA E EXECUTIVA,APRIMORAMENTO DA GESTÃO PÚBLICA POR MEIO DE ENSINO DE EXCELÊNCIA
2025,1500,SECRETARIA DE ESTADO DE PLANEJAMENTO E GESTÃO - SEPLAG,3,0,2061,FUNDAÇÃO JOÃO PINHEIRO - FJP,3,3,90,40,10,1,10522,12,364,91,4,240,4240,1,262200.00,262200.00,262200.00,0,FORMAÇÃO CONTINUADA E EXECUTIVA,APRIMORAMENTO DA GESTÃO PÚBLICA POR MEIO DE ENSINO DE EXCELÊNCIA
2025,1500,SECRETARIA DE ESTADO DE PLANEJAMENTO E GESTÃO - SEPLAG,3,0,2061,FUNDAÇÃO JOÃO PINHEIRO - FJP,3,3,90,40,60,1,10522,12,364,91,4,240,4240,1,278000.00,278000.00,278000.00,0,FORMAÇÃO CONTINUADA E EXECUTIVA,APRIMORAMENTO DA GESTÃO PÚBLICA POR MEIO DE ENSINO DE EXCELÊNCIA
2025,1500,SECRETARIA DE ESTADO DE PLANEJAMENTO E GESTÃO - SEPLAG,3,0,2061,FUNDAÇÃO JOÃO PINHEIRO - FJP,3,3,90,30,60,1,10524,12,364,91,4,242,4242,1,5000.00,5000.00,5000.00,0,ESTUDOS E PESQUISAS NA ÁREA DE GESTÃO PÚBLICA,APRIMORAMENTO DA GESTÃO PÚBLICA POR MEIO DE ENSINO DE EXCELÊNCIA
2025,1500,SECRETARIA DE ESTADO DE PLANEJAMENTO E GESTÃO - SEPLAG,3,0,2061,FUNDAÇÃO JOÃO PINHEIRO - FJP,3,3,90,36,10,1,10524,12,364,91,4,242,4242,1,27600.00,27600.00,27600.00,0,ESTUDOS E PESQUISAS NA ÁREA DE GESTÃO PÚBLICA,APRIMORAMENTO DA GESTÃO PÚBLICA POR MEIO DE ENSINO DE EXCELÊNCIA
2025,1500,SECRETARIA DE ESTADO DE PLANEJAMENTO E GESTÃO - SEPLAG,3,0,2061,FUNDAÇÃO JOÃO PINHEIRO - FJP,3,3,90,37,10,1,10524,12,364,91,4,242,4242,1,76227.00,76227.00,76227.00,0,ESTUDOS E PESQUISAS NA ÁREA DE GESTÃO PÚBLICA,APRIMORAMENTO DA GESTÃO PÚBLICA POR MEIO DE ENSINO DE EXCELÊNCIA
2025,1500,SECRETARIA DE ESTADO DE PLANEJAMENTO E GESTÃO - SEPLAG,3,0,2061,FUNDAÇÃO JOÃO PINHEIRO - FJP,3,3,90,39,60,1,10524,12,364,91,4,242,4242,1,10800.00,10800.00,10800.00,0,ESTUDOS E PESQUISAS NA ÁREA DE GESTÃO PÚBLICA,APRIMORAMENTO DA GESTÃO PÚBLICA POR MEIO DE ENSINO DE EXCELÊNCIA
2025,1500,SECRETARIA DE ESTADO DE PLANEJAMENTO E GESTÃO - SEPLAG,3,0,2061,FUNDAÇÃO JOÃO PINHEIRO - FJP,3,3,90,47,60,1,10524,12,364,91,4,242,4242,1,800.00,800.00,800.00,0,ESTUDOS E PESQUISAS NA ÁREA DE GESTÃO PÚBLICA,APRIMORAMENTO DA GESTÃO PÚBLICA POR MEIO DE ENSINO DE EXCELÊNCIA
2025,1500,SECRETARIA DE ESTADO DE PLANEJAMENTO E GESTÃO - SEPLAG,3,0,2061,FUNDAÇÃO JOÃO PINHEIRO - FJP,3,1,90,11,10,1,10525,12,364,91,4,243,4243,1,1481120.00,1481120.00,1481120.00,0,FORMAÇÃO DE PESSOAS NO NÍVEL DE GRADUAÇÃO,APRIMORAMENTO DA GESTÃO PÚBLICA POR MEIO DE ENSINO DE EXCELÊNCIA
2025,1500,SECRETARIA DE ESTADO DE PLANEJAMENTO E GESTÃO - SEPLAG,3,0,2061,FUNDAÇÃO JOÃO PINHEIRO - FJP,3,1,91,13,10,1,10525,12,364,91,4,243,4243,1,537507.00,537507.00,537507.00,0,FORMAÇÃO DE PESSOAS NO NÍVEL DE GRADUAÇÃO,APRIMORAMENTO DA GESTÃO PÚBLICA POR MEIO DE ENSINO DE EXCELÊNCIA
2025,1500,SECRETARIA DE ESTADO DE PLANEJAMENTO E GESTÃO - SEPLAG,3,0,2061,FUNDAÇÃO JOÃO PINHEIRO - FJP,3,3,90,14,10,1,10525,12,364,91,4,243,4243,1,63450.00,63450.00,63450.00,0,FORMAÇÃO DE PESSOAS NO NÍVEL DE GRADUAÇÃO,APRIMORAMENTO DA GESTÃO PÚBLICA POR MEIO DE ENSINO DE EXCELÊNCIA
2025,1500,SECRETARIA DE ESTADO DE PLANEJAMENTO E GESTÃO - SEPLAG,3,0,2061,FUNDAÇÃO JOÃO PINHEIRO - FJP,3,3,90,18,10,1,10525,12,364,91,4,243,4243,1,2703600.00,2703600.00,2703600.00,0,FORMAÇÃO DE PESSOAS NO NÍVEL DE GRADUAÇÃO,APRIMORAMENTO DA GESTÃO PÚBLICA POR MEIO DE ENSINO DE EXCELÊNCIA
2025,1500,SECRETARIA DE ESTADO DE PLANEJAMENTO E GESTÃO - SEPLAG,3,0,2061,FUNDAÇÃO JOÃO PINHEIRO - FJP,3,3,90,30,10,1,10525,12,364,91,4,243,4243,1,39000.00,39000.00,39000.00,0,FORMAÇÃO DE PESSOAS NO NÍVEL DE GRADUAÇÃO,APRIMORAMENTO DA GESTÃO PÚBLICA POR MEIO DE ENSINO DE EXCELÊNCIA
2025,1500,SECRETARIA DE ESTADO DE PLANEJAMENTO E GESTÃO - SEPLAG,3,0,2061,FUNDAÇÃO JOÃO PINHEIRO - FJP,3,3,90,33,10,1,10525,12,364,91,4,243,4243,1,80325.00,80325.00,80325.00,0,FORMAÇÃO DE PESSOAS NO NÍVEL DE GRADUAÇÃO,APRIMORAMENTO DA GESTÃO PÚBLICA POR MEIO DE ENSINO DE EXCELÊNCIA
2025,1500,SECRETARIA DE ESTADO DE PLANEJAMENTO E GESTÃO - SEPLAG,3,0,2061,FUNDAÇÃO JOÃO PINHEIRO - FJP,3,3,90,36,10,1,10525,12,364,91,4,243,4243,1,67200.00,67200.00,67200.00,0,FORMAÇÃO DE PESSOAS NO NÍVEL DE GRADUAÇÃO,APRIMORAMENTO DA GESTÃO PÚBLICA POR MEIO DE ENSINO DE EXCELÊNCIA
2025,1500,SECRETARIA DE ESTADO DE PLANEJAMENTO E GESTÃO - SEPLAG,3,0,2061,FUNDAÇÃO JOÃO PINHEIRO - FJP,3,3,90,37,10,1,10525,12,364,91,4,243,4243,1,1161715.00,1161715.00,1161715.00,0,FORMAÇÃO DE PESSOAS NO NÍVEL DE GRADUAÇÃO,APRIMORAMENTO DA GESTÃO PÚBLICA POR MEIO DE ENSINO DE EXCELÊNCIA
2025,1500,SECRETARIA DE ESTADO DE PLANEJAMENTO E GESTÃO - SEPLAG,3,0,2061,FUNDAÇÃO JOÃO PINHEIRO - FJP,3,3,90,39,10,1,10525,12,364,91,4,243,4243,1,284455.00,284455.00,284455.00,0,FORMAÇÃO DE PESSOAS NO NÍVEL DE GRADUAÇÃO,APRIMORAMENTO DA GESTÃO PÚBLICA POR MEIO DE ENSINO DE EXCELÊNCIA
2025,1500,SECRETARIA DE ESTADO DE PLANEJAMENTO E GESTÃO - SEPLAG,3,0,2061,FUNDAÇÃO JOÃO PINHEIRO - FJP,3,3,90,40,10,1,10525,12,364,91,4,243,4243,1,180000.00,180000.00,180000.00,0,FORMAÇÃO DE PESSOAS NO NÍVEL DE GRADUAÇÃO,APRIMORAMENTO DA GESTÃO PÚBLICA POR MEIO DE ENSINO DE EXCELÊNCIA
2025,1500,SECRETARIA DE ESTADO DE PLANEJAMENTO E GESTÃO - SEPLAG,3,0,2061,FUNDAÇÃO JOÃO PINHEIRO - FJP,3,3,90,46,10,7,10525,12,364,91,4,243,4243,1,115923.00,115923.00,115923.00,0,FORMAÇÃO DE PESSOAS NO NÍVEL DE GRADUAÇÃO,APRIMORAMENTO DA GESTÃO PÚBLICA POR MEIO DE ENSINO DE EXCELÊNCIA
2025,1500,SECRETARIA DE ESTADO DE PLANEJAMENTO E GESTÃO - SEPLAG,3,0,2061,FUNDAÇÃO JOÃO PINHEIRO - FJP,3,3,90,49,10,7,10525,12,364,91,4,243,4243,1,15195.00,15195.00,15195.00,0,FORMAÇÃO DE PESSOAS NO NÍVEL DE GRADUAÇÃO,APRIMORAMENTO DA GESTÃO PÚBLICA POR MEIO DE ENSINO DE EXCELÊNCIA
2025,1500,SECRETARIA DE ESTADO DE PLANEJAMENTO E GESTÃO - SEPLAG,3,0,2061,FUNDAÇÃO JOÃO PINHEIRO - FJP,3,3,90,14,60,1,10526,12,364,91,4,244,4244,1,89250.00,89250.00,89250.00,0,FORMAÇÃO DE PESSOAS NO NÍVEL DE PÓS-GRADUAÇÃO (LATO SENSU),APRIMORAMENTO DA GESTÃO PÚBLICA POR MEIO DE ENSINO DE EXCELÊNCIA
2025,1500,SECRETARIA DE ESTADO DE PLANEJAMENTO E GESTÃO - SEPLAG,3,0,2061,FUNDAÇÃO JOÃO PINHEIRO - FJP,3,3,90,33,60,1,10526,12,364,91,4,244,4244,1,172500.00,172500.00,172500.00,0,FORMAÇÃO DE PESSOAS NO NÍVEL DE PÓS-GRADUAÇÃO (LATO SENSU),APRIMORAMENTO DA GESTÃO PÚBLICA POR MEIO DE ENSINO DE EXCELÊNCIA
2025,1500,SECRETARIA DE ESTADO DE PLANEJAMENTO E GESTÃO - SEPLAG,3,0,2061,FUNDAÇÃO JOÃO PINHEIRO - FJP,3,3,90,36,60,1,10526,12,364,91,4,244,4244,1,33600.00,33600.00,33600.00,0,FORMAÇÃO DE PESSOAS NO NÍVEL DE PÓS-GRADUAÇÃO (LATO SENSU),APRIMORAMENTO DA GESTÃO PÚBLICA POR MEIO DE ENSINO DE EXCELÊNCIA
2025,1500,SECRETARIA DE ESTADO DE PLANEJAMENTO E GESTÃO - SEPLAG,3,0,2061,FUNDAÇÃO JOÃO PINHEIRO - FJP,3,3,90,37,10,1,10526,12,364,91,4,244,4244,1,444356.00,444356.00,444356.00,0,FORMAÇÃO DE PESSOAS NO NÍVEL DE PÓS-GRADUAÇÃO (LATO SENSU),APRIMORAMENTO DA GESTÃO PÚBLICA POR MEIO DE ENSINO DE EXCELÊNCIA
2025,1500,SECRETARIA DE ESTADO DE PLANEJAMENTO E GESTÃO - SEPLAG,3,0,2061,FUNDAÇÃO JOÃO PINHEIRO - FJP,3,3,90,37,60,1,10526,12,364,91,4,244,4244,1,82800.00,82800.00,82800.00,0,FORMAÇÃO DE PESSOAS NO NÍVEL DE PÓS-GRADUAÇÃO (LATO SENSU),APRIMORAMENTO DA GESTÃO PÚBLICA POR MEIO DE ENSINO DE EXCELÊNCIA
2025,1500,SECRETARIA DE ESTADO DE PLANEJAMENTO E GESTÃO - SEPLAG,3,0,2061,FUNDAÇÃO JOÃO PINHEIRO - FJP,3,3,90,39,60,1,10526,12,364,91,4,244,4244,1,127108.00,127108.00,127108.00,0,FORMAÇÃO DE PESSOAS NO NÍVEL DE PÓS-GRADUAÇÃO (LATO SENSU),APRIMORAMENTO DA GESTÃO PÚBLICA POR MEIO DE ENSINO DE EXCELÊNCIA
2025,1500,SECRETARIA DE ESTADO DE PLANEJAMENTO E GESTÃO - SEPLAG,3,0,2061,FUNDAÇÃO JOÃO PINHEIRO - FJP,3,3,90,40,10,1,10526,12,364,91,4,244,4244,1,45750.00,45750.00,45750.00,0,FORMAÇÃO DE PESSOAS NO NÍVEL DE PÓS-GRADUAÇÃO (LATO SENSU),APRIMORAMENTO DA GESTÃO PÚBLICA POR MEIO DE ENSINO DE EXCELÊNCIA
2025,1500,SECRETARIA DE ESTADO DE PLANEJAMENTO E GESTÃO - SEPLAG,3,0,2061,FUNDAÇÃO JOÃO PINHEIRO - FJP,4,4,90,52,10,1,10526,12,364,91,4,244,4244,1,12000.00,12000.00,12000.00,0,FORMAÇÃO DE PESSOAS NO NÍVEL DE PÓS-GRADUAÇÃO (LATO SENSU),APRIMORAMENTO DA GESTÃO PÚBLICA POR MEIO DE ENSINO DE EXCELÊNCIA
2025,1500,SECRETARIA DE ESTADO DE PLANEJAMENTO E GESTÃO - SEPLAG,3,0,2061,FUNDAÇÃO JOÃO PINHEIRO - FJP,3,1,90,11,10,1,10527,12,364,91,4,245,4245,1,1540750.00,1540750.00,1540750.00,0,FORMAÇÃO DE PESSOAS NO NÍVEL DE PÓS-GRADUAÇÃO (STRICTO SENSU),APRIMORAMENTO DA GESTÃO PÚBLICA POR MEIO DE ENSINO DE EXCELÊNCIA
2025,1500,SECRETARIA DE ESTADO DE PLANEJAMENTO E GESTÃO - SEPLAG,3,0,2061,FUNDAÇÃO JOÃO PINHEIRO - FJP,3,1,90,16,10,1,10527,12,364,91,4,245,4245,1,292872.00,292872.00,292872.00,0,FORMAÇÃO DE PESSOAS NO NÍVEL DE PÓS-GRADUAÇÃO (STRICTO SENSU),APRIMORAMENTO DA GESTÃO PÚBLICA POR MEIO DE ENSINO DE EXCELÊNCIA
2025,1500,SECRETARIA DE ESTADO DE PLANEJAMENTO E GESTÃO - SEPLAG,3,0,2061,FUNDAÇÃO JOÃO PINHEIRO - FJP,3,1,91,13,10,1,10527,12,364,91,4,245,4245,1,732371.00,732371.00,732371.00,0,FORMAÇÃO DE PESSOAS NO NÍVEL DE PÓS-GRADUAÇÃO (STRICTO SENSU),APRIMORAMENTO DA GESTÃO PÚBLICA POR MEIO DE ENSINO DE EXCELÊNCIA
2025,1500,SECRETARIA DE ESTADO DE PLANEJAMENTO E GESTÃO - SEPLAG,3,0,2061,FUNDAÇÃO JOÃO PINHEIRO - FJP,3,3,90,14,10,1,10527,12,364,91,4,245,4245,1,2820.00,2820.00,2820.00,0,FORMAÇÃO DE PESSOAS NO NÍVEL DE PÓS-GRADUAÇÃO (STRICTO SENSU),APRIMORAMENTO DA GESTÃO PÚBLICA POR MEIO DE ENSINO DE EXCELÊNCIA
2025,1500,SECRETARIA DE ESTADO DE PLANEJAMENTO E GESTÃO - SEPLAG,3,0,2061,FUNDAÇÃO JOÃO PINHEIRO - FJP,3,3,90,18,10,1,10527,12,364,91,4,245,4245,1,220800.00,220800.00,220800.00,0,FORMAÇÃO DE PESSOAS NO NÍVEL DE PÓS-GRADUAÇÃO (STRICTO SENSU),APRIMORAMENTO DA GESTÃO PÚBLICA POR MEIO DE ENSINO DE EXCELÊNCIA
2025,1500,SECRETARIA DE ESTADO DE PLANEJAMENTO E GESTÃO - SEPLAG,3,0,2061,FUNDAÇÃO JOÃO PINHEIRO - FJP,3,3,90,30,10,1,10527,12,364,91,4,245,4245,1,500.00,500.00,500.00,0,FORMAÇÃO DE PESSOAS NO NÍVEL DE PÓS-GRADUAÇÃO (STRICTO SENSU),APRIMORAMENTO DA GESTÃO PÚBLICA POR MEIO DE ENSINO DE EXCELÊNCIA
2025,1500,SECRETARIA DE ESTADO DE PLANEJAMENTO E GESTÃO - SEPLAG,3,0,2061,FUNDAÇÃO JOÃO PINHEIRO - FJP,3,3,90,31,10,1,10527,12,364,91,4,245,4245,1,165750.00,165750.00,165750.00,0,FORMAÇÃO DE PESSOAS NO NÍVEL DE PÓS-GRADUAÇÃO (STRICTO SENSU),APRIMORAMENTO DA GESTÃO PÚBLICA POR MEIO DE ENSINO DE EXCELÊNCIA
2025,1500,SECRETARIA DE ESTADO DE PLANEJAMENTO E GESTÃO - SEPLAG,3,0,2061,FUNDAÇÃO JOÃO PINHEIRO - FJP,3,3,90,33,10,1,10527,12,364,91,4,245,4245,1,55550.00,55550.00,55550.00,0,FORMAÇÃO DE PESSOAS NO NÍVEL DE PÓS-GRADUAÇÃO (STRICTO SENSU),APRIMORAMENTO DA GESTÃO PÚBLICA POR MEIO DE ENSINO DE EXCELÊNCIA
2025,1500,SECRETARIA DE ESTADO DE PLANEJAMENTO E GESTÃO - SEPLAG,3,0,2061,FUNDAÇÃO JOÃO PINHEIRO - FJP,3,3,90,36,10,1,10527,12,364,91,4,245,4245,1,115490.00,115490.00,115490.00,0,FORMAÇÃO DE PESSOAS NO NÍVEL DE PÓS-GRADUAÇÃO (STRICTO SENSU),APRIMORAMENTO DA GESTÃO PÚBLICA POR MEIO DE ENSINO DE EXCELÊNCIA
2025,1500,SECRETARIA DE ESTADO DE PLANEJAMENTO E GESTÃO - SEPLAG,3,0,2061,FUNDAÇÃO JOÃO PINHEIRO - FJP,3,3,90,37,10,1,10527,12,364,91,4,245,4245,1,754822.00,754822.00,754822.00,0,FORMAÇÃO DE PESSOAS NO NÍVEL DE PÓS-GRADUAÇÃO (STRICTO SENSU),APRIMORAMENTO DA GESTÃO PÚBLICA POR MEIO DE ENSINO DE EXCELÊNCIA
2025,1500,SECRETARIA DE ESTADO DE PLANEJAMENTO E GESTÃO - SEPLAG,3,0,2061,FUNDAÇÃO JOÃO PINHEIRO - FJP,3,3,90,39,10,1,10527,12,364,91,4,245,4245,1,74000.00,74000.00,74000.00,0,FORMAÇÃO DE PESSOAS NO NÍVEL DE PÓS-GRADUAÇÃO (STRICTO SENSU),APRIMORAMENTO DA GESTÃO PÚBLICA POR MEIO DE ENSINO DE EXCELÊNCIA
2025,1500,SECRETARIA DE ESTADO DE PLANEJAMENTO E GESTÃO - SEPLAG,3,0,2061,FUNDAÇÃO JOÃO PINHEIRO - FJP,3,3,90,40,10,1,10527,12,364,91,4,245,4245,1,43500.00,43500.00,43500.00,0,FORMAÇÃO DE PESSOAS NO NÍVEL DE PÓS-GRADUAÇÃO (STRICTO SENSU),APRIMORAMENTO DA GESTÃO PÚBLICA POR MEIO DE ENSINO DE EXCELÊNCIA
2025,1500,SECRETARIA DE ESTADO DE PLANEJAMENTO E GESTÃO - SEPLAG,3,0,2061,FUNDAÇÃO JOÃO PINHEIRO - FJP,3,3,90,49,10,7,10527,12,364,91,4,245,4245,1,2904.00,2904.00,2904.00,0,FORMAÇÃO DE PESSOAS NO NÍVEL DE PÓS-GRADUAÇÃO (STRICTO SENSU),APRIMORAMENTO DA GESTÃO PÚBLICA POR MEIO DE ENSINO DE EXCELÊNCIA
2025,1500,SECRETARIA DE ESTADO DE PLANEJAMENTO E GESTÃO - SEPLAG,3,0,2061,FUNDAÇÃO JOÃO PINHEIRO - FJP,3,1,90,11,10,1,10528,12,364,91,4,246,4246,1,1430982.00,1430982.00,1430982.00,0,PARTICIPAÇÃO EM EXTENSÃO ACADÊMICA,APRIMORAMENTO DA GESTÃO PÚBLICA POR MEIO DE ENSINO DE EXCELÊNCIA
2025,1500,SECRETARIA DE ESTADO DE PLANEJAMENTO E GESTÃO - SEPLAG,3,0,2061,FUNDAÇÃO JOÃO PINHEIRO - FJP,3,1,90,16,10,1,10528,12,364,91,4,246,4246,1,60523.00,60523.00,60523.00,0,PARTICIPAÇÃO EM EXTENSÃO ACADÊMICA,APRIMORAMENTO DA GESTÃO PÚBLICA POR MEIO DE ENSINO DE EXCELÊNCIA
2025,1500,SECRETARIA DE ESTADO DE PLANEJAMENTO E GESTÃO - SEPLAG,3,0,2061,FUNDAÇÃO JOÃO PINHEIRO - FJP,3,1,91,13,10,1,10528,12,364,91,4,246,4246,1,699150.00,699150.00,699150.00,0,PARTICIPAÇÃO EM EXTENSÃO ACADÊMICA,APRIMORAMENTO DA GESTÃO PÚBLICA POR MEIO DE ENSINO DE EXCELÊNCIA
2025,1500,SECRETARIA DE ESTADO DE PLANEJAMENTO E GESTÃO - SEPLAG,3,0,2061,FUNDAÇÃO JOÃO PINHEIRO - FJP,3,3,90,14,10,1,10528,12,364,91,4,246,4246,1,72490.00,72490.00,72490.00,0,PARTICIPAÇÃO EM EXTENSÃO ACADÊMICA,APRIMORAMENTO DA GESTÃO PÚBLICA POR MEIO DE ENSINO DE EXCELÊNCIA
2025,1500,SECRETARIA DE ESTADO DE PLANEJAMENTO E GESTÃO - SEPLAG,3,0,2061,FUNDAÇÃO JOÃO PINHEIRO - FJP,3,3,90,33,10,1,10528,12,364,91,4,246,4246,1,74850.00,74850.00,74850.00,0,PARTICIPAÇÃO EM EXTENSÃO ACADÊMICA,APRIMORAMENTO DA GESTÃO PÚBLICA POR MEIO DE ENSINO DE EXCELÊNCIA
2025,1500,SECRETARIA DE ESTADO DE PLANEJAMENTO E GESTÃO - SEPLAG,3,0,2061,FUNDAÇÃO JOÃO PINHEIRO - FJP,3,3,90,36,10,1,10528,12,364,91,4,246,4246,1,65560.00,65560.00,65560.00,0,PARTICIPAÇÃO EM EXTENSÃO ACADÊMICA,APRIMORAMENTO DA GESTÃO PÚBLICA POR MEIO DE ENSINO DE EXCELÊNCIA
2025,1500,SECRETARIA DE ESTADO DE PLANEJAMENTO E GESTÃO - SEPLAG,3,0,2061,FUNDAÇÃO JOÃO PINHEIRO - FJP,3,3,90,37,10,1,10528,12,364,91,4,246,4246,1,679176.00,679176.00,679176.00,0,PARTICIPAÇÃO EM EXTENSÃO ACADÊMICA,APRIMORAMENTO DA GESTÃO PÚBLICA POR MEIO DE ENSINO DE EXCELÊNCIA
2025,1500,SECRETARIA DE ESTADO DE PLANEJAMENTO E GESTÃO - SEPLAG,3,0,2061,FUNDAÇÃO JOÃO PINHEIRO - FJP,3,3,90,39,10,1,10528,12,364,91,4,246,4246,1,27450.00,27450.00,27450.00,0,PARTICIPAÇÃO EM EXTENSÃO ACADÊMICA,APRIMORAMENTO DA GESTÃO PÚBLICA POR MEIO DE ENSINO DE EXCELÊNCIA
2025,1500,SECRETARIA DE ESTADO DE PLANEJAMENTO E GESTÃO - SEPLAG,3,0,2061,FUNDAÇÃO JOÃO PINHEIRO - FJP,3,3,90,40,10,1,10528,12,364,91,4,246,4246,1,251500.00,251500.00,251500.00,0,PARTICIPAÇÃO EM EXTENSÃO ACADÊMICA,APRIMORAMENTO DA GESTÃO PÚBLICA POR MEIO DE ENSINO DE EXCELÊNCIA
2025,1500,SECRETARIA DE ESTADO DE PLANEJAMENTO E GESTÃO - SEPLAG,3,0,2061,FUNDAÇÃO JOÃO PINHEIRO - FJP,3,3,90,46,10,7,10528,12,364,91,4,246,4246,1,108231.00,108231.00,108231.00,0,PARTICIPAÇÃO EM EXTENSÃO ACADÊMICA,APRIMORAMENTO DA GESTÃO PÚBLICA POR MEIO DE ENSINO DE EXCELÊNCIA
2025,1500,SECRETARIA DE ESTADO DE PLANEJAMENTO E GESTÃO - SEPLAG,3,0,2061,FUNDAÇÃO JOÃO PINHEIRO - FJP,3,3,90,49,10,7,10528,12,364,91,4,246,4246,1,2310.00,2310.00,2310.00,0,PARTICIPAÇÃO EM EXTENSÃO ACADÊMICA,APRIMORAMENTO DA GESTÃO PÚBLICA POR MEIO DE ENSINO DE EXCELÊNCIA
2025,1500,SECRETARIA DE ESTADO DE PLANEJAMENTO E GESTÃO - SEPLAG,3,0,2061,FUNDAÇÃO JOÃO PINHEIRO - FJP,3,3,90,30,60,1,10529,12,364,91,4,247,4247,1,10340.00,10340.00,10340.00,0,PROMOÇÃO DA INOVAÇÃO NO SETOR PÚBLICO,APRIMORAMENTO DA GESTÃO PÚBLICA POR MEIO DE ENSINO DE EXCELÊNCIA
2025,1500,SECRETARIA DE ESTADO DE PLANEJAMENTO E GESTÃO - SEPLAG,3,0,2061,FUNDAÇÃO JOÃO PINHEIRO - FJP,3,3,90,36,10,1,10529,12,364,91,4,247,4247,1,16800.00,16800.00,16800.00,0,PROMOÇÃO DA INOVAÇÃO NO SETOR PÚBLICO,APRIMORAMENTO DA GESTÃO PÚBLICA POR MEIO DE ENSINO DE EXCELÊNCIA
2025,1500,SECRETARIA DE ESTADO DE PLANEJAMENTO E GESTÃO - SEPLAG,3,0,2061,FUNDAÇÃO JOÃO PINHEIRO - FJP,3,3,90,37,10,1,10529,12,364,91,4,247,4247,1,63430.00,63430.00,63430.00,0,PROMOÇÃO DA INOVAÇÃO NO SETOR PÚBLICO,APRIMORAMENTO DA GESTÃO PÚBLICA POR MEIO DE ENSINO DE EXCELÊNCIA
2025,1500,SECRETARIA DE ESTADO DE PLANEJAMENTO E GESTÃO - SEPLAG,3,0,2061,FUNDAÇÃO JOÃO PINHEIRO - FJP,3,3,90,40,60,1,10529,12,364,91,4,247,4247,1,50000.00,50000.00,50000.00,0,PROMOÇÃO DA INOVAÇÃO NO SETOR PÚBLICO,APRIMORAMENTO DA GESTÃO PÚBLICA POR MEIO DE ENSINO DE EXCELÊNCIA
2025,1500,SECRETARIA DE ESTADO DE PLANEJAMENTO E GESTÃO - SEPLAG,3,0,2061,FUNDAÇÃO JOÃO PINHEIRO - FJP,3,3,90,36,10,1,10530,13,573,93,4,248,4248,1,50400.00,50400.00,50400.00,0,MANUTENÇÃO DA BIBLIOTECA DIGITAL DE MINAS GERAIS RAYMUNDO NONATO DE CASTRO,PROMOÇÃO E PRESERVAÇÃO DA MEMÓRIA TÉCNICO-CIENTÍFICA DO ESTADO DE MINAS GERAIS
2025,1500,SECRETARIA DE ESTADO DE PLANEJAMENTO E GESTÃO - SEPLAG,3,0,2061,FUNDAÇÃO JOÃO PINHEIRO - FJP,3,3,90,37,10,1,10530,13,573,93,4,248,4248,1,495080.00,495080.00,495080.00,0,MANUTENÇÃO DA BIBLIOTECA DIGITAL DE MINAS GERAIS RAYMUNDO NONATO DE CASTRO,PROMOÇÃO E PRESERVAÇÃO DA MEMÓRIA TÉCNICO-CIENTÍFICA DO ESTADO DE MINAS GERAIS
2025,1500,SECRETARIA DE ESTADO DE PLANEJAMENTO E GESTÃO - SEPLAG,3,0,2061,FUNDAÇÃO JOÃO PINHEIRO - FJP,3,3,90,40,10,1,10530,13,573,93,4,248,4248,1,110213.00,110213.00,110213.00,0,MANUTENÇÃO DA BIBLIOTECA DIGITAL DE MINAS GERAIS RAYMUNDO NONATO DE CASTRO,PROMOÇÃO E PRESERVAÇÃO DA MEMÓRIA TÉCNICO-CIENTÍFICA DO ESTADO DE MINAS GERAIS
2025,1500,SECRETARIA DE ESTADO DE PLANEJAMENTO E GESTÃO - SEPLAG,3,0,2061,FUNDAÇÃO JOÃO PINHEIRO - FJP,3,1,90,91,10,9,1764,28,846,705,7,4,7004,1,457299.00,457299.00,457299.00,0,PRECATÓRIOS E SENTENÇAS JUDICIÁRIAS,APOIO ÀS POLÍTICAS PÚBLICAS
2025,1500,SECRETARIA DE ESTADO DE PLANEJAMENTO E GESTÃO - SEPLAG,3,0,2331,INSTITUTO DE METROLOGIA E QUALIDADE DO ESTADO DE MINAS GERAIS - IPEMMG,3,1,90,7,73,1,11089,23,122,705,2,417,2417,1,12540.00,12540.00,12540.00,0,REMUNERAÇÃO DE PESSOAL ATIVO E ENCARGOS SOCIAIS,APOIO ÀS POLÍTICAS PÚBLICAS
2025,1500,SECRETARIA DE ESTADO DE PLANEJAMENTO E GESTÃO - SEPLAG,3,0,2331,INSTITUTO DE METROLOGIA E QUALIDADE DO ESTADO DE MINAS GERAIS - IPEMMG,3,1,90,11,10,1,11089,23,122,705,2,417,2417,1,198964.00,198964.00,198964.00,0,REMUNERAÇÃO DE PESSOAL ATIVO E ENCARGOS SOCIAIS,APOIO ÀS POLÍTICAS PÚBLICAS
2025,1500,SECRETARIA DE ESTADO DE PLANEJAMENTO E GESTÃO - SEPLAG,3,0,2331,INSTITUTO DE METROLOGIA E QUALIDADE DO ESTADO DE MINAS GERAIS - IPEMMG,3,1,90,11,73,1,11089,23,122,705,2,417,2417,1,9836491.00,9836491.00,9836491.00,0,REMUNERAÇÃO DE PESSOAL ATIVO E ENCARGOS SOCIAIS,APOIO ÀS POLÍTICAS PÚBLICAS
2025,1500,SECRETARIA DE ESTADO DE PLANEJAMENTO E GESTÃO - SEPLAG,3,0,2331,INSTITUTO DE METROLOGIA E QUALIDADE DO ESTADO DE MINAS GERAIS - IPEMMG,3,1,90,13,73,1,11089,23,122,705,2,417,2417,1,77946.00,77946.00,77946.00,0,REMUNERAÇÃO DE PESSOAL ATIVO E ENCARGOS SOCIAIS,APOIO ÀS POLÍTICAS PÚBLICAS
2025,1500,SECRETARIA DE ESTADO DE PLANEJAMENTO E GESTÃO - SEPLAG,3,0,2331,INSTITUTO DE METROLOGIA E QUALIDADE DO ESTADO DE MINAS GERAIS - IPEMMG,3,1,91,13,73,1,11089,23,122,705,2,417,2417,1,3589068.00,3589068.00,3589068.00,0,REMUNERAÇÃO DE PESSOAL ATIVO E ENCARGOS SOCIAIS,APOIO ÀS POLÍTICAS PÚBLICAS
2025,1500,SECRETARIA DE ESTADO DE PLANEJAMENTO E GESTÃO - SEPLAG,3,0,2331,INSTITUTO DE METROLOGIA E QUALIDADE DO ESTADO DE MINAS GERAIS - IPEMMG,3,3,90,46,73,7,11089,23,122,705,2,417,2417,1,5265219.00,5265219.00,5265219.00,0,REMUNERAÇÃO DE PESSOAL ATIVO E ENCARGOS SOCIAIS,APOIO ÀS POLÍTICAS PÚBLICAS
2025,1500,SECRETARIA DE ESTADO DE PLANEJAMENTO E GESTÃO - SEPLAG,3,0,2331,INSTITUTO DE METROLOGIA E QUALIDADE DO ESTADO DE MINAS GERAIS - IPEMMG,3,3,90,49,73,7,11089,23,122,705,2,417,2417,1,195847.00,195847.00,195847.00,0,REMUNERAÇÃO DE PESSOAL ATIVO E ENCARGOS SOCIAIS,APOIO ÀS POLÍTICAS PÚBLICAS
2025,1500,SECRETARIA DE ESTADO DE PLANEJAMENTO E GESTÃO - SEPLAG,3,0,2331,INSTITUTO DE METROLOGIA E QUALIDADE DO ESTADO DE MINAS GERAIS - IPEMMG,3,3,90,14,73,1,9035,23,122,705,2,500,2500,1,40000.00,40000.00,40000.00,0,ASSESSORAMENTO E GERENCIAMENTO DE POLÍTICAS PÚBLICAS,APOIO ÀS POLÍTICAS PÚBLICAS
2025,1500,SECRETARIA DE ESTADO DE PLANEJAMENTO E GESTÃO - SEPLAG,3,0,2331,INSTITUTO DE METROLOGIA E QUALIDADE DO ESTADO DE MINAS GERAIS - IPEMMG,3,3,90,30,73,1,9035,23,122,705,2,500,2500,1,408000.00,408000.00,408000.00,0,ASSESSORAMENTO E GERENCIAMENTO DE POLÍTICAS PÚBLICAS,APOIO ÀS POLÍTICAS PÚBLICAS
2025,1500,SECRETARIA DE ESTADO DE PLANEJAMENTO E GESTÃO - SEPLAG,3,0,2331,INSTITUTO DE METROLOGIA E QUALIDADE DO ESTADO DE MINAS GERAIS - IPEMMG,3,3,90,33,73,1,9035,23,122,705,2,500,2500,1,80000.00,80000.00,80000.00,0,ASSESSORAMENTO E GERENCIAMENTO DE POLÍTICAS PÚBLICAS,APOIO ÀS POLÍTICAS PÚBLICAS
2025,1500,SECRETARIA DE ESTADO DE PLANEJAMENTO E GESTÃO - SEPLAG,3,0,2331,INSTITUTO DE METROLOGIA E QUALIDADE DO ESTADO DE MINAS GERAIS - IPEMMG,3,3,90,36,73,1,9035,23,122,705,2,500,2500,1,9400.00,9400.00,9400.00,0,ASSESSORAMENTO E GERENCIAMENTO DE POLÍTICAS PÚBLICAS,APOIO ÀS POLÍTICAS PÚBLICAS
2025,1500,SECRETARIA DE ESTADO DE PLANEJAMENTO E GESTÃO - SEPLAG,3,0,2331,INSTITUTO DE METROLOGIA E QUALIDADE DO ESTADO DE MINAS GERAIS - IPEMMG,3,3,90,37,73,1,9035,23,122,705,2,500,2500,1,4401036.00,4401036.00,4401036.00,0,ASSESSORAMENTO E GERENCIAMENTO DE POLÍTICAS PÚBLICAS,APOIO ÀS POLÍTICAS PÚBLICAS
2025,1500,SECRETARIA DE ESTADO DE PLANEJAMENTO E GESTÃO - SEPLAG,3,0,2331,INSTITUTO DE METROLOGIA E QUALIDADE DO ESTADO DE MINAS GERAIS - IPEMMG,3,3,90,39,73,1,9035,23,122,705,2,500,2500,1,500000.00,500000.00,500000.00,0,ASSESSORAMENTO E GERENCIAMENTO DE POLÍTICAS PÚBLICAS,APOIO ÀS POLÍTICAS PÚBLICAS
2025,1500,SECRETARIA DE ESTADO DE PLANEJAMENTO E GESTÃO - SEPLAG,3,0,2331,INSTITUTO DE METROLOGIA E QUALIDADE DO ESTADO DE MINAS GERAIS - IPEMMG,3,3,90,40,73,1,9035,23,122,705,2,500,2500,1,272000.00,272000.00,272000.00,0,ASSESSORAMENTO E GERENCIAMENTO DE POLÍTICAS PÚBLICAS,APOIO ÀS POLÍTICAS PÚBLICAS
2025,1500,SECRETARIA DE ESTADO DE PLANEJAMENTO E GESTÃO - SEPLAG,3,0,2331,INSTITUTO DE METROLOGIA E QUALIDADE DO ESTADO DE MINAS GERAIS - IPEMMG,3,3,90,47,73,1,9035,23,122,705,2,500,2500,1,23000.00,23000.00,23000.00,0,ASSESSORAMENTO E GERENCIAMENTO DE POLÍTICAS PÚBLICAS,APOIO ÀS POLÍTICAS PÚBLICAS
2025,1500,SECRETARIA DE ESTADO DE PLANEJAMENTO E GESTÃO - SEPLAG,3,0,2331,INSTITUTO DE METROLOGIA E QUALIDADE DO ESTADO DE MINAS GERAIS - IPEMMG,3,3,90,93,73,1,9035,23,122,705,2,500,2500,1,680000.00,680000.00,680000.00,0,ASSESSORAMENTO E GERENCIAMENTO DE POLÍTICAS PÚBLICAS,APOIO ÀS POLÍTICAS PÚBLICAS
2025,1500,SECRETARIA DE ESTADO DE PLANEJAMENTO E GESTÃO - SEPLAG,3,0,2331,INSTITUTO DE METROLOGIA E QUALIDADE DO ESTADO DE MINAS GERAIS - IPEMMG,3,3,91,40,73,1,9035,23,122,705,2,500,2500,1,18000.00,18000.00,18000.00,0,ASSESSORAMENTO E GERENCIAMENTO DE POLÍTICAS PÚBLICAS,APOIO ÀS POLÍTICAS PÚBLICAS
2025,1500,SECRETARIA DE ESTADO DE PLANEJAMENTO E GESTÃO - SEPLAG,3,0,2331,INSTITUTO DE METROLOGIA E QUALIDADE DO ESTADO DE MINAS GERAIS - IPEMMG,4,4,90,52,73,1,9035,23,122,705,2,500,2500,1,450000.00,450000.00,450000.00,0,ASSESSORAMENTO E GERENCIAMENTO DE POLÍTICAS PÚBLICAS,APOIO ÀS POLÍTICAS PÚBLICAS
2025,1500,SECRETARIA DE ESTADO DE PLANEJAMENTO E GESTÃO - SEPLAG,3,0,2331,INSTITUTO DE METROLOGIA E QUALIDADE DO ESTADO DE MINAS GERAIS - IPEMMG,3,3,90,14,73,1,10238,23,125,12,4,24,4024,1,800000.00,800000.00,800000.00,0,EXECUÇÃO DO CONTROLE METROLÓGICO NO ESTADO DE MINAS GERAIS,POLÍTICA PÚBLICA DE METROLOGIA E AVALIAÇÃO DA CONFORMIDADE
2025,1500,SECRETARIA DE ESTADO DE PLANEJAMENTO E GESTÃO - SEPLAG,3,0,2331,INSTITUTO DE METROLOGIA E QUALIDADE DO ESTADO DE MINAS GERAIS - IPEMMG,3,3,90,30,73,1,10238,23,125,12,4,24,4024,1,340461.00,340461.00,340461.00,0,EXECUÇÃO DO CONTROLE METROLÓGICO NO ESTADO DE MINAS GERAIS,POLÍTICA PÚBLICA DE METROLOGIA E AVALIAÇÃO DA CONFORMIDADE
2025,1500,SECRETARIA DE ESTADO DE PLANEJAMENTO E GESTÃO - SEPLAG,3,0,2331,INSTITUTO DE METROLOGIA E QUALIDADE DO ESTADO DE MINAS GERAIS - IPEMMG,3,3,90,33,73,1,10238,23,125,12,4,24,4024,1,20000.00,20000.00,20000.00,0,EXECUÇÃO DO CONTROLE METROLÓGICO NO ESTADO DE MINAS GERAIS,POLÍTICA PÚBLICA DE METROLOGIA E AVALIAÇÃO DA CONFORMIDADE
2025,1500,SECRETARIA DE ESTADO DE PLANEJAMENTO E GESTÃO - SEPLAG,3,0,2331,INSTITUTO DE METROLOGIA E QUALIDADE DO ESTADO DE MINAS GERAIS - IPEMMG,3,3,90,36,73,1,10238,23,125,12,4,24,4024,1,45000.00,45000.00,45000.00,0,EXECUÇÃO DO CONTROLE METROLÓGICO NO ESTADO DE MINAS GERAIS,POLÍTICA PÚBLICA DE METROLOGIA E AVALIAÇÃO DA CONFORMIDADE
2025,1500,SECRETARIA DE ESTADO DE PLANEJAMENTO E GESTÃO - SEPLAG,3,0,2331,INSTITUTO DE METROLOGIA E QUALIDADE DO ESTADO DE MINAS GERAIS - IPEMMG,3,3,90,37,73,1,10238,23,125,12,4,24,4024,1,3038963.00,3038963.00,3038963.00,0,EXECUÇÃO DO CONTROLE METROLÓGICO NO ESTADO DE MINAS GERAIS,POLÍTICA PÚBLICA DE METROLOGIA E AVALIAÇÃO DA CONFORMIDADE
2025,1500,SECRETARIA DE ESTADO DE PLANEJAMENTO E GESTÃO - SEPLAG,3,0,2331,INSTITUTO DE METROLOGIA E QUALIDADE DO ESTADO DE MINAS GERAIS - IPEMMG,3,3,90,39,73,1,10238,23,125,12,4,24,4024,1,4044774.00,4044774.00,4044774.00,0,EXECUÇÃO DO CONTROLE METROLÓGICO NO ESTADO DE MINAS GERAIS,POLÍTICA PÚBLICA DE METROLOGIA E AVALIAÇÃO DA CONFORMIDADE
2025,1500,SECRETARIA DE ESTADO DE PLANEJAMENTO E GESTÃO - SEPLAG,3,0,2331,INSTITUTO DE METROLOGIA E QUALIDADE DO ESTADO DE MINAS GERAIS - IPEMMG,3,3,90,40,73,1,10238,23,125,12,4,24,4024,1,230000.00,230000.00,230000.00,0,EXECUÇÃO DO CONTROLE METROLÓGICO NO ESTADO DE MINAS GERAIS,POLÍTICA PÚBLICA DE METROLOGIA E AVALIAÇÃO DA CONFORMIDADE
2025,1500,SECRETARIA DE ESTADO DE PLANEJAMENTO E GESTÃO - SEPLAG,3,0,2331,INSTITUTO DE METROLOGIA E QUALIDADE DO ESTADO DE MINAS GERAIS - IPEMMG,3,3,90,93,73,1,10238,23,125,12,4,24,4024,1,2210000.00,2210000.00,2210000.00,0,EXECUÇÃO DO CONTROLE METROLÓGICO NO ESTADO DE MINAS GERAIS,POLÍTICA PÚBLICA DE METROLOGIA E AVALIAÇÃO DA CONFORMIDADE
2025,1500,SECRETARIA DE ESTADO DE PLANEJAMENTO E GESTÃO - SEPLAG,3,0,2331,INSTITUTO DE METROLOGIA E QUALIDADE DO ESTADO DE MINAS GERAIS - IPEMMG,4,4,90,52,73,1,10238,23,125,12,4,24,4024,1,600000.00,600000.00,600000.00,0,EXECUÇÃO DO CONTROLE METROLÓGICO NO ESTADO DE MINAS GERAIS,POLÍTICA PÚBLICA DE METROLOGIA E AVALIAÇÃO DA CONFORMIDADE
2025,1500,SECRETARIA DE ESTADO DE PLANEJAMENTO E GESTÃO - SEPLAG,3,0,2331,INSTITUTO DE METROLOGIA E QUALIDADE DO ESTADO DE MINAS GERAIS - IPEMMG,3,3,90,14,73,1,10240,23,665,12,4,26,4026,1,190000.00,190000.00,190000.00,0,AVALIAÇÃO DA CONFORMIDADE DE PRODUTOS E SERVIÇOS NO MERCADO MINEIRO (VISITAS),POLÍTICA PÚBLICA DE METROLOGIA E AVALIAÇÃO DA CONFORMIDADE
2025,1500,SECRETARIA DE ESTADO DE PLANEJAMENTO E GESTÃO - SEPLAG,3,0,2331,INSTITUTO DE METROLOGIA E QUALIDADE DO ESTADO DE MINAS GERAIS - IPEMMG,3,3,90,30,73,1,10240,23,665,12,4,26,4026,1,35000.00,35000.00,35000.00,0,AVALIAÇÃO DA CONFORMIDADE DE PRODUTOS E SERVIÇOS NO MERCADO MINEIRO (VISITAS),POLÍTICA PÚBLICA DE METROLOGIA E AVALIAÇÃO DA CONFORMIDADE
2025,1500,SECRETARIA DE ESTADO DE PLANEJAMENTO E GESTÃO - SEPLAG,3,0,2331,INSTITUTO DE METROLOGIA E QUALIDADE DO ESTADO DE MINAS GERAIS - IPEMMG,3,3,90,33,73,1,10240,23,665,12,4,26,4026,1,1500.00,1500.00,1500.00,0,AVALIAÇÃO DA CONFORMIDADE DE PRODUTOS E SERVIÇOS NO MERCADO MINEIRO (VISITAS),POLÍTICA PÚBLICA DE METROLOGIA E AVALIAÇÃO DA CONFORMIDADE
2025,1500,SECRETARIA DE ESTADO DE PLANEJAMENTO E GESTÃO - SEPLAG,3,0,2331,INSTITUTO DE METROLOGIA E QUALIDADE DO ESTADO DE MINAS GERAIS - IPEMMG,3,3,90,37,73,1,10240,23,665,12,4,26,4026,1,195000.00,195000.00,195000.00,0,AVALIAÇÃO DA CONFORMIDADE DE PRODUTOS E SERVIÇOS NO MERCADO MINEIRO (VISITAS),POLÍTICA PÚBLICA DE METROLOGIA E AVALIAÇÃO DA CONFORMIDADE
2025,1500,SECRETARIA DE ESTADO DE PLANEJAMENTO E GESTÃO - SEPLAG,3,0,2331,INSTITUTO DE METROLOGIA E QUALIDADE DO ESTADO DE MINAS GERAIS - IPEMMG,3,3,90,39,73,1,10240,23,665,12,4,26,4026,1,37500.00,37500.00,37500.00,0,AVALIAÇÃO DA CONFORMIDADE DE PRODUTOS E SERVIÇOS NO MERCADO MINEIRO (VISITAS),POLÍTICA PÚBLICA DE METROLOGIA E AVALIAÇÃO DA CONFORMIDADE
2025,1500,SECRETARIA DE ESTADO DE PLANEJAMENTO E GESTÃO - SEPLAG,3,0,2331,INSTITUTO DE METROLOGIA E QUALIDADE DO ESTADO DE MINAS GERAIS - IPEMMG,3,3,90,40,73,1,10240,23,665,12,4,26,4026,1,10000.00,10000.00,10000.00,0,AVALIAÇÃO DA CONFORMIDADE DE PRODUTOS E SERVIÇOS NO MERCADO MINEIRO (VISITAS),POLÍTICA PÚBLICA DE METROLOGIA E AVALIAÇÃO DA CONFORMIDADE
2025,1500,SECRETARIA DE ESTADO DE PLANEJAMENTO E GESTÃO - SEPLAG,3,0,2331,INSTITUTO DE METROLOGIA E QUALIDADE DO ESTADO DE MINAS GERAIS - IPEMMG,3,3,90,93,73,1,10240,23,665,12,4,26,4026,1,141000.00,141000.00,141000.00,0,AVALIAÇÃO DA CONFORMIDADE DE PRODUTOS E SERVIÇOS NO MERCADO MINEIRO (VISITAS),POLÍTICA PÚBLICA DE METROLOGIA E AVALIAÇÃO DA CONFORMIDADE
2025,1500,SECRETARIA DE ESTADO DE PLANEJAMENTO E GESTÃO - SEPLAG,3,0,2331,INSTITUTO DE METROLOGIA E QUALIDADE DO ESTADO DE MINAS GERAIS - IPEMMG,4,4,90,52,73,1,10240,23,665,12,4,26,4026,1,100000.00,100000.00,100000.00,0,AVALIAÇÃO DA CONFORMIDADE DE PRODUTOS E SERVIÇOS NO MERCADO MINEIRO (VISITAS),POLÍTICA PÚBLICA DE METROLOGIA E AVALIAÇÃO DA CONFORMIDADE
2025,1500,SECRETARIA DE ESTADO DE PLANEJAMENTO E GESTÃO - SEPLAG,3,0,2331,INSTITUTO DE METROLOGIA E QUALIDADE DO ESTADO DE MINAS GERAIS - IPEMMG,3,1,90,91,73,9,2494,28,846,705,7,4,7004,1,102255.00,102255.00,102255.00,0,PRECATÓRIOS E SENTENÇAS JUDICIÁRIAS,APOIO ÀS POLÍTICAS PÚBLICAS
2025,1500,SECRETARIA DE ESTADO DE PLANEJAMENTO E GESTÃO - SEPLAG,3,0,4551,FUNDO DE ASSISTÊNCIA AO PECÚLIO DOS SERVIDORES DO ESTADO DE MINAS GERAIS - FUNAPEC,3,3,90,8,10,1,10745,9,272,138,4,404,4404,1,59326424.00,59326424.00,59326424.00,0,ASSISTÊNCIA AO SEGURO E PECÚLIO DOS SERVIDORES DO ESTADO DE MINAS GERAIS,"CONCESSÃO DE AUXÍLIO FINANCEIRO, SEGURO E PECÚLIO"
2025,1500,SECRETARIA DE ESTADO DE PLANEJAMENTO E GESTÃO - SEPLAG,3,0,4551,FUNDO DE ASSISTÊNCIA AO PECÚLIO DOS SERVIDORES DO ESTADO DE MINAS GERAIS - FUNAPEC,3,3,90,8,59,1,10745,9,272,138,4,404,4404,1,79468059.00,79468059.00,79468059.00,0,ASSISTÊNCIA AO SEGURO E PECÚLIO DOS SERVIDORES DO ESTADO DE MINAS GERAIS,"CONCESSÃO DE AUXÍLIO FINANCEIRO, SEGURO E PECÚLIO"
2025,1500,SECRETARIA DE ESTADO DE PLANEJAMENTO E GESTÃO - SEPLAG,3,0,4551,FUNDO DE ASSISTÊNCIA AO PECÚLIO DOS SERVIDORES DO ESTADO DE MINAS GERAIS - FUNAPEC,3,3,90,91,59,9,10145,28,846,705,7,4,7004,1,369334.00,369334.00,369334.00,0,PRECATÓRIOS E SENTENÇAS JUDICIÁRIAS,APOIO ÀS POLÍTICAS PÚBLICAS
2025,1500,SECRETARIA DE ESTADO DE PLANEJAMENTO E GESTÃO - SEPLAG,3,0,4711,FUNDO FINANCEIRO DE PREVIDÊNCIA DO ESTADO DE MINAS GERAIS - FFP - MG,3,1,90,1,10,1,10280,9,272,705,7,5,7005,1,1000.00,1000.00,1000.00,0,BENEFÍCIOS PREVIDENCIÁRIOS - SECOM,APOIO ÀS POLÍTICAS PÚBLICAS
2025,1500,SECRETARIA DE ESTADO DE PLANEJAMENTO E GESTÃO - SEPLAG,3,0,4711,FUNDO FINANCEIRO DE PREVIDÊNCIA DO ESTADO DE MINAS GERAIS - FFP - MG,3,1,90,3,42,1,3298,9,272,705,7,8,7008,1,2719964023.00,2719964023.00,2719964023.00,0,BENEFÍCIO PREVIDENCIÁRIO DE PENSÃO,APOIO ÀS POLÍTICAS PÚBLICAS
2025,1500,SECRETARIA DE ESTADO DE PLANEJAMENTO E GESTÃO - SEPLAG,3,0,4711,FUNDO FINANCEIRO DE PREVIDÊNCIA DO ESTADO DE MINAS GERAIS - FFP - MG,3,1,91,13,10,1,3298,9,272,705,7,8,7008,1,22685670.00,22685670.00,22685670.00,0,BENEFÍCIO PREVIDENCIÁRIO DE PENSÃO,APOIO ÀS POLÍTICAS PÚBLICAS
2025,1500,SECRETARIA DE ESTADO DE PLANEJAMENTO E GESTÃO - SEPLAG,3,0,4711,FUNDO FINANCEIRO DE PREVIDÊNCIA DO ESTADO DE MINAS GERAIS - FFP - MG,3,1,90,1,10,1,10282,9,272,705,7,9,7009,1,1000.00,1000.00,1000.00,0,BENEFÍCIOS PREVIDENCIÁRIOS - CASA CIVIL,APOIO ÀS POLÍTICAS PÚBLICAS
2025,1500,SECRETARIA DE ESTADO DE PLANEJAMENTO E GESTÃO - SEPLAG,3,0,4711,FUNDO FINANCEIRO DE PREVIDÊNCIA DO ESTADO DE MINAS GERAIS - FFP - MG,3,1,90,1,10,1,5597,9,272,705,7,11,7011,1,1000.00,1000.00,1000.00,0,BENEFÍCIOS PREVIDENCIÁRIOS - ARMBH,APOIO ÀS POLÍTICAS PÚBLICAS
2025,1500,SECRETARIA DE ESTADO DE PLANEJAMENTO E GESTÃO - SEPLAG,3,0,4711,FUNDO FINANCEIRO DE PREVIDÊNCIA DO ESTADO DE MINAS GERAIS - FFP - MG,3,1,90,1,10,1,5478,9,272,705,7,12,7012,1,1224236.00,1224236.00,1224236.00,0,BENEFÍCIOS PREVIDENCIÁRIOS - ESP-MG,APOIO ÀS POLÍTICAS PÚBLICAS
2025,1500,SECRETARIA DE ESTADO DE PLANEJAMENTO E GESTÃO - SEPLAG,3,0,4711,FUNDO FINANCEIRO DE PREVIDÊNCIA DO ESTADO DE MINAS GERAIS - FFP - MG,3,1,91,13,10,1,5478,9,272,705,7,12,7012,1,8310.00,8310.00,8310.00,0,BENEFÍCIOS PREVIDENCIÁRIOS - ESP-MG,APOIO ÀS POLÍTICAS PÚBLICAS
2025,1500,SECRETARIA DE ESTADO DE PLANEJAMENTO E GESTÃO - SEPLAG,3,0,4711,FUNDO FINANCEIRO DE PREVIDÊNCIA DO ESTADO DE MINAS GERAIS - FFP - MG,3,1,90,1,10,1,8648,9,272,705,7,14,7014,1,65944869.00,65944869.00,65944869.00,0,BENEFÍCIOS PREVIDENCIÁRIOS - SEJUSP,APOIO ÀS POLÍTICAS PÚBLICAS
2025,1500,SECRETARIA DE ESTADO DE PLANEJAMENTO E GESTÃO - SEPLAG,3,0,4711,FUNDO FINANCEIRO DE PREVIDÊNCIA DO ESTADO DE MINAS GERAIS - FFP - MG,3,1,91,13,10,1,8648,9,272,705,7,14,7014,1,932068.00,932068.00,932068.00,0,BENEFÍCIOS PREVIDENCIÁRIOS - SEJUSP,APOIO ÀS POLÍTICAS PÚBLICAS
2025,1500,SECRETARIA DE ESTADO DE PLANEJAMENTO E GESTÃO - SEPLAG,3,0,4711,FUNDO FINANCEIRO DE PREVIDÊNCIA DO ESTADO DE MINAS GERAIS - FFP - MG,3,1,90,1,10,1,5636,9,272,705,7,15,7015,1,1000.00,1000.00,1000.00,0,BENEFÍCIOS PREVIDENCIÁRIOS - ARSAE-MG,APOIO ÀS POLÍTICAS PÚBLICAS
2025,1500,SECRETARIA DE ESTADO DE PLANEJAMENTO E GESTÃO - SEPLAG,3,0,4711,FUNDO FINANCEIRO DE PREVIDÊNCIA DO ESTADO DE MINAS GERAIS - FFP - MG,3,3,90,86,10,1,5081,9,272,705,7,16,7016,1,7563054.00,7563054.00,7563054.00,0,COMPENSAÇÃO PREVIDENCIÁRIA FINANCEIRA ENTRE REGIMES DE PREVIDÊNCIA,APOIO ÀS POLÍTICAS PÚBLICAS
2025,1500,SECRETARIA DE ESTADO DE PLANEJAMENTO E GESTÃO - SEPLAG,3,0,4711,FUNDO FINANCEIRO DE PREVIDÊNCIA DO ESTADO DE MINAS GERAIS - FFP - MG,3,1,90,1,10,1,7257,9,272,705,7,17,7017,1,4204645.00,4204645.00,4204645.00,0,BENEFÍCIOS PREVIDENCIÁRIOS - GABINETE MILITAR,APOIO ÀS POLÍTICAS PÚBLICAS
2025,1500,SECRETARIA DE ESTADO DE PLANEJAMENTO E GESTÃO - SEPLAG,3,0,4711,FUNDO FINANCEIRO DE PREVIDÊNCIA DO ESTADO DE MINAS GERAIS - FFP - MG,3,1,91,13,10,1,7257,9,272,705,7,17,7017,1,29378.00,29378.00,29378.00,0,BENEFÍCIOS PREVIDENCIÁRIOS - GABINETE MILITAR,APOIO ÀS POLÍTICAS PÚBLICAS
2025,1500,SECRETARIA DE ESTADO DE PLANEJAMENTO E GESTÃO - SEPLAG,3,0,4711,FUNDO FINANCEIRO DE PREVIDÊNCIA DO ESTADO DE MINAS GERAIS - FFP - MG,3,1,90,1,10,1,7258,9,272,705,7,18,7018,1,88670619.00,88670619.00,88670619.00,0,BENEFÍCIOS PREVIDENCIÁRIOS - AGE,APOIO ÀS POLÍTICAS PÚBLICAS
2025,1500,SECRETARIA DE ESTADO DE PLANEJAMENTO E GESTÃO - SEPLAG,3,0,4711,FUNDO FINANCEIRO DE PREVIDÊNCIA DO ESTADO DE MINAS GERAIS - FFP - MG,3,1,91,13,10,1,7258,9,272,705,7,18,7018,1,122882.00,122882.00,122882.00,0,BENEFÍCIOS PREVIDENCIÁRIOS - AGE,APOIO ÀS POLÍTICAS PÚBLICAS
2025,1500,SECRETARIA DE ESTADO DE PLANEJAMENTO E GESTÃO - SEPLAG,3,0,4711,FUNDO FINANCEIRO DE PREVIDÊNCIA DO ESTADO DE MINAS GERAIS - FFP - MG,3,1,90,1,42,1,2587,9,272,705,7,22,7022,1,424121.00,424121.00,424121.00,0,BENEFÍCIOS PREVIDENCIÁRIOS - FAPEMIG,APOIO ÀS POLÍTICAS PÚBLICAS
2025,1500,SECRETARIA DE ESTADO DE PLANEJAMENTO E GESTÃO - SEPLAG,3,0,4711,FUNDO FINANCEIRO DE PREVIDÊNCIA DO ESTADO DE MINAS GERAIS - FFP - MG,3,1,90,1,43,1,2587,9,272,705,7,22,7022,1,699995.00,699995.00,699995.00,0,BENEFÍCIOS PREVIDENCIÁRIOS - FAPEMIG,APOIO ÀS POLÍTICAS PÚBLICAS
2025,1500,SECRETARIA DE ESTADO DE PLANEJAMENTO E GESTÃO - SEPLAG,3,0,4711,FUNDO FINANCEIRO DE PREVIDÊNCIA DO ESTADO DE MINAS GERAIS - FFP - MG,3,1,90,1,60,2,2587,9,272,705,7,22,7022,1,1000.00,1000.00,1000.00,0,BENEFÍCIOS PREVIDENCIÁRIOS - FAPEMIG,APOIO ÀS POLÍTICAS PÚBLICAS
2025,1500,SECRETARIA DE ESTADO DE PLANEJAMENTO E GESTÃO - SEPLAG,3,0,4711,FUNDO FINANCEIRO DE PREVIDÊNCIA DO ESTADO DE MINAS GERAIS - FFP - MG,3,1,91,13,60,2,2587,9,272,705,7,22,7022,1,12339.00,12339.00,12339.00,0,BENEFÍCIOS PREVIDENCIÁRIOS - FAPEMIG,APOIO ÀS POLÍTICAS PÚBLICAS
2025,1500,SECRETARIA DE ESTADO DE PLANEJAMENTO E GESTÃO - SEPLAG,3,0,4711,FUNDO FINANCEIRO DE PREVIDÊNCIA DO ESTADO DE MINAS GERAIS - FFP - MG,3,1,90,1,10,1,6728,9,272,705,7,23,7023,1,18399131.00,18399131.00,18399131.00,0,PROVENTOS DE APOSENTADORIA E PENSÃO DE EXTINTOS CONVÊNIOS,APOIO ÀS POLÍTICAS PÚBLICAS
2025,1500,SECRETARIA DE ESTADO DE PLANEJAMENTO E GESTÃO - SEPLAG,3,0,4711,FUNDO FINANCEIRO DE PREVIDÊNCIA DO ESTADO DE MINAS GERAIS - FFP - MG,3,1,90,3,61,1,6728,9,272,705,7,23,7023,1,68579821.00,68579821.00,68579821.00,0,PROVENTOS DE APOSENTADORIA E PENSÃO DE EXTINTOS CONVÊNIOS,APOIO ÀS POLÍTICAS PÚBLICAS
2025,1500,SECRETARIA DE ESTADO DE PLANEJAMENTO E GESTÃO - SEPLAG,3,0,4711,FUNDO FINANCEIRO DE PREVIDÊNCIA DO ESTADO DE MINAS GERAIS - FFP - MG,3,1,91,13,10,1,6728,9,272,705,7,23,7023,1,1074955.00,1074955.00,1074955.00,0,PROVENTOS DE APOSENTADORIA E PENSÃO DE EXTINTOS CONVÊNIOS,APOIO ÀS POLÍTICAS PÚBLICAS
2025,1500,SECRETARIA DE ESTADO DE PLANEJAMENTO E GESTÃO - SEPLAG,3,0,4711,FUNDO FINANCEIRO DE PREVIDÊNCIA DO ESTADO DE MINAS GERAIS - FFP - MG,3,1,90,1,10,1,6969,9,272,705,7,27,7027,1,1000.00,1000.00,1000.00,0,BENEFÍCIOS PREVIDENCIÁRIOS - ALMG,APOIO ÀS POLÍTICAS PÚBLICAS
2025,1500,SECRETARIA DE ESTADO DE PLANEJAMENTO E GESTÃO - SEPLAG,3,0,4711,FUNDO FINANCEIRO DE PREVIDÊNCIA DO ESTADO DE MINAS GERAIS - FFP - MG,3,1,90,1,10,1,6971,9,272,705,7,28,7028,1,1000.00,1000.00,1000.00,0,BENEFÍCIOS PREVIDENCIÁRIOS - TJMG,APOIO ÀS POLÍTICAS PÚBLICAS
2025,1500,SECRETARIA DE ESTADO DE PLANEJAMENTO E GESTÃO - SEPLAG,3,0,4711,FUNDO FINANCEIRO DE PREVIDÊNCIA DO ESTADO DE MINAS GERAIS - FFP - MG,3,1,90,1,10,1,6972,9,272,705,7,31,7031,1,1000.00,1000.00,1000.00,0,BENEFÍCIOS PREVIDENCIÁRIOS - MPMG,APOIO ÀS POLÍTICAS PÚBLICAS
2025,1500,SECRETARIA DE ESTADO DE PLANEJAMENTO E GESTÃO - SEPLAG,3,0,4711,FUNDO FINANCEIRO DE PREVIDÊNCIA DO ESTADO DE MINAS GERAIS - FFP - MG,3,1,90,1,10,1,6973,9,272,705,7,32,7032,1,1000.00,1000.00,1000.00,0,BENEFÍCIOS PREVIDENCIÁRIOS - TJMMG,APOIO ÀS POLÍTICAS PÚBLICAS
2025,1500,SECRETARIA DE ESTADO DE PLANEJAMENTO E GESTÃO - SEPLAG,3,0,4711,FUNDO FINANCEIRO DE PREVIDÊNCIA DO ESTADO DE MINAS GERAIS - FFP - MG,3,1,90,1,10,1,6975,9,272,705,7,33,7033,1,1000.00,1000.00,1000.00,0,BENEFÍCIOS PREVIDENCIÁRIOS - TCEMG,APOIO ÀS POLÍTICAS PÚBLICAS
2025,1500,SECRETARIA DE ESTADO DE PLANEJAMENTO E GESTÃO - SEPLAG,3,0,4711,FUNDO FINANCEIRO DE PREVIDÊNCIA DO ESTADO DE MINAS GERAIS - FFP - MG,3,1,90,1,10,1,6978,9,272,705,7,34,7034,1,1000.00,1000.00,1000.00,0,BENEFÍCIOS PREVIDENCIÁRIOS - DEF PUB,APOIO ÀS POLÍTICAS PÚBLICAS
2025,1500,SECRETARIA DE ESTADO DE PLANEJAMENTO E GESTÃO - SEPLAG,3,0,4711,FUNDO FINANCEIRO DE PREVIDÊNCIA DO ESTADO DE MINAS GERAIS - FFP - MG,3,1,90,1,43,1,7263,9,272,705,7,37,7037,1,1403847659.00,1403847659.00,1403847659.00,0,BENEFÍCIOS PREVIDENCIÁRIOS - SEF,APOIO ÀS POLÍTICAS PÚBLICAS
2025,1500,SECRETARIA DE ESTADO DE PLANEJAMENTO E GESTÃO - SEPLAG,3,0,4711,FUNDO FINANCEIRO DE PREVIDÊNCIA DO ESTADO DE MINAS GERAIS - FFP - MG,3,1,91,13,10,1,7263,9,272,705,7,37,7037,1,3176378.00,3176378.00,3176378.00,0,BENEFÍCIOS PREVIDENCIÁRIOS - SEF,APOIO ÀS POLÍTICAS PÚBLICAS
2025,1500,SECRETARIA DE ESTADO DE PLANEJAMENTO E GESTÃO - SEPLAG,3,0,4711,FUNDO FINANCEIRO DE PREVIDÊNCIA DO ESTADO DE MINAS GERAIS - FFP - MG,3,1,90,1,10,1,7265,9,272,705,7,39,7039,1,1000.00,1000.00,1000.00,0,BENEFÍCIOS PREVIDENCIÁRIOS - ARMVA,APOIO ÀS POLÍTICAS PÚBLICAS
2025,1500,SECRETARIA DE ESTADO DE PLANEJAMENTO E GESTÃO - SEPLAG,3,0,4711,FUNDO FINANCEIRO DE PREVIDÊNCIA DO ESTADO DE MINAS GERAIS - FFP - MG,3,1,90,1,10,1,7266,9,272,705,7,40,7040,1,1000.00,1000.00,1000.00,0,BENEFÍCIOS PREVIDENCIÁRIOS - SEC GERAL,APOIO ÀS POLÍTICAS PÚBLICAS
2025,1500,SECRETARIA DE ESTADO DE PLANEJAMENTO E GESTÃO - SEPLAG,3,0,4711,FUNDO FINANCEIRO DE PREVIDÊNCIA DO ESTADO DE MINAS GERAIS - FFP - MG,3,1,90,1,10,1,7270,9,272,705,7,44,7044,1,2162628.00,2162628.00,2162628.00,0,BENEFÍCIOS PREVIDENCIÁRIOS - CGE,APOIO ÀS POLÍTICAS PÚBLICAS
2025,1500,SECRETARIA DE ESTADO DE PLANEJAMENTO E GESTÃO - SEPLAG,3,0,4711,FUNDO FINANCEIRO DE PREVIDÊNCIA DO ESTADO DE MINAS GERAIS - FFP - MG,3,1,91,13,10,1,7270,9,272,705,7,44,7044,1,22602.00,22602.00,22602.00,0,BENEFÍCIOS PREVIDENCIÁRIOS - CGE,APOIO ÀS POLÍTICAS PÚBLICAS
2025,1500,SECRETARIA DE ESTADO DE PLANEJAMENTO E GESTÃO - SEPLAG,3,0,4711,FUNDO FINANCEIRO DE PREVIDÊNCIA DO ESTADO DE MINAS GERAIS - FFP - MG,3,1,90,1,10,1,2590,9,272,705,7,46,7046,1,41055207.00,41055207.00,41055207.00,0,BENEFÍCIOS PREVIDENCIÁRIOS - UNIMONTES,APOIO ÀS POLÍTICAS PÚBLICAS
2025,1500,SECRETARIA DE ESTADO DE PLANEJAMENTO E GESTÃO - SEPLAG,3,0,4711,FUNDO FINANCEIRO DE PREVIDÊNCIA DO ESTADO DE MINAS GERAIS - FFP - MG,3,1,91,13,10,1,2590,9,272,705,7,46,7046,1,351394.00,351394.00,351394.00,0,BENEFÍCIOS PREVIDENCIÁRIOS - UNIMONTES,APOIO ÀS POLÍTICAS PÚBLICAS
2025,1500,SECRETARIA DE ESTADO DE PLANEJAMENTO E GESTÃO - SEPLAG,3,0,4711,FUNDO FINANCEIRO DE PREVIDÊNCIA DO ESTADO DE MINAS GERAIS - FFP - MG,3,1,90,1,10,1,2591,9,272,705,7,47,7047,1,9752671.00,9752671.00,9752671.00,0,BENEFÍCIOS PREVIDENCIÁRIOS - IPEM/MG,APOIO ÀS POLÍTICAS PÚBLICAS
2025,1500,SECRETARIA DE ESTADO DE PLANEJAMENTO E GESTÃO - SEPLAG,3,0,4711,FUNDO FINANCEIRO DE PREVIDÊNCIA DO ESTADO DE MINAS GERAIS - FFP - MG,3,1,91,13,10,1,2591,9,272,705,7,47,7047,1,146491.00,146491.00,146491.00,0,BENEFÍCIOS PREVIDENCIÁRIOS - IPEM/MG,APOIO ÀS POLÍTICAS PÚBLICAS
2025,1500,SECRETARIA DE ESTADO DE PLANEJAMENTO E GESTÃO - SEPLAG,3,0,4711,FUNDO FINANCEIRO DE PREVIDÊNCIA DO ESTADO DE MINAS GERAIS - FFP - MG,3,1,90,1,10,1,7271,9,272,705,7,48,7048,1,1869812210.00,1869812210.00,1869812210.00,0,BENEFÍCIOS PREVIDENCIÁRIOS - PCMG,APOIO ÀS POLÍTICAS PÚBLICAS
2025,1500,SECRETARIA DE ESTADO DE PLANEJAMENTO E GESTÃO - SEPLAG,3,0,4711,FUNDO FINANCEIRO DE PREVIDÊNCIA DO ESTADO DE MINAS GERAIS - FFP - MG,3,1,91,13,10,1,7271,9,272,705,7,48,7048,1,11687871.00,11687871.00,11687871.00,0,BENEFÍCIOS PREVIDENCIÁRIOS - PCMG,APOIO ÀS POLÍTICAS PÚBLICAS
2025,1500,SECRETARIA DE ESTADO DE PLANEJAMENTO E GESTÃO - SEPLAG,3,0,4711,FUNDO FINANCEIRO DE PREVIDÊNCIA DO ESTADO DE MINAS GERAIS - FFP - MG,3,1,90,1,10,1,7272,9,272,705,7,49,7049,1,117957009.00,117957009.00,117957009.00,0,BENEFÍCIOS PREVIDENCIÁRIOS - SEPLAG,APOIO ÀS POLÍTICAS PÚBLICAS
2025,1500,SECRETARIA DE ESTADO DE PLANEJAMENTO E GESTÃO - SEPLAG,3,0,4711,FUNDO FINANCEIRO DE PREVIDÊNCIA DO ESTADO DE MINAS GERAIS - FFP - MG,3,1,91,13,10,1,7272,9,272,705,7,49,7049,1,1406409.00,1406409.00,1406409.00,0,BENEFÍCIOS PREVIDENCIÁRIOS - SEPLAG,APOIO ÀS POLÍTICAS PÚBLICAS
2025,1500,SECRETARIA DE ESTADO DE PLANEJAMENTO E GESTÃO - SEPLAG,3,0,4711,FUNDO FINANCEIRO DE PREVIDÊNCIA DO ESTADO DE MINAS GERAIS - FFP - MG,3,1,90,1,10,1,7274,9,272,705,7,51,7051,1,66408691.00,66408691.00,66408691.00,0,BENEFÍCIOS PREVIDENCIÁRIOS - SEGOV,APOIO ÀS POLÍTICAS PÚBLICAS
2025,1500,SECRETARIA DE ESTADO DE PLANEJAMENTO E GESTÃO - SEPLAG,3,0,4711,FUNDO FINANCEIRO DE PREVIDÊNCIA DO ESTADO DE MINAS GERAIS - FFP - MG,3,1,91,13,10,1,7274,9,272,705,7,51,7051,1,922776.00,922776.00,922776.00,0,BENEFÍCIOS PREVIDENCIÁRIOS - SEGOV,APOIO ÀS POLÍTICAS PÚBLICAS
2025,1500,SECRETARIA DE ESTADO DE PLANEJAMENTO E GESTÃO - SEPLAG,3,0,4711,FUNDO FINANCEIRO DE PREVIDÊNCIA DO ESTADO DE MINAS GERAIS - FFP - MG,3,1,90,1,10,1,7275,9,272,705,7,52,7052,1,45457810.00,45457810.00,45457810.00,0,BENEFÍCIOS PREVIDENCIÁRIOS - SEDESE,APOIO ÀS POLÍTICAS PÚBLICAS
2025,1500,SECRETARIA DE ESTADO DE PLANEJAMENTO E GESTÃO - SEPLAG,3,0,4711,FUNDO FINANCEIRO DE PREVIDÊNCIA DO ESTADO DE MINAS GERAIS - FFP - MG,3,1,91,13,10,1,7275,9,272,705,7,52,7052,1,826216.00,826216.00,826216.00,0,BENEFÍCIOS PREVIDENCIÁRIOS - SEDESE,APOIO ÀS POLÍTICAS PÚBLICAS
2025,1500,SECRETARIA DE ESTADO DE PLANEJAMENTO E GESTÃO - SEPLAG,3,0,4711,FUNDO FINANCEIRO DE PREVIDÊNCIA DO ESTADO DE MINAS GERAIS - FFP - MG,3,1,90,1,10,1,7278,9,272,705,7,55,7055,1,157684.00,157684.00,157684.00,0,BENEFÍCIOS PREVIDENCIÁRIOS - OGE,APOIO ÀS POLÍTICAS PÚBLICAS
2025,1500,SECRETARIA DE ESTADO DE PLANEJAMENTO E GESTÃO - SEPLAG,3,0,4711,FUNDO FINANCEIRO DE PREVIDÊNCIA DO ESTADO DE MINAS GERAIS - FFP - MG,3,1,91,13,10,1,7278,9,272,705,7,55,7055,1,2320.00,2320.00,2320.00,0,BENEFÍCIOS PREVIDENCIÁRIOS - OGE,APOIO ÀS POLÍTICAS PÚBLICAS
2025,1500,SECRETARIA DE ESTADO DE PLANEJAMENTO E GESTÃO - SEPLAG,3,0,4711,FUNDO FINANCEIRO DE PREVIDÊNCIA DO ESTADO DE MINAS GERAIS - FFP - MG,3,1,90,1,10,1,7279,9,272,705,7,56,7056,1,29046030.00,29046030.00,29046030.00,0,BENEFÍCIOS PREVIDENCIÁRIOS - SEDE,APOIO ÀS POLÍTICAS PÚBLICAS
2025,1500,SECRETARIA DE ESTADO DE PLANEJAMENTO E GESTÃO - SEPLAG,3,0,4711,FUNDO FINANCEIRO DE PREVIDÊNCIA DO ESTADO DE MINAS GERAIS - FFP - MG,3,1,91,13,10,1,7279,9,272,705,7,56,7056,1,361410.00,361410.00,361410.00,0,BENEFÍCIOS PREVIDENCIÁRIOS - SEDE,APOIO ÀS POLÍTICAS PÚBLICAS
2025,1500,SECRETARIA DE ESTADO DE PLANEJAMENTO E GESTÃO - SEPLAG,3,0,4711,FUNDO FINANCEIRO DE PREVIDÊNCIA DO ESTADO DE MINAS GERAIS - FFP - MG,3,1,90,1,10,1,7281,9,272,705,7,58,7058,1,24895773.00,24895773.00,24895773.00,0,BENEFÍCIOS PREVIDENCIÁRIOS - SEAPA,APOIO ÀS POLÍTICAS PÚBLICAS
2025,1500,SECRETARIA DE ESTADO DE PLANEJAMENTO E GESTÃO - SEPLAG,3,0,4711,FUNDO FINANCEIRO DE PREVIDÊNCIA DO ESTADO DE MINAS GERAIS - FFP - MG,3,1,91,13,10,1,7281,9,272,705,7,58,7058,1,418805.00,418805.00,418805.00,0,BENEFÍCIOS PREVIDENCIÁRIOS - SEAPA,APOIO ÀS POLÍTICAS PÚBLICAS
2025,1500,SECRETARIA DE ESTADO DE PLANEJAMENTO E GESTÃO - SEPLAG,3,0,4711,FUNDO FINANCEIRO DE PREVIDÊNCIA DO ESTADO DE MINAS GERAIS - FFP - MG,3,1,90,1,10,1,7282,9,272,705,7,59,7059,1,13155394.00,13155394.00,13155394.00,0,BENEFÍCIOS PREVIDENCIÁRIOS - SECULT,APOIO ÀS POLÍTICAS PÚBLICAS
2025,1500,SECRETARIA DE ESTADO DE PLANEJAMENTO E GESTÃO - SEPLAG,3,0,4711,FUNDO FINANCEIRO DE PREVIDÊNCIA DO ESTADO DE MINAS GERAIS - FFP - MG,3,1,91,13,10,1,7282,9,272,705,7,59,7059,1,185906.00,185906.00,185906.00,0,BENEFÍCIOS PREVIDENCIÁRIOS - SECULT,APOIO ÀS POLÍTICAS PÚBLICAS
2025,1500,SECRETARIA DE ESTADO DE PLANEJAMENTO E GESTÃO - SEPLAG,3,0,4711,FUNDO FINANCEIRO DE PREVIDÊNCIA DO ESTADO DE MINAS GERAIS - FFP - MG,3,1,90,1,10,1,2592,9,272,705,7,60,7060,1,24294541.00,24294541.00,24294541.00,0,BENEFÍCIOS PREVIDENCIÁRIOS - UEMG,APOIO ÀS POLÍTICAS PÚBLICAS
2025,1500,SECRETARIA DE ESTADO DE PLANEJAMENTO E GESTÃO - SEPLAG,3,0,4711,FUNDO FINANCEIRO DE PREVIDÊNCIA DO ESTADO DE MINAS GERAIS - FFP - MG,3,1,91,13,10,1,2592,9,272,705,7,60,7060,1,220932.00,220932.00,220932.00,0,BENEFÍCIOS PREVIDENCIÁRIOS - UEMG,APOIO ÀS POLÍTICAS PÚBLICAS
2025,1500,SECRETARIA DE ESTADO DE PLANEJAMENTO E GESTÃO - SEPLAG,3,0,4711,FUNDO FINANCEIRO DE PREVIDÊNCIA DO ESTADO DE MINAS GERAIS - FFP - MG,3,1,90,1,10,1,7283,9,272,705,7,61,7061,1,4470102.00,4470102.00,4470102.00,0,BENEFÍCIOS PREVIDENCIÁRIOS - SEINFRA,APOIO ÀS POLÍTICAS PÚBLICAS
2025,1500,SECRETARIA DE ESTADO DE PLANEJAMENTO E GESTÃO - SEPLAG,3,0,4711,FUNDO FINANCEIRO DE PREVIDÊNCIA DO ESTADO DE MINAS GERAIS - FFP - MG,3,1,91,13,10,1,7283,9,272,705,7,61,7061,1,71722.00,71722.00,71722.00,0,BENEFÍCIOS PREVIDENCIÁRIOS - SEINFRA,APOIO ÀS POLÍTICAS PÚBLICAS
2025,1500,SECRETARIA DE ESTADO DE PLANEJAMENTO E GESTÃO - SEPLAG,3,0,4711,FUNDO FINANCEIRO DE PREVIDÊNCIA DO ESTADO DE MINAS GERAIS - FFP - MG,3,1,90,1,10,1,7285,9,272,705,7,63,7063,1,1103135.00,1103135.00,1103135.00,0,BENEFÍCIOS PREVIDENCIÁRIOS - SEMAD,APOIO ÀS POLÍTICAS PÚBLICAS
2025,1500,SECRETARIA DE ESTADO DE PLANEJAMENTO E GESTÃO - SEPLAG,3,0,4711,FUNDO FINANCEIRO DE PREVIDÊNCIA DO ESTADO DE MINAS GERAIS - FFP - MG,3,1,91,13,10,1,7285,9,272,705,7,63,7063,1,13312.00,13312.00,13312.00,0,BENEFÍCIOS PREVIDENCIÁRIOS - SEMAD,APOIO ÀS POLÍTICAS PÚBLICAS
2025,1500,SECRETARIA DE ESTADO DE PLANEJAMENTO E GESTÃO - SEPLAG,3,0,4711,FUNDO FINANCEIRO DE PREVIDÊNCIA DO ESTADO DE MINAS GERAIS - FFP - MG,3,1,90,1,10,1,7287,9,272,705,7,64,7064,1,21971465.00,21971465.00,21971465.00,0,BENEFÍCIOS PREVIDENCIÁRIOS - PMMG,APOIO ÀS POLÍTICAS PÚBLICAS
2025,1500,SECRETARIA DE ESTADO DE PLANEJAMENTO E GESTÃO - SEPLAG,3,0,4711,FUNDO FINANCEIRO DE PREVIDÊNCIA DO ESTADO DE MINAS GERAIS - FFP - MG,3,1,91,13,10,1,7287,9,272,705,7,64,7064,1,422337.00,422337.00,422337.00,0,BENEFÍCIOS PREVIDENCIÁRIOS - PMMG,APOIO ÀS POLÍTICAS PÚBLICAS
2025,1500,SECRETARIA DE ESTADO DE PLANEJAMENTO E GESTÃO - SEPLAG,3,0,4711,FUNDO FINANCEIRO DE PREVIDÊNCIA DO ESTADO DE MINAS GERAIS - FFP - MG,3,1,90,1,10,1,7288,9,272,705,7,65,7065,1,1000.00,1000.00,1000.00,0,BENEFÍCIOS PREVIDENCIÁRIOS - CBMMG,APOIO ÀS POLÍTICAS PÚBLICAS
2025,1500,SECRETARIA DE ESTADO DE PLANEJAMENTO E GESTÃO - SEPLAG,3,0,4711,FUNDO FINANCEIRO DE PREVIDÊNCIA DO ESTADO DE MINAS GERAIS - FFP - MG,3,1,90,1,10,1,2595,9,272,705,7,88,7088,1,56791093.00,56791093.00,56791093.00,0,BENEFÍCIOS PREVIDENCIÁRIOS - IMA,APOIO ÀS POLÍTICAS PÚBLICAS
2025,1500,SECRETARIA DE ESTADO DE PLANEJAMENTO E GESTÃO - SEPLAG,3,0,4711,FUNDO FINANCEIRO DE PREVIDÊNCIA DO ESTADO DE MINAS GERAIS - FFP - MG,3,1,91,13,10,1,2595,9,272,705,7,88,7088,1,603384.00,603384.00,603384.00,0,BENEFÍCIOS PREVIDENCIÁRIOS - IMA,APOIO ÀS POLÍTICAS PÚBLICAS
2025,1500,SECRETARIA DE ESTADO DE PLANEJAMENTO E GESTÃO - SEPLAG,3,0,4711,FUNDO FINANCEIRO DE PREVIDÊNCIA DO ESTADO DE MINAS GERAIS - FFP - MG,3,1,90,1,10,1,2596,9,272,705,7,89,7089,1,2044279.00,2044279.00,2044279.00,0,BENEFÍCIOS PREVIDENCIÁRIOS - FHA,APOIO ÀS POLÍTICAS PÚBLICAS
2025,1500,SECRETARIA DE ESTADO DE PLANEJAMENTO E GESTÃO - SEPLAG,3,0,4711,FUNDO FINANCEIRO DE PREVIDÊNCIA DO ESTADO DE MINAS GERAIS - FFP - MG,3,1,91,13,10,1,2596,9,272,705,7,89,7089,1,35506.00,35506.00,35506.00,0,BENEFÍCIOS PREVIDENCIÁRIOS - FHA,APOIO ÀS POLÍTICAS PÚBLICAS
2025,1500,SECRETARIA DE ESTADO DE PLANEJAMENTO E GESTÃO - SEPLAG,3,0,4711,FUNDO FINANCEIRO DE PREVIDÊNCIA DO ESTADO DE MINAS GERAIS - FFP - MG,3,1,90,1,10,1,2597,9,272,705,7,91,7091,1,3266395.00,3266395.00,3266395.00,0,BENEFÍCIOS PREVIDENCIÁRIOS - FUCAM,APOIO ÀS POLÍTICAS PÚBLICAS
2025,1500,SECRETARIA DE ESTADO DE PLANEJAMENTO E GESTÃO - SEPLAG,3,0,4711,FUNDO FINANCEIRO DE PREVIDÊNCIA DO ESTADO DE MINAS GERAIS - FFP - MG,3,1,91,13,10,1,2597,9,272,705,7,91,7091,1,65099.00,65099.00,65099.00,0,BENEFÍCIOS PREVIDENCIÁRIOS - FUCAM,APOIO ÀS POLÍTICAS PÚBLICAS
2025,1500,SECRETARIA DE ESTADO DE PLANEJAMENTO E GESTÃO - SEPLAG,3,0,4711,FUNDO FINANCEIRO DE PREVIDÊNCIA DO ESTADO DE MINAS GERAIS - FFP - MG,3,1,90,1,10,1,2598,9,272,705,7,94,7094,1,107530.00,107530.00,107530.00,0,BENEFÍCIOS PREVIDENCIÁRIOS - FAOP,APOIO ÀS POLÍTICAS PÚBLICAS
2025,1500,SECRETARIA DE ESTADO DE PLANEJAMENTO E GESTÃO - SEPLAG,3,0,4711,FUNDO FINANCEIRO DE PREVIDÊNCIA DO ESTADO DE MINAS GERAIS - FFP - MG,3,1,91,13,10,1,2598,9,272,705,7,94,7094,1,1577.00,1577.00,1577.00,0,BENEFÍCIOS PREVIDENCIÁRIOS - FAOP,APOIO ÀS POLÍTICAS PÚBLICAS
2025,1500,SECRETARIA DE ESTADO DE PLANEJAMENTO E GESTÃO - SEPLAG,3,0,4711,FUNDO FINANCEIRO DE PREVIDÊNCIA DO ESTADO DE MINAS GERAIS - FFP - MG,3,1,90,1,10,1,2599,9,272,705,7,96,7096,1,7122877.00,7122877.00,7122877.00,0,BENEFÍCIOS PREVIDENCIÁRIOS - FCS,APOIO ÀS POLÍTICAS PÚBLICAS
2025,1500,SECRETARIA DE ESTADO DE PLANEJAMENTO E GESTÃO - SEPLAG,3,0,4711,FUNDO FINANCEIRO DE PREVIDÊNCIA DO ESTADO DE MINAS GERAIS - FFP - MG,3,1,91,13,10,1,2599,9,272,705,7,96,7096,1,97429.00,97429.00,97429.00,0,BENEFÍCIOS PREVIDENCIÁRIOS - FCS,APOIO ÀS POLÍTICAS PÚBLICAS
2025,1500,SECRETARIA DE ESTADO DE PLANEJAMENTO E GESTÃO - SEPLAG,3,0,4711,FUNDO FINANCEIRO DE PREVIDÊNCIA DO ESTADO DE MINAS GERAIS - FFP - MG,3,1,90,1,10,1,2600,9,272,705,7,104,7104,1,4503833.00,4503833.00,4503833.00,0,BENEFÍCIOS PREVIDENCIÁRIOS - IEPHA,APOIO ÀS POLÍTICAS PÚBLICAS
2025,1500,SECRETARIA DE ESTADO DE PLANEJAMENTO E GESTÃO - SEPLAG,3,0,4711,FUNDO FINANCEIRO DE PREVIDÊNCIA DO ESTADO DE MINAS GERAIS - FFP - MG,3,1,91,13,10,1,2600,9,272,705,7,104,7104,1,65111.00,65111.00,65111.00,0,BENEFÍCIOS PREVIDENCIÁRIOS - IEPHA,APOIO ÀS POLÍTICAS PÚBLICAS
2025,1500,SECRETARIA DE ESTADO DE PLANEJAMENTO E GESTÃO - SEPLAG,3,0,4711,FUNDO FINANCEIRO DE PREVIDÊNCIA DO ESTADO DE MINAS GERAIS - FFP - MG,3,1,90,1,10,1,2601,9,272,705,7,105,7105,1,1000.00,1000.00,1000.00,0,BENEFÍCIOS PREVIDENCIÁRIOS - TV MINAS,APOIO ÀS POLÍTICAS PÚBLICAS
2025,1500,SECRETARIA DE ESTADO DE PLANEJAMENTO E GESTÃO - SEPLAG,3,0,4711,FUNDO FINANCEIRO DE PREVIDÊNCIA DO ESTADO DE MINAS GERAIS - FFP - MG,3,1,90,1,10,1,2603,9,272,705,7,205,7205,1,319744038.00,319744038.00,319744038.00,0,BENEFÍCIOS PREVIDENCIÁRIOS - DEER,APOIO ÀS POLÍTICAS PÚBLICAS
2025,1500,SECRETARIA DE ESTADO DE PLANEJAMENTO E GESTÃO - SEPLAG,3,0,4711,FUNDO FINANCEIRO DE PREVIDÊNCIA DO ESTADO DE MINAS GERAIS - FFP - MG,3,1,91,13,10,1,2603,9,272,705,7,205,7205,1,5806319.00,5806319.00,5806319.00,0,BENEFÍCIOS PREVIDENCIÁRIOS - DEER,APOIO ÀS POLÍTICAS PÚBLICAS
2025,1500,SECRETARIA DE ESTADO DE PLANEJAMENTO E GESTÃO - SEPLAG,3,0,4711,FUNDO FINANCEIRO DE PREVIDÊNCIA DO ESTADO DE MINAS GERAIS - FFP - MG,3,1,90,1,60,2,2604,9,272,705,7,209,7209,1,30726973.00,30726973.00,30726973.00,0,BENEFÍCIOS PREVIDENCIÁRIOS - FUNED,APOIO ÀS POLÍTICAS PÚBLICAS
2025,1500,SECRETARIA DE ESTADO DE PLANEJAMENTO E GESTÃO - SEPLAG,3,0,4711,FUNDO FINANCEIRO DE PREVIDÊNCIA DO ESTADO DE MINAS GERAIS - FFP - MG,3,1,91,13,60,2,2604,9,272,705,7,209,7209,1,267950.00,267950.00,267950.00,0,BENEFÍCIOS PREVIDENCIÁRIOS - FUNED,APOIO ÀS POLÍTICAS PÚBLICAS
2025,1500,SECRETARIA DE ESTADO DE PLANEJAMENTO E GESTÃO - SEPLAG,3,0,4711,FUNDO FINANCEIRO DE PREVIDÊNCIA DO ESTADO DE MINAS GERAIS - FFP - MG,3,1,90,1,10,1,2605,9,272,705,7,225,7225,1,157340836.00,157340836.00,157340836.00,0,BENEFÍCIOS PREVIDENCIÁRIOS - FHEMIG,APOIO ÀS POLÍTICAS PÚBLICAS
2025,1500,SECRETARIA DE ESTADO DE PLANEJAMENTO E GESTÃO - SEPLAG,3,0,4711,FUNDO FINANCEIRO DE PREVIDÊNCIA DO ESTADO DE MINAS GERAIS - FFP - MG,3,1,90,1,60,2,2605,9,272,705,7,225,7225,1,160137152.00,160137152.00,160137152.00,0,BENEFÍCIOS PREVIDENCIÁRIOS - FHEMIG,APOIO ÀS POLÍTICAS PÚBLICAS
2025,1500,SECRETARIA DE ESTADO DE PLANEJAMENTO E GESTÃO - SEPLAG,3,0,4711,FUNDO FINANCEIRO DE PREVIDÊNCIA DO ESTADO DE MINAS GERAIS - FFP - MG,3,1,91,13,10,1,2605,9,272,705,7,225,7225,1,3037636.00,3037636.00,3037636.00,0,BENEFÍCIOS PREVIDENCIÁRIOS - FHEMIG,APOIO ÀS POLÍTICAS PÚBLICAS
2025,1500,SECRETARIA DE ESTADO DE PLANEJAMENTO E GESTÃO - SEPLAG,3,0,4711,FUNDO FINANCEIRO DE PREVIDÊNCIA DO ESTADO DE MINAS GERAIS - FFP - MG,3,1,91,13,60,2,2605,9,272,705,7,225,7225,1,241319.00,241319.00,241319.00,0,BENEFÍCIOS PREVIDENCIÁRIOS - FHEMIG,APOIO ÀS POLÍTICAS PÚBLICAS
2025,1500,SECRETARIA DE ESTADO DE PLANEJAMENTO E GESTÃO - SEPLAG,3,0,4711,FUNDO FINANCEIRO DE PREVIDÊNCIA DO ESTADO DE MINAS GERAIS - FFP - MG,3,1,90,1,60,2,2606,9,272,705,7,312,7312,1,24099166.00,24099166.00,24099166.00,0,BENEFÍCIOS PREVIDENCIÁRIOS - HEMOMINAS,APOIO ÀS POLÍTICAS PÚBLICAS
2025,1500,SECRETARIA DE ESTADO DE PLANEJAMENTO E GESTÃO - SEPLAG,3,0,4711,FUNDO FINANCEIRO DE PREVIDÊNCIA DO ESTADO DE MINAS GERAIS - FFP - MG,3,1,91,13,60,2,2606,9,272,705,7,312,7312,1,173374.00,173374.00,173374.00,0,BENEFÍCIOS PREVIDENCIÁRIOS - HEMOMINAS,APOIO ÀS POLÍTICAS PÚBLICAS
2025,1500,SECRETARIA DE ESTADO DE PLANEJAMENTO E GESTÃO - SEPLAG,3,0,4711,FUNDO FINANCEIRO DE PREVIDÊNCIA DO ESTADO DE MINAS GERAIS - FFP - MG,3,1,90,1,42,1,2607,9,272,705,7,428,7428,1,7596755.00,7596755.00,7596755.00,0,BENEFÍCIOS PREVIDENCIÁRIOS - FEAM,APOIO ÀS POLÍTICAS PÚBLICAS
2025,1500,SECRETARIA DE ESTADO DE PLANEJAMENTO E GESTÃO - SEPLAG,3,0,4711,FUNDO FINANCEIRO DE PREVIDÊNCIA DO ESTADO DE MINAS GERAIS - FFP - MG,3,1,90,1,43,1,2607,9,272,705,7,428,7428,1,3722773.00,3722773.00,3722773.00,0,BENEFÍCIOS PREVIDENCIÁRIOS - FEAM,APOIO ÀS POLÍTICAS PÚBLICAS
2025,1500,SECRETARIA DE ESTADO DE PLANEJAMENTO E GESTÃO - SEPLAG,3,0,4711,FUNDO FINANCEIRO DE PREVIDÊNCIA DO ESTADO DE MINAS GERAIS - FFP - MG,3,1,90,1,52,2,2607,9,272,705,7,428,7428,1,4511530.00,4511530.00,4511530.00,0,BENEFÍCIOS PREVIDENCIÁRIOS - FEAM,APOIO ÀS POLÍTICAS PÚBLICAS
2025,1500,SECRETARIA DE ESTADO DE PLANEJAMENTO E GESTÃO - SEPLAG,3,0,4711,FUNDO FINANCEIRO DE PREVIDÊNCIA DO ESTADO DE MINAS GERAIS - FFP - MG,3,1,91,13,52,2,2607,9,272,705,7,428,7428,1,88062.00,88062.00,88062.00,0,BENEFÍCIOS PREVIDENCIÁRIOS - FEAM,APOIO ÀS POLÍTICAS PÚBLICAS
2025,1500,SECRETARIA DE ESTADO DE PLANEJAMENTO E GESTÃO - SEPLAG,3,0,4711,FUNDO FINANCEIRO DE PREVIDÊNCIA DO ESTADO DE MINAS GERAIS - FFP - MG,3,1,90,1,10,1,2608,9,272,705,7,473,7473,1,32209249.00,32209249.00,32209249.00,0,BENEFÍCIOS PREVIDENCIÁRIOS - IEF,APOIO ÀS POLÍTICAS PÚBLICAS
2025,1500,SECRETARIA DE ESTADO DE PLANEJAMENTO E GESTÃO - SEPLAG,3,0,4711,FUNDO FINANCEIRO DE PREVIDÊNCIA DO ESTADO DE MINAS GERAIS - FFP - MG,3,1,91,13,10,1,2608,9,272,705,7,473,7473,1,429814.00,429814.00,429814.00,0,BENEFÍCIOS PREVIDENCIÁRIOS - IEF,APOIO ÀS POLÍTICAS PÚBLICAS
2025,1500,SECRETARIA DE ESTADO DE PLANEJAMENTO E GESTÃO - SEPLAG,3,0,4711,FUNDO FINANCEIRO DE PREVIDÊNCIA DO ESTADO DE MINAS GERAIS - FFP - MG,3,1,90,1,10,1,2609,9,272,705,7,484,7484,1,3652337.00,3652337.00,3652337.00,0,BENEFÍCIOS PREVIDENCIÁRIOS - IGAM,APOIO ÀS POLÍTICAS PÚBLICAS
2025,1500,SECRETARIA DE ESTADO DE PLANEJAMENTO E GESTÃO - SEPLAG,3,0,4711,FUNDO FINANCEIRO DE PREVIDÊNCIA DO ESTADO DE MINAS GERAIS - FFP - MG,3,1,91,13,10,1,2609,9,272,705,7,484,7484,1,45818.00,45818.00,45818.00,0,BENEFÍCIOS PREVIDENCIÁRIOS - IGAM,APOIO ÀS POLÍTICAS PÚBLICAS
2025,1500,SECRETARIA DE ESTADO DE PLANEJAMENTO E GESTÃO - SEPLAG,3,0,4711,FUNDO FINANCEIRO DE PREVIDÊNCIA DO ESTADO DE MINAS GERAIS - FFP - MG,3,1,90,1,42,1,2610,9,272,705,7,529,7529,1,3559978.00,3559978.00,3559978.00,0,BENEFÍCIOS PREVIDENCIÁRIOS - JUCEMG,APOIO ÀS POLÍTICAS PÚBLICAS
2025,1500,SECRETARIA DE ESTADO DE PLANEJAMENTO E GESTÃO - SEPLAG,3,0,4711,FUNDO FINANCEIRO DE PREVIDÊNCIA DO ESTADO DE MINAS GERAIS - FFP - MG,3,1,90,1,43,1,2610,9,272,705,7,529,7529,1,827353.00,827353.00,827353.00,0,BENEFÍCIOS PREVIDENCIÁRIOS - JUCEMG,APOIO ÀS POLÍTICAS PÚBLICAS
2025,1500,SECRETARIA DE ESTADO DE PLANEJAMENTO E GESTÃO - SEPLAG,3,0,4711,FUNDO FINANCEIRO DE PREVIDÊNCIA DO ESTADO DE MINAS GERAIS - FFP - MG,3,1,90,1,60,2,2610,9,272,705,7,529,7529,1,3906944.00,3906944.00,3906944.00,0,BENEFÍCIOS PREVIDENCIÁRIOS - JUCEMG,APOIO ÀS POLÍTICAS PÚBLICAS
2025,1500,SECRETARIA DE ESTADO DE PLANEJAMENTO E GESTÃO - SEPLAG,3,0,4711,FUNDO FINANCEIRO DE PREVIDÊNCIA DO ESTADO DE MINAS GERAIS - FFP - MG,3,1,91,13,60,2,2610,9,272,705,7,529,7529,1,84583.00,84583.00,84583.00,0,BENEFÍCIOS PREVIDENCIÁRIOS - JUCEMG,APOIO ÀS POLÍTICAS PÚBLICAS
2025,1500,SECRETARIA DE ESTADO DE PLANEJAMENTO E GESTÃO - SEPLAG,3,0,4711,FUNDO FINANCEIRO DE PREVIDÊNCIA DO ESTADO DE MINAS GERAIS - FFP - MG,3,1,90,1,10,1,2613,9,272,705,7,586,7586,1,1186692.00,1186692.00,1186692.00,0,BENEFÍCIOS PREVIDENCIÁRIOS - UTRAMIG,APOIO ÀS POLÍTICAS PÚBLICAS
2025,1500,SECRETARIA DE ESTADO DE PLANEJAMENTO E GESTÃO - SEPLAG,3,0,4711,FUNDO FINANCEIRO DE PREVIDÊNCIA DO ESTADO DE MINAS GERAIS - FFP - MG,3,1,91,13,10,1,2613,9,272,705,7,586,7586,1,19815.00,19815.00,19815.00,0,BENEFÍCIOS PREVIDENCIÁRIOS - UTRAMIG,APOIO ÀS POLÍTICAS PÚBLICAS
2025,1500,SECRETARIA DE ESTADO DE PLANEJAMENTO E GESTÃO - SEPLAG,3,0,4711,FUNDO FINANCEIRO DE PREVIDÊNCIA DO ESTADO DE MINAS GERAIS - FFP - MG,3,1,90,1,42,1,2614,9,272,705,7,617,7617,1,322058.00,322058.00,322058.00,0,BENEFÍCIOS PREVIDENCIÁRIOS - LEMG,APOIO ÀS POLÍTICAS PÚBLICAS
2025,1500,SECRETARIA DE ESTADO DE PLANEJAMENTO E GESTÃO - SEPLAG,3,0,4711,FUNDO FINANCEIRO DE PREVIDÊNCIA DO ESTADO DE MINAS GERAIS - FFP - MG,3,1,90,1,43,1,2614,9,272,705,7,617,7617,1,111534.00,111534.00,111534.00,0,BENEFÍCIOS PREVIDENCIÁRIOS - LEMG,APOIO ÀS POLÍTICAS PÚBLICAS
2025,1500,SECRETARIA DE ESTADO DE PLANEJAMENTO E GESTÃO - SEPLAG,3,0,4711,FUNDO FINANCEIRO DE PREVIDÊNCIA DO ESTADO DE MINAS GERAIS - FFP - MG,3,1,90,1,60,2,2614,9,272,705,7,617,7617,1,1789141.00,1789141.00,1789141.00,0,BENEFÍCIOS PREVIDENCIÁRIOS - LEMG,APOIO ÀS POLÍTICAS PÚBLICAS
2025,1500,SECRETARIA DE ESTADO DE PLANEJAMENTO E GESTÃO - SEPLAG,3,0,4711,FUNDO FINANCEIRO DE PREVIDÊNCIA DO ESTADO DE MINAS GERAIS - FFP - MG,3,1,91,13,60,2,2614,9,272,705,7,617,7617,1,22270.00,22270.00,22270.00,0,BENEFÍCIOS PREVIDENCIÁRIOS - LEMG,APOIO ÀS POLÍTICAS PÚBLICAS
2025,1500,SECRETARIA DE ESTADO DE PLANEJAMENTO E GESTÃO - SEPLAG,3,0,4711,FUNDO FINANCEIRO DE PREVIDÊNCIA DO ESTADO DE MINAS GERAIS - FFP - MG,3,1,90,1,10,1,2616,9,272,705,7,722,7722,1,26077185.00,26077185.00,26077185.00,0,BENEFÍCIOS PREVIDENCIÁRIOS - FJP,APOIO ÀS POLÍTICAS PÚBLICAS
2025,1500,SECRETARIA DE ESTADO DE PLANEJAMENTO E GESTÃO - SEPLAG,3,0,4711,FUNDO FINANCEIRO DE PREVIDÊNCIA DO ESTADO DE MINAS GERAIS - FFP - MG,3,1,91,13,10,1,2616,9,272,705,7,722,7722,1,224679.00,224679.00,224679.00,0,BENEFÍCIOS PREVIDENCIÁRIOS - FJP,APOIO ÀS POLÍTICAS PÚBLICAS
2025,1500,SECRETARIA DE ESTADO DE PLANEJAMENTO E GESTÃO - SEPLAG,3,0,4711,FUNDO FINANCEIRO DE PREVIDÊNCIA DO ESTADO DE MINAS GERAIS - FFP - MG,3,1,90,1,10,1,2617,9,272,705,7,725,7725,1,215632032.00,215632032.00,215632032.00,0,BENEFÍCIOS PREVIDENCIÁRIOS - IPSEMG,APOIO ÀS POLÍTICAS PÚBLICAS
2025,1500,SECRETARIA DE ESTADO DE PLANEJAMENTO E GESTÃO - SEPLAG,3,0,4711,FUNDO FINANCEIRO DE PREVIDÊNCIA DO ESTADO DE MINAS GERAIS - FFP - MG,3,1,91,13,10,1,2617,9,272,705,7,725,7725,1,2980422.00,2980422.00,2980422.00,0,BENEFÍCIOS PREVIDENCIÁRIOS - IPSEMG,APOIO ÀS POLÍTICAS PÚBLICAS
2025,1500,SECRETARIA DE ESTADO DE PLANEJAMENTO E GESTÃO - SEPLAG,3,0,4711,FUNDO FINANCEIRO DE PREVIDÊNCIA DO ESTADO DE MINAS GERAIS - FFP - MG,3,1,90,1,42,1,2618,9,272,705,7,840,7840,1,1768773.00,1768773.00,1768773.00,0,BENEFÍCIOS PREVIDENCIÁRIOS - IPSM,APOIO ÀS POLÍTICAS PÚBLICAS
2025,1500,SECRETARIA DE ESTADO DE PLANEJAMENTO E GESTÃO - SEPLAG,3,0,4711,FUNDO FINANCEIRO DE PREVIDÊNCIA DO ESTADO DE MINAS GERAIS - FFP - MG,3,1,90,1,43,1,2618,9,272,705,7,840,7840,1,593713.00,593713.00,593713.00,0,BENEFÍCIOS PREVIDENCIÁRIOS - IPSM,APOIO ÀS POLÍTICAS PÚBLICAS
2025,1500,SECRETARIA DE ESTADO DE PLANEJAMENTO E GESTÃO - SEPLAG,3,0,4711,FUNDO FINANCEIRO DE PREVIDÊNCIA DO ESTADO DE MINAS GERAIS - FFP - MG,3,1,90,1,60,2,2618,9,272,705,7,840,7840,1,765911.00,765911.00,765911.00,0,BENEFÍCIOS PREVIDENCIÁRIOS - IPSM,APOIO ÀS POLÍTICAS PÚBLICAS
2025,1500,SECRETARIA DE ESTADO DE PLANEJAMENTO E GESTÃO - SEPLAG,3,0,4711,FUNDO FINANCEIRO DE PREVIDÊNCIA DO ESTADO DE MINAS GERAIS - FFP - MG,3,1,91,13,60,2,2618,9,272,705,7,840,7840,1,4982.00,4982.00,4982.00,0,BENEFÍCIOS PREVIDENCIÁRIOS - IPSM,APOIO ÀS POLÍTICAS PÚBLICAS
2025,1500,SECRETARIA DE ESTADO DE PLANEJAMENTO E GESTÃO - SEPLAG,3,0,4711,FUNDO FINANCEIRO DE PREVIDÊNCIA DO ESTADO DE MINAS GERAIS - FFP - MG,3,1,90,1,10,1,2620,9,272,705,7,939,7939,1,2483618.00,2483618.00,2483618.00,0,BENEFÍCIOS PREVIDENCIÁRIOS - IDENE,APOIO ÀS POLÍTICAS PÚBLICAS
2025,1500,SECRETARIA DE ESTADO DE PLANEJAMENTO E GESTÃO - SEPLAG,3,0,4711,FUNDO FINANCEIRO DE PREVIDÊNCIA DO ESTADO DE MINAS GERAIS - FFP - MG,3,1,91,13,10,1,2620,9,272,705,7,939,7939,1,36083.00,36083.00,36083.00,0,BENEFÍCIOS PREVIDENCIÁRIOS - IDENE,APOIO ÀS POLÍTICAS PÚBLICAS
2025,1500,SECRETARIA DE ESTADO DE PLANEJAMENTO E GESTÃO - SEPLAG,3,0,4711,FUNDO FINANCEIRO DE PREVIDÊNCIA DO ESTADO DE MINAS GERAIS - FFP - MG,3,1,90,1,10,1,2621,9,272,705,7,957,7957,1,5849017798.00,5849017798.00,5849017798.00,0,BENEFÍCIOS PREVIDENCIÁRIOS - SEE,APOIO ÀS POLÍTICAS PÚBLICAS
2025,1500,SECRETARIA DE ESTADO DE PLANEJAMENTO E GESTÃO - SEPLAG,3,0,4711,FUNDO FINANCEIRO DE PREVIDÊNCIA DO ESTADO DE MINAS GERAIS - FFP - MG,3,1,90,1,15,1,2621,9,272,705,7,957,7957,1,1393551364.00,1393551364.00,1393551364.00,0,BENEFÍCIOS PREVIDENCIÁRIOS - SEE,APOIO ÀS POLÍTICAS PÚBLICAS
2025,1500,SECRETARIA DE ESTADO DE PLANEJAMENTO E GESTÃO - SEPLAG,3,0,4711,FUNDO FINANCEIRO DE PREVIDÊNCIA DO ESTADO DE MINAS GERAIS - FFP - MG,3,1,90,1,42,1,2621,9,272,705,7,957,7957,1,2537750090.00,2537750090.00,2537750090.00,0,BENEFÍCIOS PREVIDENCIÁRIOS - SEE,APOIO ÀS POLÍTICAS PÚBLICAS
2025,1500,SECRETARIA DE ESTADO DE PLANEJAMENTO E GESTÃO - SEPLAG,3,0,4711,FUNDO FINANCEIRO DE PREVIDÊNCIA DO ESTADO DE MINAS GERAIS - FFP - MG,3,1,90,1,43,1,2621,9,272,705,7,957,7957,1,928311436.00,928311436.00,928311436.00,0,BENEFÍCIOS PREVIDENCIÁRIOS - SEE,APOIO ÀS POLÍTICAS PÚBLICAS
2025,1500,SECRETARIA DE ESTADO DE PLANEJAMENTO E GESTÃO - SEPLAG,3,0,4711,FUNDO FINANCEIRO DE PREVIDÊNCIA DO ESTADO DE MINAS GERAIS - FFP - MG,3,1,90,1,44,1,2621,9,272,705,7,957,7957,1,41641705.00,41641705.00,41641705.00,0,BENEFÍCIOS PREVIDENCIÁRIOS - SEE,APOIO ÀS POLÍTICAS PÚBLICAS
2025,1500,SECRETARIA DE ESTADO DE PLANEJAMENTO E GESTÃO - SEPLAG,3,0,4711,FUNDO FINANCEIRO DE PREVIDÊNCIA DO ESTADO DE MINAS GERAIS - FFP - MG,3,1,90,1,60,1,2621,9,272,705,7,957,7957,1,166588.00,166588.00,166588.00,0,BENEFÍCIOS PREVIDENCIÁRIOS - SEE,APOIO ÀS POLÍTICAS PÚBLICAS
2025,1500,SECRETARIA DE ESTADO DE PLANEJAMENTO E GESTÃO - SEPLAG,3,0,4711,FUNDO FINANCEIRO DE PREVIDÊNCIA DO ESTADO DE MINAS GERAIS - FFP - MG,3,1,91,13,10,1,2621,9,272,705,7,957,7957,1,167309966.00,167309966.00,167309966.00,0,BENEFÍCIOS PREVIDENCIÁRIOS - SEE,APOIO ÀS POLÍTICAS PÚBLICAS
2025,1500,SECRETARIA DE ESTADO DE PLANEJAMENTO E GESTÃO - SEPLAG,3,0,4711,FUNDO FINANCEIRO DE PREVIDÊNCIA DO ESTADO DE MINAS GERAIS - FFP - MG,3,1,90,1,10,1,2622,9,272,705,7,959,7959,1,395336295.00,395336295.00,395336295.00,0,BENEFÍCIOS PREVIDENCIÁRIOS - SES,APOIO ÀS POLÍTICAS PÚBLICAS
2025,1500,SECRETARIA DE ESTADO DE PLANEJAMENTO E GESTÃO - SEPLAG,3,0,4711,FUNDO FINANCEIRO DE PREVIDÊNCIA DO ESTADO DE MINAS GERAIS - FFP - MG,3,1,91,13,10,1,2622,9,272,705,7,959,7959,1,6662097.00,6662097.00,6662097.00,0,BENEFÍCIOS PREVIDENCIÁRIOS - SES,APOIO ÀS POLÍTICAS PÚBLICAS
2025,1500,SECRETARIA DE ESTADO DE PLANEJAMENTO E GESTÃO - SEPLAG,3,0,4711,FUNDO FINANCEIRO DE PREVIDÊNCIA DO ESTADO DE MINAS GERAIS - FFP - MG,3,1,90,91,10,9,10060,28,846,705,7,4,7004,1,1500000.00,1500000.00,1500000.00,0,PRECATÓRIOS E SENTENÇAS JUDICIÁRIAS,APOIO ÀS POLÍTICAS PÚBLICAS
2025,1510,POLÍCIA CIVIL DO ESTADO DE MINAS GERAIS - PCMG,3,0,1511,POLÍCIA CIVIL DO ESTADO DE MINAS GERAIS - PCMG,3,1,90,7,10,1,11117,6,122,705,2,417,2417,1,706642.00,706642.00,706642.00,0,REMUNERAÇÃO DE PESSOAL ATIVO E ENCARGOS SOCIAIS,APOIO ÀS POLÍTICAS PÚBLICAS
2025,1510,POLÍCIA CIVIL DO ESTADO DE MINAS GERAIS - PCMG,3,0,1511,POLÍCIA CIVIL DO ESTADO DE MINAS GERAIS - PCMG,3,1,90,7,11,1,11117,6,122,705,2,417,2417,1,532902.00,532902.00,532902.00,0,REMUNERAÇÃO DE PESSOAL ATIVO E ENCARGOS SOCIAIS,APOIO ÀS POLÍTICAS PÚBLICAS
2025,1510,POLÍCIA CIVIL DO ESTADO DE MINAS GERAIS - PCMG,3,0,1511,POLÍCIA CIVIL DO ESTADO DE MINAS GERAIS - PCMG,3,1,90,11,10,1,11117,6,122,705,2,417,2417,1,936446032.00,936446032.00,936446032.00,0,REMUNERAÇÃO DE PESSOAL ATIVO E ENCARGOS SOCIAIS,APOIO ÀS POLÍTICAS PÚBLICAS
2025,1510,POLÍCIA CIVIL DO ESTADO DE MINAS GERAIS - PCMG,3,0,1511,POLÍCIA CIVIL DO ESTADO DE MINAS GERAIS - PCMG,3,1,90,11,11,1,11117,6,122,705,2,417,2417,1,861475532.00,861475532.00,861475532.00,0,REMUNERAÇÃO DE PESSOAL ATIVO E ENCARGOS SOCIAIS,APOIO ÀS POLÍTICAS PÚBLICAS
2025,1510,POLÍCIA CIVIL DO ESTADO DE MINAS GERAIS - PCMG,3,0,1511,POLÍCIA CIVIL DO ESTADO DE MINAS GERAIS - PCMG,3,1,90,11,57,2,11117,6,122,705,2,417,2417,1,20758.00,20758.00,20758.00,0,REMUNERAÇÃO DE PESSOAL ATIVO E ENCARGOS SOCIAIS,APOIO ÀS POLÍTICAS PÚBLICAS
2025,1510,POLÍCIA CIVIL DO ESTADO DE MINAS GERAIS - PCMG,3,0,1511,POLÍCIA CIVIL DO ESTADO DE MINAS GERAIS - PCMG,3,1,90,13,10,1,11117,6,122,705,2,417,2417,1,367555.00,367555.00,367555.00,0,REMUNERAÇÃO DE PESSOAL ATIVO E ENCARGOS SOCIAIS,APOIO ÀS POLÍTICAS PÚBLICAS
2025,1510,POLÍCIA CIVIL DO ESTADO DE MINAS GERAIS - PCMG,3,0,1511,POLÍCIA CIVIL DO ESTADO DE MINAS GERAIS - PCMG,3,1,90,16,10,1,11117,6,122,705,2,417,2417,1,64048452.00,64048452.00,64048452.00,0,REMUNERAÇÃO DE PESSOAL ATIVO E ENCARGOS SOCIAIS,APOIO ÀS POLÍTICAS PÚBLICAS
2025,1510,POLÍCIA CIVIL DO ESTADO DE MINAS GERAIS - PCMG,3,0,1511,POLÍCIA CIVIL DO ESTADO DE MINAS GERAIS - PCMG,3,1,91,13,10,1,11117,6,122,705,2,417,2417,1,417222960.00,417222960.00,417222960.00,0,REMUNERAÇÃO DE PESSOAL ATIVO E ENCARGOS SOCIAIS,APOIO ÀS POLÍTICAS PÚBLICAS
2025,1510,POLÍCIA CIVIL DO ESTADO DE MINAS GERAIS - PCMG,3,0,1511,POLÍCIA CIVIL DO ESTADO DE MINAS GERAIS - PCMG,3,1,91,13,11,1,11117,6,122,705,2,417,2417,1,377962856.00,377962856.00,377962856.00,0,REMUNERAÇÃO DE PESSOAL ATIVO E ENCARGOS SOCIAIS,APOIO ÀS POLÍTICAS PÚBLICAS
2025,1510,POLÍCIA CIVIL DO ESTADO DE MINAS GERAIS - PCMG,3,0,1511,POLÍCIA CIVIL DO ESTADO DE MINAS GERAIS - PCMG,3,3,90,8,10,7,11117,6,122,705,2,417,2417,1,3680663.00,3680663.00,3680663.00,0,REMUNERAÇÃO DE PESSOAL ATIVO E ENCARGOS SOCIAIS,APOIO ÀS POLÍTICAS PÚBLICAS
2025,1510,POLÍCIA CIVIL DO ESTADO DE MINAS GERAIS - PCMG,3,0,1511,POLÍCIA CIVIL DO ESTADO DE MINAS GERAIS - PCMG,3,3,90,19,10,7,11117,6,122,705,2,417,2417,1,76977966.00,76977966.00,76977966.00,0,REMUNERAÇÃO DE PESSOAL ATIVO E ENCARGOS SOCIAIS,APOIO ÀS POLÍTICAS PÚBLICAS
2025,1510,POLÍCIA CIVIL DO ESTADO DE MINAS GERAIS - PCMG,3,0,1511,POLÍCIA CIVIL DO ESTADO DE MINAS GERAIS - PCMG,3,3,90,46,10,7,11117,6,122,705,2,417,2417,1,16314700.00,16314700.00,16314700.00,0,REMUNERAÇÃO DE PESSOAL ATIVO E ENCARGOS SOCIAIS,APOIO ÀS POLÍTICAS PÚBLICAS
2025,1510,POLÍCIA CIVIL DO ESTADO DE MINAS GERAIS - PCMG,3,0,1511,POLÍCIA CIVIL DO ESTADO DE MINAS GERAIS - PCMG,3,3,90,49,10,7,11117,6,122,705,2,417,2417,1,1376469.00,1376469.00,1376469.00,0,REMUNERAÇÃO DE PESSOAL ATIVO E ENCARGOS SOCIAIS,APOIO ÀS POLÍTICAS PÚBLICAS
2025,1510,POLÍCIA CIVIL DO ESTADO DE MINAS GERAIS - PCMG,3,0,1511,POLÍCIA CIVIL DO ESTADO DE MINAS GERAIS - PCMG,3,3,90,14,10,1,9914,6,122,705,2,500,2500,1,824586.00,824586.00,824586.00,0,ASSESSORAMENTO E GERENCIAMENTO DE POLÍTICAS PÚBLICAS,APOIO ÀS POLÍTICAS PÚBLICAS
2025,1510,POLÍCIA CIVIL DO ESTADO DE MINAS GERAIS - PCMG,3,0,1511,POLÍCIA CIVIL DO ESTADO DE MINAS GERAIS - PCMG,3,3,90,33,10,1,9914,6,122,705,2,500,2500,1,339336.00,339336.00,339336.00,0,ASSESSORAMENTO E GERENCIAMENTO DE POLÍTICAS PÚBLICAS,APOIO ÀS POLÍTICAS PÚBLICAS
2025,1510,POLÍCIA CIVIL DO ESTADO DE MINAS GERAIS - PCMG,3,0,1511,POLÍCIA CIVIL DO ESTADO DE MINAS GERAIS - PCMG,3,3,90,36,10,1,9914,6,122,705,2,500,2500,1,360000.00,360000.00,360000.00,0,ASSESSORAMENTO E GERENCIAMENTO DE POLÍTICAS PÚBLICAS,APOIO ÀS POLÍTICAS PÚBLICAS
2025,1510,POLÍCIA CIVIL DO ESTADO DE MINAS GERAIS - PCMG,3,0,1511,POLÍCIA CIVIL DO ESTADO DE MINAS GERAIS - PCMG,3,3,90,37,10,1,9914,6,122,705,2,500,2500,1,2850000.00,2850000.00,2850000.00,0,ASSESSORAMENTO E GERENCIAMENTO DE POLÍTICAS PÚBLICAS,APOIO ÀS POLÍTICAS PÚBLICAS
2025,1510,POLÍCIA CIVIL DO ESTADO DE MINAS GERAIS - PCMG,3,0,1511,POLÍCIA CIVIL DO ESTADO DE MINAS GERAIS - PCMG,3,3,90,39,10,1,9914,6,122,705,2,500,2500,1,2807523.00,2807523.00,2807523.00,0,ASSESSORAMENTO E GERENCIAMENTO DE POLÍTICAS PÚBLICAS,APOIO ÀS POLÍTICAS PÚBLICAS
2025,1510,POLÍCIA CIVIL DO ESTADO DE MINAS GERAIS - PCMG,3,0,1511,POLÍCIA CIVIL DO ESTADO DE MINAS GERAIS - PCMG,3,3,90,40,10,1,9914,6,122,705,2,500,2500,1,1368000.00,1368000.00,1368000.00,0,ASSESSORAMENTO E GERENCIAMENTO DE POLÍTICAS PÚBLICAS,APOIO ÀS POLÍTICAS PÚBLICAS
2025,1510,POLÍCIA CIVIL DO ESTADO DE MINAS GERAIS - PCMG,3,0,1511,POLÍCIA CIVIL DO ESTADO DE MINAS GERAIS - PCMG,4,4,90,40,10,1,9914,6,122,705,2,500,2500,1,725524.00,725524.00,725524.00,0,ASSESSORAMENTO E GERENCIAMENTO DE POLÍTICAS PÚBLICAS,APOIO ÀS POLÍTICAS PÚBLICAS
2025,1510,POLÍCIA CIVIL DO ESTADO DE MINAS GERAIS - PCMG,3,0,1511,POLÍCIA CIVIL DO ESTADO DE MINAS GERAIS - PCMG,3,3,90,8,10,7,10203,6,122,705,7,10,7010,1,10458961.00,10458961.00,10458961.00,0,BENEFÍCIOS ASSISTENCIAIS,APOIO ÀS POLÍTICAS PÚBLICAS
2025,1510,POLÍCIA CIVIL DO ESTADO DE MINAS GERAIS - PCMG,3,0,1511,POLÍCIA CIVIL DO ESTADO DE MINAS GERAIS - PCMG,3,3,90,14,10,1,10297,6,128,37,4,66,4066,1,212651.00,212651.00,212651.00,0,FORMAÇÃO E CAPACITAÇÃO,VALORIZAÇÃO E SAÚDE DO SERVIDOR
2025,1510,POLÍCIA CIVIL DO ESTADO DE MINAS GERAIS - PCMG,3,0,1511,POLÍCIA CIVIL DO ESTADO DE MINAS GERAIS - PCMG,3,3,90,30,10,1,10297,6,128,37,4,66,4066,1,39867.00,39867.00,39867.00,0,FORMAÇÃO E CAPACITAÇÃO,VALORIZAÇÃO E SAÚDE DO SERVIDOR
2025,1510,POLÍCIA CIVIL DO ESTADO DE MINAS GERAIS - PCMG,3,0,1511,POLÍCIA CIVIL DO ESTADO DE MINAS GERAIS - PCMG,3,3,90,37,10,1,10297,6,128,37,4,66,4066,1,570000.00,570000.00,570000.00,0,FORMAÇÃO E CAPACITAÇÃO,VALORIZAÇÃO E SAÚDE DO SERVIDOR
2025,1510,POLÍCIA CIVIL DO ESTADO DE MINAS GERAIS - PCMG,3,0,1511,POLÍCIA CIVIL DO ESTADO DE MINAS GERAIS - PCMG,3,3,90,39,10,1,10297,6,128,37,4,66,4066,1,1177470.00,1177470.00,1177470.00,0,FORMAÇÃO E CAPACITAÇÃO,VALORIZAÇÃO E SAÚDE DO SERVIDOR
2025,1510,POLÍCIA CIVIL DO ESTADO DE MINAS GERAIS - PCMG,3,0,1511,POLÍCIA CIVIL DO ESTADO DE MINAS GERAIS - PCMG,3,3,90,40,10,1,10297,6,128,37,4,66,4066,1,54000.00,54000.00,54000.00,0,FORMAÇÃO E CAPACITAÇÃO,VALORIZAÇÃO E SAÚDE DO SERVIDOR
2025,1510,POLÍCIA CIVIL DO ESTADO DE MINAS GERAIS - PCMG,3,0,1511,POLÍCIA CIVIL DO ESTADO DE MINAS GERAIS - PCMG,4,4,90,40,10,1,10297,6,128,37,4,66,4066,1,48000.00,48000.00,48000.00,0,FORMAÇÃO E CAPACITAÇÃO,VALORIZAÇÃO E SAÚDE DO SERVIDOR
2025,1510,POLÍCIA CIVIL DO ESTADO DE MINAS GERAIS - PCMG,3,0,1511,POLÍCIA CIVIL DO ESTADO DE MINAS GERAIS - PCMG,3,3,90,39,10,1,10287,6,181,32,1,3,1003,1,1000.00,1000.00,1000.00,1,PROCEDIMENTO DE POLÍCIA JUDICIÁRIA ELETRÔNICO - PPJ-E,INVESTIGAÇÃO
2025,1510,POLÍCIA CIVIL DO ESTADO DE MINAS GERAIS - PCMG,3,0,1511,POLÍCIA CIVIL DO ESTADO DE MINAS GERAIS - PCMG,4,4,90,52,25,1,10287,6,181,32,1,3,1003,1,320640.00,320640.00,320640.00,1,PROCEDIMENTO DE POLÍCIA JUDICIÁRIA ELETRÔNICO - PPJ-E,INVESTIGAÇÃO
2025,1510,POLÍCIA CIVIL DO ESTADO DE MINAS GERAIS - PCMG,3,0,1511,POLÍCIA CIVIL DO ESTADO DE MINAS GERAIS - PCMG,3,3,90,39,10,1,10300,6,181,32,1,5,1005,1,1000.00,1000.00,1000.00,0,PROJETO DELEGACIA RURAL,INVESTIGAÇÃO
2025,1510,POLÍCIA CIVIL DO ESTADO DE MINAS GERAIS - PCMG,3,0,1511,POLÍCIA CIVIL DO ESTADO DE MINAS GERAIS - PCMG,3,3,90,39,10,1,10301,6,181,32,1,6,1006,1,1000.00,1000.00,1000.00,0,ENFRENTAMENTO À VIOLÊNCIA CONTRA A MULHER,INVESTIGAÇÃO
2025,1510,POLÍCIA CIVIL DO ESTADO DE MINAS GERAIS - PCMG,3,0,1511,POLÍCIA CIVIL DO ESTADO DE MINAS GERAIS - PCMG,4,4,90,52,25,1,10301,6,181,32,1,6,1006,1,600000.00,600000.00,600000.00,0,ENFRENTAMENTO À VIOLÊNCIA CONTRA A MULHER,INVESTIGAÇÃO
2025,1510,POLÍCIA CIVIL DO ESTADO DE MINAS GERAIS - PCMG,3,0,1511,POLÍCIA CIVIL DO ESTADO DE MINAS GERAIS - PCMG,4,4,99,99,10,4,10301,6,181,32,1,6,1006,1,300000.00,300000.00,300000.00,0,ENFRENTAMENTO À VIOLÊNCIA CONTRA A MULHER,INVESTIGAÇÃO
2025,1510,POLÍCIA CIVIL DO ESTADO DE MINAS GERAIS - PCMG,3,0,1511,POLÍCIA CIVIL DO ESTADO DE MINAS GERAIS - PCMG,3,3,90,39,10,1,10303,6,181,32,1,7,1007,1,1000.00,1000.00,1000.00,1,MODERNIZAÇÃO DA POLÍCIA JUDICIÁRIA,INVESTIGAÇÃO
2025,1510,POLÍCIA CIVIL DO ESTADO DE MINAS GERAIS - PCMG,3,0,1511,POLÍCIA CIVIL DO ESTADO DE MINAS GERAIS - PCMG,3,3,99,99,10,8,10303,6,181,32,1,7,1007,1,628400.00,628400.00,628400.00,1,MODERNIZAÇÃO DA POLÍCIA JUDICIÁRIA,INVESTIGAÇÃO
2025,1510,POLÍCIA CIVIL DO ESTADO DE MINAS GERAIS - PCMG,3,0,1511,POLÍCIA CIVIL DO ESTADO DE MINAS GERAIS - PCMG,4,4,99,99,10,8,10303,6,181,32,1,7,1007,1,20340819.00,20340819.00,20340819.00,1,MODERNIZAÇÃO DA POLÍCIA JUDICIÁRIA,INVESTIGAÇÃO
2025,1510,POLÍCIA CIVIL DO ESTADO DE MINAS GERAIS - PCMG,3,0,1511,POLÍCIA CIVIL DO ESTADO DE MINAS GERAIS - PCMG,3,3,90,39,10,1,10678,6,181,32,1,51,1051,1,1000.00,1000.00,1000.00,0,IMPLEMENTAÇÃO DA CADEIA DE CUSTÓDIA DA PROVA EM MINAS GERAIS,INVESTIGAÇÃO
2025,1510,POLÍCIA CIVIL DO ESTADO DE MINAS GERAIS - PCMG,3,0,1511,POLÍCIA CIVIL DO ESTADO DE MINAS GERAIS - PCMG,3,3,90,39,10,1,10679,6,181,32,1,52,1052,1,1000.00,1000.00,1000.00,0,APRIMORAMENTO DA INVESTIGAÇÃO DE HOMICÍDIOS,INVESTIGAÇÃO
2025,1510,POLÍCIA CIVIL DO ESTADO DE MINAS GERAIS - PCMG,3,0,1511,POLÍCIA CIVIL DO ESTADO DE MINAS GERAIS - PCMG,3,3,90,14,10,1,10279,6,181,32,4,60,4060,1,4085605.00,4085605.00,4085605.00,0,GESTÃO DAS UNIDADES POLICIAIS,INVESTIGAÇÃO
2025,1510,POLÍCIA CIVIL DO ESTADO DE MINAS GERAIS - PCMG,3,0,1511,POLÍCIA CIVIL DO ESTADO DE MINAS GERAIS - PCMG,3,3,90,30,10,1,10279,6,181,32,4,60,4060,1,19130130.00,19130130.00,19130130.00,0,GESTÃO DAS UNIDADES POLICIAIS,INVESTIGAÇÃO
2025,1510,POLÍCIA CIVIL DO ESTADO DE MINAS GERAIS - PCMG,3,0,1511,POLÍCIA CIVIL DO ESTADO DE MINAS GERAIS - PCMG,3,3,90,31,10,1,10279,6,181,32,4,60,4060,1,57600.00,57600.00,57600.00,0,GESTÃO DAS UNIDADES POLICIAIS,INVESTIGAÇÃO
2025,1510,POLÍCIA CIVIL DO ESTADO DE MINAS GERAIS - PCMG,3,0,1511,POLÍCIA CIVIL DO ESTADO DE MINAS GERAIS - PCMG,3,3,90,36,10,1,10279,6,181,32,4,60,4060,1,7332000.00,7332000.00,7332000.00,0,GESTÃO DAS UNIDADES POLICIAIS,INVESTIGAÇÃO
2025,1510,POLÍCIA CIVIL DO ESTADO DE MINAS GERAIS - PCMG,3,0,1511,POLÍCIA CIVIL DO ESTADO DE MINAS GERAIS - PCMG,3,3,90,37,10,1,10279,6,181,32,4,60,4060,1,19308000.00,19308000.00,19308000.00,0,GESTÃO DAS UNIDADES POLICIAIS,INVESTIGAÇÃO
2025,1510,POLÍCIA CIVIL DO ESTADO DE MINAS GERAIS - PCMG,3,0,1511,POLÍCIA CIVIL DO ESTADO DE MINAS GERAIS - PCMG,3,3,90,39,10,1,10279,6,181,32,4,60,4060,1,42421199.00,42421199.00,42421199.00,0,GESTÃO DAS UNIDADES POLICIAIS,INVESTIGAÇÃO
2025,1510,POLÍCIA CIVIL DO ESTADO DE MINAS GERAIS - PCMG,3,0,1511,POLÍCIA CIVIL DO ESTADO DE MINAS GERAIS - PCMG,3,3,90,39,24,1,10279,6,181,32,4,60,4060,1,207331.00,207331.00,207331.00,0,GESTÃO DAS UNIDADES POLICIAIS,INVESTIGAÇÃO
2025,1510,POLÍCIA CIVIL DO ESTADO DE MINAS GERAIS - PCMG,3,0,1511,POLÍCIA CIVIL DO ESTADO DE MINAS GERAIS - PCMG,3,3,90,40,10,1,10279,6,181,32,4,60,4060,1,9863952.00,9863952.00,9863952.00,0,GESTÃO DAS UNIDADES POLICIAIS,INVESTIGAÇÃO
2025,1510,POLÍCIA CIVIL DO ESTADO DE MINAS GERAIS - PCMG,3,0,1511,POLÍCIA CIVIL DO ESTADO DE MINAS GERAIS - PCMG,3,3,90,47,10,1,10279,6,181,32,4,60,4060,1,3600.00,3600.00,3600.00,0,GESTÃO DAS UNIDADES POLICIAIS,INVESTIGAÇÃO
2025,1510,POLÍCIA CIVIL DO ESTADO DE MINAS GERAIS - PCMG,3,0,1511,POLÍCIA CIVIL DO ESTADO DE MINAS GERAIS - PCMG,3,3,90,93,10,1,10279,6,181,32,4,60,4060,1,36000.00,36000.00,36000.00,0,GESTÃO DAS UNIDADES POLICIAIS,INVESTIGAÇÃO
2025,1510,POLÍCIA CIVIL DO ESTADO DE MINAS GERAIS - PCMG,3,0,1511,POLÍCIA CIVIL DO ESTADO DE MINAS GERAIS - PCMG,4,4,90,39,80,1,10279,6,181,32,4,60,4060,1,6250000.00,6250000.00,6250000.00,0,GESTÃO DAS UNIDADES POLICIAIS,INVESTIGAÇÃO
2025,1510,POLÍCIA CIVIL DO ESTADO DE MINAS GERAIS - PCMG,3,0,1511,POLÍCIA CIVIL DO ESTADO DE MINAS GERAIS - PCMG,4,4,90,40,10,1,10279,6,181,32,4,60,4060,1,24559386.00,24559386.00,24559386.00,0,GESTÃO DAS UNIDADES POLICIAIS,INVESTIGAÇÃO
2025,1510,POLÍCIA CIVIL DO ESTADO DE MINAS GERAIS - PCMG,3,0,1511,POLÍCIA CIVIL DO ESTADO DE MINAS GERAIS - PCMG,4,4,90,51,10,1,10279,6,181,32,4,60,4060,1,125000.00,125000.00,125000.00,0,GESTÃO DAS UNIDADES POLICIAIS,INVESTIGAÇÃO
2025,1510,POLÍCIA CIVIL DO ESTADO DE MINAS GERAIS - PCMG,3,0,1511,POLÍCIA CIVIL DO ESTADO DE MINAS GERAIS - PCMG,4,4,90,52,1,1,10279,6,181,32,4,60,4060,1,2103494.00,2103494.00,2103494.00,0,GESTÃO DAS UNIDADES POLICIAIS,INVESTIGAÇÃO
2025,1510,POLÍCIA CIVIL DO ESTADO DE MINAS GERAIS - PCMG,3,0,1511,POLÍCIA CIVIL DO ESTADO DE MINAS GERAIS - PCMG,4,4,90,52,2,1,10279,6,181,32,4,60,4060,1,22974774.00,22974774.00,22974774.00,0,GESTÃO DAS UNIDADES POLICIAIS,INVESTIGAÇÃO
2025,1510,POLÍCIA CIVIL DO ESTADO DE MINAS GERAIS - PCMG,3,0,1511,POLÍCIA CIVIL DO ESTADO DE MINAS GERAIS - PCMG,4,4,90,52,9,1,10279,6,181,32,4,60,4060,1,387000.00,387000.00,387000.00,0,GESTÃO DAS UNIDADES POLICIAIS,INVESTIGAÇÃO
2025,1510,POLÍCIA CIVIL DO ESTADO DE MINAS GERAIS - PCMG,3,0,1511,POLÍCIA CIVIL DO ESTADO DE MINAS GERAIS - PCMG,4,4,90,52,10,1,10279,6,181,32,4,60,4060,1,9784.00,9784.00,9784.00,0,GESTÃO DAS UNIDADES POLICIAIS,INVESTIGAÇÃO
2025,1510,POLÍCIA CIVIL DO ESTADO DE MINAS GERAIS - PCMG,3,0,1511,POLÍCIA CIVIL DO ESTADO DE MINAS GERAIS - PCMG,4,4,90,52,24,1,10279,6,181,32,4,60,4060,1,5965513.00,5965513.00,5965513.00,0,GESTÃO DAS UNIDADES POLICIAIS,INVESTIGAÇÃO
2025,1510,POLÍCIA CIVIL DO ESTADO DE MINAS GERAIS - PCMG,3,0,1511,POLÍCIA CIVIL DO ESTADO DE MINAS GERAIS - PCMG,4,4,90,52,80,1,10279,6,181,32,4,60,4060,1,8195369.00,8195369.00,8195369.00,0,GESTÃO DAS UNIDADES POLICIAIS,INVESTIGAÇÃO
2025,1510,POLÍCIA CIVIL DO ESTADO DE MINAS GERAIS - PCMG,3,0,1511,POLÍCIA CIVIL DO ESTADO DE MINAS GERAIS - PCMG,4,4,99,99,10,8,10279,6,181,32,4,60,4060,1,300000.00,300000.00,3150000.00,0,GESTÃO DAS UNIDADES POLICIAIS,INVESTIGAÇÃO
2025,1510,POLÍCIA CIVIL DO ESTADO DE MINAS GERAIS - PCMG,3,0,1511,POLÍCIA CIVIL DO ESTADO DE MINAS GERAIS - PCMG,3,3,90,14,10,1,10281,6,181,32,4,61,4061,1,328287.00,328287.00,328287.00,0,PERÍCIAS TÉCNICO-CIENTÍFICAS,INVESTIGAÇÃO
2025,1510,POLÍCIA CIVIL DO ESTADO DE MINAS GERAIS - PCMG,3,0,1511,POLÍCIA CIVIL DO ESTADO DE MINAS GERAIS - PCMG,3,3,90,30,10,1,10281,6,181,32,4,61,4061,1,9587517.00,9587517.00,9587517.00,0,PERÍCIAS TÉCNICO-CIENTÍFICAS,INVESTIGAÇÃO
2025,1510,POLÍCIA CIVIL DO ESTADO DE MINAS GERAIS - PCMG,3,0,1511,POLÍCIA CIVIL DO ESTADO DE MINAS GERAIS - PCMG,3,3,90,37,10,1,10281,6,181,32,4,61,4061,1,2784000.00,2784000.00,2784000.00,0,PERÍCIAS TÉCNICO-CIENTÍFICAS,INVESTIGAÇÃO
2025,1510,POLÍCIA CIVIL DO ESTADO DE MINAS GERAIS - PCMG,3,0,1511,POLÍCIA CIVIL DO ESTADO DE MINAS GERAIS - PCMG,3,3,90,39,10,1,10281,6,181,32,4,61,4061,1,5691246.00,5691246.00,5691246.00,0,PERÍCIAS TÉCNICO-CIENTÍFICAS,INVESTIGAÇÃO
2025,1510,POLÍCIA CIVIL DO ESTADO DE MINAS GERAIS - PCMG,3,0,1511,POLÍCIA CIVIL DO ESTADO DE MINAS GERAIS - PCMG,3,3,90,40,10,1,10281,6,181,32,4,61,4061,1,186000.00,186000.00,186000.00,0,PERÍCIAS TÉCNICO-CIENTÍFICAS,INVESTIGAÇÃO
2025,1510,POLÍCIA CIVIL DO ESTADO DE MINAS GERAIS - PCMG,3,0,1511,POLÍCIA CIVIL DO ESTADO DE MINAS GERAIS - PCMG,4,4,90,40,10,1,10281,6,181,32,4,61,4061,1,1426204.00,1426204.00,1426204.00,0,PERÍCIAS TÉCNICO-CIENTÍFICAS,INVESTIGAÇÃO
2025,1510,POLÍCIA CIVIL DO ESTADO DE MINAS GERAIS - PCMG,3,0,1511,POLÍCIA CIVIL DO ESTADO DE MINAS GERAIS - PCMG,4,4,99,99,10,8,10281,6,181,32,4,61,4061,1,325000.00,325000.00,1090000.00,0,PERÍCIAS TÉCNICO-CIENTÍFICAS,INVESTIGAÇÃO
2025,1510,POLÍCIA CIVIL DO ESTADO DE MINAS GERAIS - PCMG,3,0,1511,POLÍCIA CIVIL DO ESTADO DE MINAS GERAIS - PCMG,3,3,90,30,10,1,10283,6,181,32,4,62,4062,1,4053333.00,4053333.00,4053333.00,0,MODERNIZAÇÃO E AMPLIAÇÃO DO BANCO DE PERFIS GENÉTICOS,INVESTIGAÇÃO
2025,1510,POLÍCIA CIVIL DO ESTADO DE MINAS GERAIS - PCMG,3,0,1511,POLÍCIA CIVIL DO ESTADO DE MINAS GERAIS - PCMG,3,3,90,39,10,1,10283,6,181,32,4,62,4062,1,281716.00,281716.00,281716.00,0,MODERNIZAÇÃO E AMPLIAÇÃO DO BANCO DE PERFIS GENÉTICOS,INVESTIGAÇÃO
2025,1510,POLÍCIA CIVIL DO ESTADO DE MINAS GERAIS - PCMG,3,0,1511,POLÍCIA CIVIL DO ESTADO DE MINAS GERAIS - PCMG,3,3,90,39,10,1,10286,6,181,32,4,63,4063,1,1000.00,1000.00,1000.00,0,CONSTRUÇÃO NÚCLEO INTEGRADO DE PERÍCIAS,INVESTIGAÇÃO
2025,1510,POLÍCIA CIVIL DO ESTADO DE MINAS GERAIS - PCMG,3,0,1511,POLÍCIA CIVIL DO ESTADO DE MINAS GERAIS - PCMG,3,3,90,39,10,1,10298,6,181,32,4,67,4067,1,1000.00,1000.00,1000.00,1,IMPLANTAÇÃO DO PLANTÃO DIGITAL,INVESTIGAÇÃO
2025,1510,POLÍCIA CIVIL DO ESTADO DE MINAS GERAIS - PCMG,3,0,1511,POLÍCIA CIVIL DO ESTADO DE MINAS GERAIS - PCMG,3,3,90,39,10,1,10294,6,183,36,1,4,1004,1,10001000.00,23001000.00,23001000.00,0,MODERNIZAÇÃO DA IDENTIFICAÇÃO CIVIL E CRIMINAL,IDENTIFICAÇÃO CIVIL E CRIMINAL
2025,1510,POLÍCIA CIVIL DO ESTADO DE MINAS GERAIS - PCMG,3,0,1511,POLÍCIA CIVIL DO ESTADO DE MINAS GERAIS - PCMG,3,3,90,14,10,1,10293,6,422,36,4,65,4065,1,301726.00,301726.00,301726.00,0,IDENTIFICAÇÃO CIVIL E CRIMINAL,IDENTIFICAÇÃO CIVIL E CRIMINAL
2025,1510,POLÍCIA CIVIL DO ESTADO DE MINAS GERAIS - PCMG,3,0,1511,POLÍCIA CIVIL DO ESTADO DE MINAS GERAIS - PCMG,3,3,90,30,10,1,10293,6,422,36,4,65,4065,1,70890.00,70890.00,70890.00,0,IDENTIFICAÇÃO CIVIL E CRIMINAL,IDENTIFICAÇÃO CIVIL E CRIMINAL
2025,1510,POLÍCIA CIVIL DO ESTADO DE MINAS GERAIS - PCMG,3,0,1511,POLÍCIA CIVIL DO ESTADO DE MINAS GERAIS - PCMG,3,3,90,37,10,1,10293,6,422,36,4,65,4065,1,3398605.00,3398605.00,3398605.00,0,IDENTIFICAÇÃO CIVIL E CRIMINAL,IDENTIFICAÇÃO CIVIL E CRIMINAL
2025,1510,POLÍCIA CIVIL DO ESTADO DE MINAS GERAIS - PCMG,3,0,1511,POLÍCIA CIVIL DO ESTADO DE MINAS GERAIS - PCMG,3,3,90,39,10,1,10293,6,422,36,4,65,4065,1,31942199.00,44942199.00,44942199.00,0,IDENTIFICAÇÃO CIVIL E CRIMINAL,IDENTIFICAÇÃO CIVIL E CRIMINAL
2025,1510,POLÍCIA CIVIL DO ESTADO DE MINAS GERAIS - PCMG,3,0,1511,POLÍCIA CIVIL DO ESTADO DE MINAS GERAIS - PCMG,3,3,90,40,10,1,10293,6,422,36,4,65,4065,1,671824.00,671824.00,671824.00,0,IDENTIFICAÇÃO CIVIL E CRIMINAL,IDENTIFICAÇÃO CIVIL E CRIMINAL
2025,1510,POLÍCIA CIVIL DO ESTADO DE MINAS GERAIS - PCMG,3,0,1511,POLÍCIA CIVIL DO ESTADO DE MINAS GERAIS - PCMG,4,4,90,40,10,1,10293,6,422,36,4,65,4065,1,336000.00,336000.00,336000.00,0,IDENTIFICAÇÃO CIVIL E CRIMINAL,IDENTIFICAÇÃO CIVIL E CRIMINAL
2025,1510,POLÍCIA CIVIL DO ESTADO DE MINAS GERAIS - PCMG,3,0,1511,POLÍCIA CIVIL DO ESTADO DE MINAS GERAIS - PCMG,4,4,90,40,25,1,10293,6,422,36,4,65,4065,1,320640.00,320640.00,320640.00,0,IDENTIFICAÇÃO CIVIL E CRIMINAL,IDENTIFICAÇÃO CIVIL E CRIMINAL
2025,1510,POLÍCIA CIVIL DO ESTADO DE MINAS GERAIS - PCMG,3,0,1511,POLÍCIA CIVIL DO ESTADO DE MINAS GERAIS - PCMG,3,3,90,14,10,1,10295,10,302,37,2,8,2008,1,37704.00,37704.00,37704.00,0,SAÚDE DO SERVIDOR,VALORIZAÇÃO E SAÚDE DO SERVIDOR
2025,1510,POLÍCIA CIVIL DO ESTADO DE MINAS GERAIS - PCMG,3,0,1511,POLÍCIA CIVIL DO ESTADO DE MINAS GERAIS - PCMG,3,3,90,30,10,1,10295,10,302,37,2,8,2008,1,330752.00,330752.00,330752.00,0,SAÚDE DO SERVIDOR,VALORIZAÇÃO E SAÚDE DO SERVIDOR
2025,1510,POLÍCIA CIVIL DO ESTADO DE MINAS GERAIS - PCMG,3,0,1511,POLÍCIA CIVIL DO ESTADO DE MINAS GERAIS - PCMG,3,3,90,37,10,1,10295,10,302,37,2,8,2008,1,120000.00,120000.00,120000.00,0,SAÚDE DO SERVIDOR,VALORIZAÇÃO E SAÚDE DO SERVIDOR
2025,1510,POLÍCIA CIVIL DO ESTADO DE MINAS GERAIS - PCMG,3,0,1511,POLÍCIA CIVIL DO ESTADO DE MINAS GERAIS - PCMG,3,3,90,39,10,1,10295,10,302,37,2,8,2008,1,195060.00,195060.00,195060.00,0,SAÚDE DO SERVIDOR,VALORIZAÇÃO E SAÚDE DO SERVIDOR
2025,1510,POLÍCIA CIVIL DO ESTADO DE MINAS GERAIS - PCMG,3,0,1511,POLÍCIA CIVIL DO ESTADO DE MINAS GERAIS - PCMG,3,3,90,40,10,1,10295,10,302,37,2,8,2008,1,780000.00,780000.00,780000.00,0,SAÚDE DO SERVIDOR,VALORIZAÇÃO E SAÚDE DO SERVIDOR
2025,1510,POLÍCIA CIVIL DO ESTADO DE MINAS GERAIS - PCMG,3,0,1511,POLÍCIA CIVIL DO ESTADO DE MINAS GERAIS - PCMG,4,4,90,40,10,1,10295,10,302,37,2,8,2008,1,216000.00,216000.00,216000.00,0,SAÚDE DO SERVIDOR,VALORIZAÇÃO E SAÚDE DO SERVIDOR
2025,1510,POLÍCIA CIVIL DO ESTADO DE MINAS GERAIS - PCMG,3,0,1511,POLÍCIA CIVIL DO ESTADO DE MINAS GERAIS - PCMG,3,1,90,11,10,1,10296,12,368,37,2,11,2011,1,2026046.00,2026046.00,2026046.00,0,COLÉGIO ORDEM E PROGRESSO,VALORIZAÇÃO E SAÚDE DO SERVIDOR
2025,1510,POLÍCIA CIVIL DO ESTADO DE MINAS GERAIS - PCMG,3,0,1511,POLÍCIA CIVIL DO ESTADO DE MINAS GERAIS - PCMG,3,1,90,13,10,1,10296,12,368,37,2,11,2011,1,11927.00,11927.00,11927.00,0,COLÉGIO ORDEM E PROGRESSO,VALORIZAÇÃO E SAÚDE DO SERVIDOR
2025,1510,POLÍCIA CIVIL DO ESTADO DE MINAS GERAIS - PCMG,3,0,1511,POLÍCIA CIVIL DO ESTADO DE MINAS GERAIS - PCMG,3,1,90,16,10,1,10296,12,368,37,2,11,2011,1,210101.00,210101.00,210101.00,0,COLÉGIO ORDEM E PROGRESSO,VALORIZAÇÃO E SAÚDE DO SERVIDOR
2025,1510,POLÍCIA CIVIL DO ESTADO DE MINAS GERAIS - PCMG,3,0,1511,POLÍCIA CIVIL DO ESTADO DE MINAS GERAIS - PCMG,3,1,91,13,10,1,10296,12,368,37,2,11,2011,1,795869.00,795869.00,795869.00,0,COLÉGIO ORDEM E PROGRESSO,VALORIZAÇÃO E SAÚDE DO SERVIDOR
2025,1510,POLÍCIA CIVIL DO ESTADO DE MINAS GERAIS - PCMG,3,0,1511,POLÍCIA CIVIL DO ESTADO DE MINAS GERAIS - PCMG,3,3,90,19,10,7,10296,12,368,37,2,11,2011,1,111282.00,111282.00,111282.00,0,COLÉGIO ORDEM E PROGRESSO,VALORIZAÇÃO E SAÚDE DO SERVIDOR
2025,1510,POLÍCIA CIVIL DO ESTADO DE MINAS GERAIS - PCMG,3,0,1511,POLÍCIA CIVIL DO ESTADO DE MINAS GERAIS - PCMG,3,3,90,37,10,1,10296,12,368,37,2,11,2011,1,210000.00,210000.00,210000.00,0,COLÉGIO ORDEM E PROGRESSO,VALORIZAÇÃO E SAÚDE DO SERVIDOR
2025,1510,POLÍCIA CIVIL DO ESTADO DE MINAS GERAIS - PCMG,3,0,1511,POLÍCIA CIVIL DO ESTADO DE MINAS GERAIS - PCMG,3,3,90,39,10,1,10296,12,368,37,2,11,2011,1,140875.00,140875.00,140875.00,0,COLÉGIO ORDEM E PROGRESSO,VALORIZAÇÃO E SAÚDE DO SERVIDOR
2025,1510,POLÍCIA CIVIL DO ESTADO DE MINAS GERAIS - PCMG,3,0,1511,POLÍCIA CIVIL DO ESTADO DE MINAS GERAIS - PCMG,3,3,90,40,10,1,10296,12,368,37,2,11,2011,1,18000.00,18000.00,18000.00,0,COLÉGIO ORDEM E PROGRESSO,VALORIZAÇÃO E SAÚDE DO SERVIDOR
2025,1510,POLÍCIA CIVIL DO ESTADO DE MINAS GERAIS - PCMG,3,0,1511,POLÍCIA CIVIL DO ESTADO DE MINAS GERAIS - PCMG,3,3,90,46,10,7,10296,12,368,37,2,11,2011,1,179195.00,179195.00,179195.00,0,COLÉGIO ORDEM E PROGRESSO,VALORIZAÇÃO E SAÚDE DO SERVIDOR
2025,1510,POLÍCIA CIVIL DO ESTADO DE MINAS GERAIS - PCMG,3,0,1511,POLÍCIA CIVIL DO ESTADO DE MINAS GERAIS - PCMG,3,3,90,49,10,7,10296,12,368,37,2,11,2011,1,13602.00,13602.00,13602.00,0,COLÉGIO ORDEM E PROGRESSO,VALORIZAÇÃO E SAÚDE DO SERVIDOR
2025,1520,CONTROLADORIA-GERAL DO ESTADO - CGE,3,0,1521,CONTROLADORIA-GERAL DO ESTADO - CGE,3,1,90,11,10,1,11055,4,122,705,2,417,2417,1,44631165.00,44631165.00,44631165.00,0,REMUNERAÇÃO DE PESSOAL ATIVO E ENCARGOS SOCIAIS,APOIO ÀS POLÍTICAS PÚBLICAS
2025,1520,CONTROLADORIA-GERAL DO ESTADO - CGE,3,0,1521,CONTROLADORIA-GERAL DO ESTADO - CGE,3,1,90,13,10,1,11055,4,122,705,2,417,2417,1,223000.00,223000.00,223000.00,0,REMUNERAÇÃO DE PESSOAL ATIVO E ENCARGOS SOCIAIS,APOIO ÀS POLÍTICAS PÚBLICAS
2025,1520,CONTROLADORIA-GERAL DO ESTADO - CGE,3,0,1521,CONTROLADORIA-GERAL DO ESTADO - CGE,3,1,90,16,10,1,11055,4,122,705,2,417,2417,1,523000.00,523000.00,523000.00,0,REMUNERAÇÃO DE PESSOAL ATIVO E ENCARGOS SOCIAIS,APOIO ÀS POLÍTICAS PÚBLICAS
2025,1520,CONTROLADORIA-GERAL DO ESTADO - CGE,3,0,1521,CONTROLADORIA-GERAL DO ESTADO - CGE,3,1,90,96,10,1,11055,4,122,705,2,417,2417,1,990000.00,990000.00,990000.00,0,REMUNERAÇÃO DE PESSOAL ATIVO E ENCARGOS SOCIAIS,APOIO ÀS POLÍTICAS PÚBLICAS
2025,1520,CONTROLADORIA-GERAL DO ESTADO - CGE,3,0,1521,CONTROLADORIA-GERAL DO ESTADO - CGE,3,1,91,13,10,1,11055,4,122,705,2,417,2417,1,17951592.00,17951592.00,17951592.00,0,REMUNERAÇÃO DE PESSOAL ATIVO E ENCARGOS SOCIAIS,APOIO ÀS POLÍTICAS PÚBLICAS
2025,1520,CONTROLADORIA-GERAL DO ESTADO - CGE,3,0,1521,CONTROLADORIA-GERAL DO ESTADO - CGE,3,3,90,19,10,7,11055,4,122,705,2,417,2417,1,7000.00,7000.00,7000.00,0,REMUNERAÇÃO DE PESSOAL ATIVO E ENCARGOS SOCIAIS,APOIO ÀS POLÍTICAS PÚBLICAS
2025,1520,CONTROLADORIA-GERAL DO ESTADO - CGE,3,0,1521,CONTROLADORIA-GERAL DO ESTADO - CGE,3,3,90,36,10,1,11055,4,122,705,2,417,2417,1,187200.00,187200.00,187200.00,0,REMUNERAÇÃO DE PESSOAL ATIVO E ENCARGOS SOCIAIS,APOIO ÀS POLÍTICAS PÚBLICAS
2025,1520,CONTROLADORIA-GERAL DO ESTADO - CGE,3,0,1521,CONTROLADORIA-GERAL DO ESTADO - CGE,3,3,90,46,10,7,11055,4,122,705,2,417,2417,1,3590277.00,3590277.00,3590277.00,0,REMUNERAÇÃO DE PESSOAL ATIVO E ENCARGOS SOCIAIS,APOIO ÀS POLÍTICAS PÚBLICAS
2025,1520,CONTROLADORIA-GERAL DO ESTADO - CGE,3,0,1521,CONTROLADORIA-GERAL DO ESTADO - CGE,3,3,90,49,10,7,11055,4,122,705,2,417,2417,1,92264.00,92264.00,92264.00,0,REMUNERAÇÃO DE PESSOAL ATIVO E ENCARGOS SOCIAIS,APOIO ÀS POLÍTICAS PÚBLICAS
2025,1520,CONTROLADORIA-GERAL DO ESTADO - CGE,3,0,1521,CONTROLADORIA-GERAL DO ESTADO - CGE,3,3,90,30,10,1,9407,4,122,705,2,500,2500,1,45974.00,45974.00,45974.00,0,ASSESSORAMENTO E GERENCIAMENTO DE POLÍTICAS PÚBLICAS,APOIO ÀS POLÍTICAS PÚBLICAS
2025,1520,CONTROLADORIA-GERAL DO ESTADO - CGE,3,0,1521,CONTROLADORIA-GERAL DO ESTADO - CGE,3,3,90,36,10,1,9407,4,122,705,2,500,2500,1,1000.00,1000.00,1000.00,0,ASSESSORAMENTO E GERENCIAMENTO DE POLÍTICAS PÚBLICAS,APOIO ÀS POLÍTICAS PÚBLICAS
2025,1520,CONTROLADORIA-GERAL DO ESTADO - CGE,3,0,1521,CONTROLADORIA-GERAL DO ESTADO - CGE,3,3,90,37,10,1,9407,4,122,705,2,500,2500,1,1143534.00,1143534.00,1143534.00,0,ASSESSORAMENTO E GERENCIAMENTO DE POLÍTICAS PÚBLICAS,APOIO ÀS POLÍTICAS PÚBLICAS
2025,1520,CONTROLADORIA-GERAL DO ESTADO - CGE,3,0,1521,CONTROLADORIA-GERAL DO ESTADO - CGE,3,3,90,39,10,1,9407,4,122,705,2,500,2500,1,50452.00,50452.00,50452.00,0,ASSESSORAMENTO E GERENCIAMENTO DE POLÍTICAS PÚBLICAS,APOIO ÀS POLÍTICAS PÚBLICAS
2025,1520,CONTROLADORIA-GERAL DO ESTADO - CGE,3,0,1521,CONTROLADORIA-GERAL DO ESTADO - CGE,3,3,90,40,10,1,9407,4,122,705,2,500,2500,1,26782.00,26782.00,26782.00,0,ASSESSORAMENTO E GERENCIAMENTO DE POLÍTICAS PÚBLICAS,APOIO ÀS POLÍTICAS PÚBLICAS
2025,1520,CONTROLADORIA-GERAL DO ESTADO - CGE,3,0,1521,CONTROLADORIA-GERAL DO ESTADO - CGE,3,3,90,49,10,1,9407,4,122,705,2,500,2500,1,6264.00,6264.00,6264.00,0,ASSESSORAMENTO E GERENCIAMENTO DE POLÍTICAS PÚBLICAS,APOIO ÀS POLÍTICAS PÚBLICAS
2025,1520,CONTROLADORIA-GERAL DO ESTADO - CGE,3,0,1521,CONTROLADORIA-GERAL DO ESTADO - CGE,3,3,90,40,10,1,10611,4,124,1,4,304,4304,1,337292.00,337292.00,337292.00,0,PROMOÇÃO DO ACESSO À INFORMAÇÃO E DA TRANSPARÊNCIA,MINAS ÍNTEGRA E TRANSPARENTE
2025,1520,CONTROLADORIA-GERAL DO ESTADO - CGE,3,0,1521,CONTROLADORIA-GERAL DO ESTADO - CGE,4,4,90,40,10,1,10611,4,124,1,4,304,4304,1,2135577.00,2135577.00,2135577.00,0,PROMOÇÃO DO ACESSO À INFORMAÇÃO E DA TRANSPARÊNCIA,MINAS ÍNTEGRA E TRANSPARENTE
2025,1520,CONTROLADORIA-GERAL DO ESTADO - CGE,3,0,1521,CONTROLADORIA-GERAL DO ESTADO - CGE,3,3,90,14,10,1,10612,4,124,1,4,305,4305,1,9975.00,9975.00,9975.00,0,FORTALECIMENTO DA INTEGRIDADE PÚBLICA E PRIVADA,MINAS ÍNTEGRA E TRANSPARENTE
2025,1520,CONTROLADORIA-GERAL DO ESTADO - CGE,3,0,1521,CONTROLADORIA-GERAL DO ESTADO - CGE,3,3,90,33,10,1,10612,4,124,1,4,305,4305,1,5400.00,5400.00,5400.00,0,FORTALECIMENTO DA INTEGRIDADE PÚBLICA E PRIVADA,MINAS ÍNTEGRA E TRANSPARENTE
2025,1520,CONTROLADORIA-GERAL DO ESTADO - CGE,3,0,1521,CONTROLADORIA-GERAL DO ESTADO - CGE,3,3,90,14,10,1,10614,4,124,2,4,307,4307,1,22383.00,22383.00,22383.00,0,FORTALECIMENTO DE SERVIÇOS DE AUDITORIA INTERNA PARA AGREGAR VALOR À GESTÃO PÚBLICA ESTADUAL,AUDITORIA INTERNA PARA O FUTURO
2025,1520,CONTROLADORIA-GERAL DO ESTADO - CGE,3,0,1521,CONTROLADORIA-GERAL DO ESTADO - CGE,3,3,90,33,10,1,10614,4,124,2,4,307,4307,1,5400.00,5400.00,5400.00,0,FORTALECIMENTO DE SERVIÇOS DE AUDITORIA INTERNA PARA AGREGAR VALOR À GESTÃO PÚBLICA ESTADUAL,AUDITORIA INTERNA PARA O FUTURO
2025,1520,CONTROLADORIA-GERAL DO ESTADO - CGE,3,0,1521,CONTROLADORIA-GERAL DO ESTADO - CGE,3,3,90,93,10,1,10615,4,124,2,4,308,4308,1,10000.00,10000.00,10000.00,0,APRIMORAMENTO DA CAPACIDADE DE AUDITORIA INTERNA NOS PADRÕES INTERNACIONAIS,AUDITORIA INTERNA PARA O FUTURO
2025,1520,CONTROLADORIA-GERAL DO ESTADO - CGE,3,0,1521,CONTROLADORIA-GERAL DO ESTADO - CGE,3,3,90,39,10,1,10616,4,124,2,4,309,4309,1,18643.00,18643.00,18643.00,0,ESTRUTURAÇÃO TECNOLÓGICA E INSTITUCIONALIZAÇÃO DA AUDITORIA CONTÍNUA,AUDITORIA INTERNA PARA O FUTURO
2025,1520,CONTROLADORIA-GERAL DO ESTADO - CGE,3,0,1521,CONTROLADORIA-GERAL DO ESTADO - CGE,3,3,90,40,10,1,10616,4,124,2,4,309,4309,1,107948.00,107948.00,107948.00,0,ESTRUTURAÇÃO TECNOLÓGICA E INSTITUCIONALIZAÇÃO DA AUDITORIA CONTÍNUA,AUDITORIA INTERNA PARA O FUTURO
2025,1520,CONTROLADORIA-GERAL DO ESTADO - CGE,3,0,1521,CONTROLADORIA-GERAL DO ESTADO - CGE,3,3,90,40,10,1,10610,4,124,3,4,303,4303,1,395848.00,395848.00,395848.00,0,EXECUÇÃO DE AÇÕES INVESTIGATIVAS E RECUPERAÇÃO DE ATIVOS,ENFRENTAMENTO DA CORRUPÇÃO E RECUPERAÇÃO DE ATIVOS
2025,1520,CONTROLADORIA-GERAL DO ESTADO - CGE,3,0,1521,CONTROLADORIA-GERAL DO ESTADO - CGE,3,3,90,14,10,1,10617,4,124,3,4,310,4310,1,4988.00,4988.00,4988.00,0,FORTALECIMENTO DA PREVENÇÃO A ILÍCITOS ADMINISTRATIVOS,ENFRENTAMENTO DA CORRUPÇÃO E RECUPERAÇÃO DE ATIVOS
2025,1520,CONTROLADORIA-GERAL DO ESTADO - CGE,3,0,1521,CONTROLADORIA-GERAL DO ESTADO - CGE,3,3,90,33,10,1,10617,4,124,3,4,310,4310,1,2700.00,2700.00,2700.00,0,FORTALECIMENTO DA PREVENÇÃO A ILÍCITOS ADMINISTRATIVOS,ENFRENTAMENTO DA CORRUPÇÃO E RECUPERAÇÃO DE ATIVOS
2025,1520,CONTROLADORIA-GERAL DO ESTADO - CGE,3,0,1521,CONTROLADORIA-GERAL DO ESTADO - CGE,3,3,90,14,10,1,10618,4,124,3,4,311,4311,1,4988.00,4988.00,4988.00,0,APURAÇÃO DE RESPONSABILIDADE DE AGENTES PÚBLICOS E PESSOAS JURÍDICAS,ENFRENTAMENTO DA CORRUPÇÃO E RECUPERAÇÃO DE ATIVOS
2025,1520,CONTROLADORIA-GERAL DO ESTADO - CGE,3,0,1521,CONTROLADORIA-GERAL DO ESTADO - CGE,3,3,90,33,10,1,10618,4,124,3,4,311,4311,1,2700.00,2700.00,2700.00,0,APURAÇÃO DE RESPONSABILIDADE DE AGENTES PÚBLICOS E PESSOAS JURÍDICAS,ENFRENTAMENTO DA CORRUPÇÃO E RECUPERAÇÃO DE ATIVOS
2025,1520,CONTROLADORIA-GERAL DO ESTADO - CGE,3,0,1521,CONTROLADORIA-GERAL DO ESTADO - CGE,3,3,90,14,10,1,10619,4,124,4,4,312,4312,1,71205.00,71205.00,71205.00,0,FORTALECIMENTO DO CONTROLE INTERNO E DAS REDES DE CONTROLE,CGE INTEGRADA E EFICIENTE
2025,1520,CONTROLADORIA-GERAL DO ESTADO - CGE,3,0,1521,CONTROLADORIA-GERAL DO ESTADO - CGE,3,3,90,15,10,1,10619,4,124,4,4,312,4312,1,5320.00,5320.00,5320.00,0,FORTALECIMENTO DO CONTROLE INTERNO E DAS REDES DE CONTROLE,CGE INTEGRADA E EFICIENTE
2025,1520,CONTROLADORIA-GERAL DO ESTADO - CGE,3,0,1521,CONTROLADORIA-GERAL DO ESTADO - CGE,3,3,90,30,10,1,10619,4,124,4,4,312,4312,1,900.00,900.00,900.00,0,FORTALECIMENTO DO CONTROLE INTERNO E DAS REDES DE CONTROLE,CGE INTEGRADA E EFICIENTE
2025,1520,CONTROLADORIA-GERAL DO ESTADO - CGE,3,0,1521,CONTROLADORIA-GERAL DO ESTADO - CGE,3,3,90,33,10,1,10619,4,124,4,4,312,4312,1,88800.00,88800.00,88800.00,0,FORTALECIMENTO DO CONTROLE INTERNO E DAS REDES DE CONTROLE,CGE INTEGRADA E EFICIENTE
2025,1520,CONTROLADORIA-GERAL DO ESTADO - CGE,3,0,1521,CONTROLADORIA-GERAL DO ESTADO - CGE,3,3,90,35,10,1,10619,4,124,4,4,312,4312,1,1000.00,1000.00,1000.00,0,FORTALECIMENTO DO CONTROLE INTERNO E DAS REDES DE CONTROLE,CGE INTEGRADA E EFICIENTE
2025,1520,CONTROLADORIA-GERAL DO ESTADO - CGE,3,0,1521,CONTROLADORIA-GERAL DO ESTADO - CGE,3,3,90,39,10,1,10619,4,124,4,4,312,4312,1,20000.00,20000.00,20000.00,0,FORTALECIMENTO DO CONTROLE INTERNO E DAS REDES DE CONTROLE,CGE INTEGRADA E EFICIENTE
2025,1520,CONTROLADORIA-GERAL DO ESTADO - CGE,3,0,1521,CONTROLADORIA-GERAL DO ESTADO - CGE,3,3,90,39,59,1,10619,4,124,4,4,312,4312,1,30000.00,30000.00,30000.00,0,FORTALECIMENTO DO CONTROLE INTERNO E DAS REDES DE CONTROLE,CGE INTEGRADA E EFICIENTE
2025,1520,CONTROLADORIA-GERAL DO ESTADO - CGE,3,0,1521,CONTROLADORIA-GERAL DO ESTADO - CGE,3,3,90,31,10,1,10620,4,124,4,4,313,4313,1,3100.00,3100.00,3100.00,0,COORDENAÇÃO DAS UNIDADES DESCENTRALIZADAS DA CGE,CGE INTEGRADA E EFICIENTE
2025,1520,CONTROLADORIA-GERAL DO ESTADO - CGE,3,0,1521,CONTROLADORIA-GERAL DO ESTADO - CGE,3,3,90,40,10,1,10621,4,126,4,4,314,4314,1,218538.00,218538.00,218538.00,0,GOVERNANÇA TIC PARA O CONTROLE INTERNO,CGE INTEGRADA E EFICIENTE
2025,1520,CONTROLADORIA-GERAL DO ESTADO - CGE,3,0,1521,CONTROLADORIA-GERAL DO ESTADO - CGE,3,3,90,39,10,1,10613,14,422,1,4,306,4306,1,10000.00,10000.00,10000.00,0,FOMENTO AO CONTROLE SOCIAL,MINAS ÍNTEGRA E TRANSPARENTE
2025,1540,ESCOLA DE SAÚDE PÚBLICA DO ESTADO DE MINAS GERAIS - ESP MG,3,0,1541,ESCOLA DE SAÚDE PÚBLICA DO ESTADO DE MINAS GERAIS - ESP MG,3,1,90,11,10,1,11176,10,122,705,2,417,2417,1,11109087.00,11109087.00,11109087.00,0,REMUNERAÇÃO DE PESSOAL ATIVO E ENCARGOS SOCIAIS,APOIO ÀS POLÍTICAS PÚBLICAS
2025,1540,ESCOLA DE SAÚDE PÚBLICA DO ESTADO DE MINAS GERAIS - ESP MG,3,0,1541,ESCOLA DE SAÚDE PÚBLICA DO ESTADO DE MINAS GERAIS - ESP MG,3,1,91,13,10,1,11176,10,122,705,2,417,2417,1,4492326.00,4492326.00,4492326.00,0,REMUNERAÇÃO DE PESSOAL ATIVO E ENCARGOS SOCIAIS,APOIO ÀS POLÍTICAS PÚBLICAS
2025,1540,ESCOLA DE SAÚDE PÚBLICA DO ESTADO DE MINAS GERAIS - ESP MG,3,0,1541,ESCOLA DE SAÚDE PÚBLICA DO ESTADO DE MINAS GERAIS - ESP MG,3,3,90,46,10,7,11176,10,122,705,2,417,2417,1,1296258.00,1296258.00,1296258.00,0,REMUNERAÇÃO DE PESSOAL ATIVO E ENCARGOS SOCIAIS,APOIO ÀS POLÍTICAS PÚBLICAS
2025,1540,ESCOLA DE SAÚDE PÚBLICA DO ESTADO DE MINAS GERAIS - ESP MG,3,0,1541,ESCOLA DE SAÚDE PÚBLICA DO ESTADO DE MINAS GERAIS - ESP MG,3,3,90,49,10,7,11176,10,122,705,2,417,2417,1,13094.00,13094.00,13094.00,0,REMUNERAÇÃO DE PESSOAL ATIVO E ENCARGOS SOCIAIS,APOIO ÀS POLÍTICAS PÚBLICAS
2025,1540,ESCOLA DE SAÚDE PÚBLICA DO ESTADO DE MINAS GERAIS - ESP MG,3,0,1541,ESCOLA DE SAÚDE PÚBLICA DO ESTADO DE MINAS GERAIS - ESP MG,3,3,90,14,10,1,9159,10,122,705,2,500,2500,1,6650.00,6650.00,6650.00,0,ASSESSORAMENTO E GERENCIAMENTO DE POLÍTICAS PÚBLICAS,APOIO ÀS POLÍTICAS PÚBLICAS
2025,1540,ESCOLA DE SAÚDE PÚBLICA DO ESTADO DE MINAS GERAIS - ESP MG,3,0,1541,ESCOLA DE SAÚDE PÚBLICA DO ESTADO DE MINAS GERAIS - ESP MG,3,3,90,30,10,1,9159,10,122,705,2,500,2500,1,49294.00,49294.00,49294.00,0,ASSESSORAMENTO E GERENCIAMENTO DE POLÍTICAS PÚBLICAS,APOIO ÀS POLÍTICAS PÚBLICAS
2025,1540,ESCOLA DE SAÚDE PÚBLICA DO ESTADO DE MINAS GERAIS - ESP MG,3,0,1541,ESCOLA DE SAÚDE PÚBLICA DO ESTADO DE MINAS GERAIS - ESP MG,3,3,90,33,10,1,9159,10,122,705,2,500,2500,1,62000.00,62000.00,62000.00,0,ASSESSORAMENTO E GERENCIAMENTO DE POLÍTICAS PÚBLICAS,APOIO ÀS POLÍTICAS PÚBLICAS
2025,1540,ESCOLA DE SAÚDE PÚBLICA DO ESTADO DE MINAS GERAIS - ESP MG,3,0,1541,ESCOLA DE SAÚDE PÚBLICA DO ESTADO DE MINAS GERAIS - ESP MG,3,3,90,37,10,1,9159,10,122,705,2,500,2500,1,1069205.00,1069205.00,1069205.00,0,ASSESSORAMENTO E GERENCIAMENTO DE POLÍTICAS PÚBLICAS,APOIO ÀS POLÍTICAS PÚBLICAS
2025,1540,ESCOLA DE SAÚDE PÚBLICA DO ESTADO DE MINAS GERAIS - ESP MG,3,0,1541,ESCOLA DE SAÚDE PÚBLICA DO ESTADO DE MINAS GERAIS - ESP MG,3,3,90,39,10,1,9159,10,122,705,2,500,2500,1,654102.00,654102.00,654102.00,0,ASSESSORAMENTO E GERENCIAMENTO DE POLÍTICAS PÚBLICAS,APOIO ÀS POLÍTICAS PÚBLICAS
2025,1540,ESCOLA DE SAÚDE PÚBLICA DO ESTADO DE MINAS GERAIS - ESP MG,3,0,1541,ESCOLA DE SAÚDE PÚBLICA DO ESTADO DE MINAS GERAIS - ESP MG,3,3,90,40,10,1,9159,10,122,705,2,500,2500,1,850553.00,850553.00,850553.00,0,ASSESSORAMENTO E GERENCIAMENTO DE POLÍTICAS PÚBLICAS,APOIO ÀS POLÍTICAS PÚBLICAS
2025,1540,ESCOLA DE SAÚDE PÚBLICA DO ESTADO DE MINAS GERAIS - ESP MG,3,0,1541,ESCOLA DE SAÚDE PÚBLICA DO ESTADO DE MINAS GERAIS - ESP MG,4,4,90,52,10,1,9159,10,122,705,2,500,2500,1,398265.00,398265.00,398265.00,0,ASSESSORAMENTO E GERENCIAMENTO DE POLÍTICAS PÚBLICAS,APOIO ÀS POLÍTICAS PÚBLICAS
2025,1540,ESCOLA DE SAÚDE PÚBLICA DO ESTADO DE MINAS GERAIS - ESP MG,3,0,1541,ESCOLA DE SAÚDE PÚBLICA DO ESTADO DE MINAS GERAIS - ESP MG,3,3,90,14,10,1,10266,10,128,28,4,49,4049,1,74328.00,74328.00,74328.00,0,AÇÕES EDUCACIONAIS NA ÁREA DA SAÚDE,DESENVOLVIMENTO DE AÇÕES DE EDUCAÇÃO E PESQUISA PARA O SISTEMA ÚNICO DE SAÚDE
2025,1540,ESCOLA DE SAÚDE PÚBLICA DO ESTADO DE MINAS GERAIS - ESP MG,3,0,1541,ESCOLA DE SAÚDE PÚBLICA DO ESTADO DE MINAS GERAIS - ESP MG,3,3,90,33,10,1,10266,10,128,28,4,49,4049,1,115800.00,115800.00,115800.00,0,AÇÕES EDUCACIONAIS NA ÁREA DA SAÚDE,DESENVOLVIMENTO DE AÇÕES DE EDUCAÇÃO E PESQUISA PARA O SISTEMA ÚNICO DE SAÚDE
2025,1540,ESCOLA DE SAÚDE PÚBLICA DO ESTADO DE MINAS GERAIS - ESP MG,3,0,1541,ESCOLA DE SAÚDE PÚBLICA DO ESTADO DE MINAS GERAIS - ESP MG,3,3,90,36,10,1,10266,10,128,28,4,49,4049,1,935750.00,935750.00,935750.00,0,AÇÕES EDUCACIONAIS NA ÁREA DA SAÚDE,DESENVOLVIMENTO DE AÇÕES DE EDUCAÇÃO E PESQUISA PARA O SISTEMA ÚNICO DE SAÚDE
2025,1540,ESCOLA DE SAÚDE PÚBLICA DO ESTADO DE MINAS GERAIS - ESP MG,3,0,1541,ESCOLA DE SAÚDE PÚBLICA DO ESTADO DE MINAS GERAIS - ESP MG,3,3,90,37,10,1,10266,10,128,28,4,49,4049,1,567827.00,567827.00,567827.00,0,AÇÕES EDUCACIONAIS NA ÁREA DA SAÚDE,DESENVOLVIMENTO DE AÇÕES DE EDUCAÇÃO E PESQUISA PARA O SISTEMA ÚNICO DE SAÚDE
2025,1540,ESCOLA DE SAÚDE PÚBLICA DO ESTADO DE MINAS GERAIS - ESP MG,3,0,1541,ESCOLA DE SAÚDE PÚBLICA DO ESTADO DE MINAS GERAIS - ESP MG,3,3,90,39,10,1,10266,10,128,28,4,49,4049,1,707136.00,707136.00,707136.00,0,AÇÕES EDUCACIONAIS NA ÁREA DA SAÚDE,DESENVOLVIMENTO DE AÇÕES DE EDUCAÇÃO E PESQUISA PARA O SISTEMA ÚNICO DE SAÚDE
2025,1540,ESCOLA DE SAÚDE PÚBLICA DO ESTADO DE MINAS GERAIS - ESP MG,3,0,1541,ESCOLA DE SAÚDE PÚBLICA DO ESTADO DE MINAS GERAIS - ESP MG,3,3,90,40,10,1,10266,10,128,28,4,49,4049,1,68450.00,68450.00,68450.00,0,AÇÕES EDUCACIONAIS NA ÁREA DA SAÚDE,DESENVOLVIMENTO DE AÇÕES DE EDUCAÇÃO E PESQUISA PARA O SISTEMA ÚNICO DE SAÚDE
2025,1540,ESCOLA DE SAÚDE PÚBLICA DO ESTADO DE MINAS GERAIS - ESP MG,3,0,1541,ESCOLA DE SAÚDE PÚBLICA DO ESTADO DE MINAS GERAIS - ESP MG,4,4,90,40,10,1,10266,10,128,28,4,49,4049,1,1401735.00,1401735.00,1401735.00,0,AÇÕES EDUCACIONAIS NA ÁREA DA SAÚDE,DESENVOLVIMENTO DE AÇÕES DE EDUCAÇÃO E PESQUISA PARA O SISTEMA ÚNICO DE SAÚDE
2025,1540,ESCOLA DE SAÚDE PÚBLICA DO ESTADO DE MINAS GERAIS - ESP MG,3,0,1541,ESCOLA DE SAÚDE PÚBLICA DO ESTADO DE MINAS GERAIS - ESP MG,3,3,90,14,10,1,10267,10,128,28,4,50,4050,1,96722.00,96722.00,96722.00,0,PRODUÇÃO CIENTÍFICA NO CAMPO DA SAÚDE,DESENVOLVIMENTO DE AÇÕES DE EDUCAÇÃO E PESQUISA PARA O SISTEMA ÚNICO DE SAÚDE
2025,1540,ESCOLA DE SAÚDE PÚBLICA DO ESTADO DE MINAS GERAIS - ESP MG,3,0,1541,ESCOLA DE SAÚDE PÚBLICA DO ESTADO DE MINAS GERAIS - ESP MG,3,3,90,20,10,1,10267,10,128,28,4,50,4050,1,5600.00,5600.00,5600.00,0,PRODUÇÃO CIENTÍFICA NO CAMPO DA SAÚDE,DESENVOLVIMENTO DE AÇÕES DE EDUCAÇÃO E PESQUISA PARA O SISTEMA ÚNICO DE SAÚDE
2025,1540,ESCOLA DE SAÚDE PÚBLICA DO ESTADO DE MINAS GERAIS - ESP MG,3,0,1541,ESCOLA DE SAÚDE PÚBLICA DO ESTADO DE MINAS GERAIS - ESP MG,3,3,90,33,10,1,10267,10,128,28,4,50,4050,1,118900.00,118900.00,118900.00,0,PRODUÇÃO CIENTÍFICA NO CAMPO DA SAÚDE,DESENVOLVIMENTO DE AÇÕES DE EDUCAÇÃO E PESQUISA PARA O SISTEMA ÚNICO DE SAÚDE
2025,1540,ESCOLA DE SAÚDE PÚBLICA DO ESTADO DE MINAS GERAIS - ESP MG,3,0,1541,ESCOLA DE SAÚDE PÚBLICA DO ESTADO DE MINAS GERAIS - ESP MG,3,3,90,37,10,1,10267,10,128,28,4,50,4050,1,676147.00,676147.00,676147.00,0,PRODUÇÃO CIENTÍFICA NO CAMPO DA SAÚDE,DESENVOLVIMENTO DE AÇÕES DE EDUCAÇÃO E PESQUISA PARA O SISTEMA ÚNICO DE SAÚDE
2025,1540,ESCOLA DE SAÚDE PÚBLICA DO ESTADO DE MINAS GERAIS - ESP MG,3,0,1541,ESCOLA DE SAÚDE PÚBLICA DO ESTADO DE MINAS GERAIS - ESP MG,3,3,90,39,10,1,10267,10,128,28,4,50,4050,1,141536.00,141536.00,141536.00,0,PRODUÇÃO CIENTÍFICA NO CAMPO DA SAÚDE,DESENVOLVIMENTO DE AÇÕES DE EDUCAÇÃO E PESQUISA PARA O SISTEMA ÚNICO DE SAÚDE
2025,1630,GOVERNADORIA DO ESTADO - GOVERNADORIA,3,0,1631,SECRETARIA-GERAL - SEC. GERAL,3,3,90,14,10,1,10220,4,122,11,4,7,4007,1,182000.00,182000.00,182000.00,0,"INFORMAÇÃO, COORDENAÇÃO E SUPORTE À GOVERNADORIA E VICE-GOVERNADORIA",ASSESSORAMENTO TÉCNICO E ADMINISTRATIVO AO GOVERNADOR E VICE-GOVERNADOR
2025,1630,GOVERNADORIA DO ESTADO - GOVERNADORIA,3,0,1631,SECRETARIA-GERAL - SEC. GERAL,3,3,90,36,10,1,10220,4,122,11,4,7,4007,1,8800.00,8800.00,8800.00,0,"INFORMAÇÃO, COORDENAÇÃO E SUPORTE À GOVERNADORIA E VICE-GOVERNADORIA",ASSESSORAMENTO TÉCNICO E ADMINISTRATIVO AO GOVERNADOR E VICE-GOVERNADOR
2025,1630,GOVERNADORIA DO ESTADO - GOVERNADORIA,3,0,1631,SECRETARIA-GERAL - SEC. GERAL,3,3,90,37,10,1,10220,4,122,11,4,7,4007,1,388932.00,388932.00,388932.00,0,"INFORMAÇÃO, COORDENAÇÃO E SUPORTE À GOVERNADORIA E VICE-GOVERNADORIA",ASSESSORAMENTO TÉCNICO E ADMINISTRATIVO AO GOVERNADOR E VICE-GOVERNADOR
2025,1630,GOVERNADORIA DO ESTADO - GOVERNADORIA,3,0,1631,SECRETARIA-GERAL - SEC. GERAL,3,1,90,11,10,1,11074,4,122,705,2,417,2417,1,6870570.00,6870570.00,6870570.00,0,REMUNERAÇÃO DE PESSOAL ATIVO E ENCARGOS SOCIAIS,APOIO ÀS POLÍTICAS PÚBLICAS
2025,1630,GOVERNADORIA DO ESTADO - GOVERNADORIA,3,0,1631,SECRETARIA-GERAL - SEC. GERAL,3,1,90,13,10,1,11074,4,122,705,2,417,2417,1,816000.00,816000.00,816000.00,0,REMUNERAÇÃO DE PESSOAL ATIVO E ENCARGOS SOCIAIS,APOIO ÀS POLÍTICAS PÚBLICAS
2025,1630,GOVERNADORIA DO ESTADO - GOVERNADORIA,3,0,1631,SECRETARIA-GERAL - SEC. GERAL,3,1,91,13,10,1,11074,4,122,705,2,417,2417,1,563724.00,563724.00,563724.00,0,REMUNERAÇÃO DE PESSOAL ATIVO E ENCARGOS SOCIAIS,APOIO ÀS POLÍTICAS PÚBLICAS
2025,1630,GOVERNADORIA DO ESTADO - GOVERNADORIA,3,0,1631,SECRETARIA-GERAL - SEC. GERAL,3,3,90,46,10,7,11074,4,122,705,2,417,2417,1,519772.00,519772.00,519772.00,0,REMUNERAÇÃO DE PESSOAL ATIVO E ENCARGOS SOCIAIS,APOIO ÀS POLÍTICAS PÚBLICAS
2025,1630,GOVERNADORIA DO ESTADO - GOVERNADORIA,3,0,1631,SECRETARIA-GERAL - SEC. GERAL,3,3,90,49,10,7,11074,4,122,705,2,417,2417,1,50000.00,50000.00,50000.00,0,REMUNERAÇÃO DE PESSOAL ATIVO E ENCARGOS SOCIAIS,APOIO ÀS POLÍTICAS PÚBLICAS
2025,1630,GOVERNADORIA DO ESTADO - GOVERNADORIA,3,0,1631,SECRETARIA-GERAL - SEC. GERAL,3,3,90,14,10,1,9592,4,122,705,2,500,2500,1,337000.00,337000.00,337000.00,0,ASSESSORAMENTO E GERENCIAMENTO DE POLÍTICAS PÚBLICAS,APOIO ÀS POLÍTICAS PÚBLICAS
2025,1630,GOVERNADORIA DO ESTADO - GOVERNADORIA,3,0,1631,SECRETARIA-GERAL - SEC. GERAL,3,3,90,33,10,1,9592,4,122,705,2,500,2500,1,3300.00,3300.00,3300.00,0,ASSESSORAMENTO E GERENCIAMENTO DE POLÍTICAS PÚBLICAS,APOIO ÀS POLÍTICAS PÚBLICAS
2025,1630,GOVERNADORIA DO ESTADO - GOVERNADORIA,3,0,1631,SECRETARIA-GERAL - SEC. GERAL,3,3,90,36,10,1,9592,4,122,705,2,500,2500,1,44000.00,44000.00,44000.00,0,ASSESSORAMENTO E GERENCIAMENTO DE POLÍTICAS PÚBLICAS,APOIO ÀS POLÍTICAS PÚBLICAS
2025,1630,GOVERNADORIA DO ESTADO - GOVERNADORIA,3,0,1631,SECRETARIA-GERAL - SEC. GERAL,3,3,90,37,10,1,9592,4,122,705,2,500,2500,1,865032.00,865032.00,865032.00,0,ASSESSORAMENTO E GERENCIAMENTO DE POLÍTICAS PÚBLICAS,APOIO ÀS POLÍTICAS PÚBLICAS
2025,1630,GOVERNADORIA DO ESTADO - GOVERNADORIA,3,0,1631,SECRETARIA-GERAL - SEC. GERAL,4,4,90,52,10,1,9592,4,122,705,2,500,2500,1,4500.00,4500.00,4500.00,0,ASSESSORAMENTO E GERENCIAMENTO DE POLÍTICAS PÚBLICAS,APOIO ÀS POLÍTICAS PÚBLICAS
2025,1710,SECRETARIA DE ESTADO DE COMUNICAÇÃO SOCIAL - SECOM,3,0,1711,SECRETARIA DE ESTADO DE COMUNICAÇÃO SOCIAL - SECOM,3,1,90,11,10,1,11080,4,122,705,2,417,2417,1,8536307.00,8536307.00,8536307.00,0,REMUNERAÇÃO DE PESSOAL ATIVO E ENCARGOS SOCIAIS,APOIO ÀS POLÍTICAS PÚBLICAS
2025,1710,SECRETARIA DE ESTADO DE COMUNICAÇÃO SOCIAL - SECOM,3,0,1711,SECRETARIA DE ESTADO DE COMUNICAÇÃO SOCIAL - SECOM,3,1,90,13,10,1,11080,4,122,705,2,417,2417,1,1224000.00,1224000.00,1224000.00,0,REMUNERAÇÃO DE PESSOAL ATIVO E ENCARGOS SOCIAIS,APOIO ÀS POLÍTICAS PÚBLICAS
2025,1710,SECRETARIA DE ESTADO DE COMUNICAÇÃO SOCIAL - SECOM,3,0,1711,SECRETARIA DE ESTADO DE COMUNICAÇÃO SOCIAL - SECOM,3,1,91,13,10,1,11080,4,122,705,2,417,2417,1,866496.00,866496.00,866496.00,0,REMUNERAÇÃO DE PESSOAL ATIVO E ENCARGOS SOCIAIS,APOIO ÀS POLÍTICAS PÚBLICAS
2025,1710,SECRETARIA DE ESTADO DE COMUNICAÇÃO SOCIAL - SECOM,3,0,1711,SECRETARIA DE ESTADO DE COMUNICAÇÃO SOCIAL - SECOM,3,3,90,46,10,7,11080,4,122,705,2,417,2417,1,1492324.00,1492324.00,1492324.00,0,REMUNERAÇÃO DE PESSOAL ATIVO E ENCARGOS SOCIAIS,APOIO ÀS POLÍTICAS PÚBLICAS
2025,1710,SECRETARIA DE ESTADO DE COMUNICAÇÃO SOCIAL - SECOM,3,0,1711,SECRETARIA DE ESTADO DE COMUNICAÇÃO SOCIAL - SECOM,3,3,90,49,10,7,11080,4,122,705,2,417,2417,1,52680.00,52680.00,52680.00,0,REMUNERAÇÃO DE PESSOAL ATIVO E ENCARGOS SOCIAIS,APOIO ÀS POLÍTICAS PÚBLICAS
2025,1710,SECRETARIA DE ESTADO DE COMUNICAÇÃO SOCIAL - SECOM,3,0,1711,SECRETARIA DE ESTADO DE COMUNICAÇÃO SOCIAL - SECOM,3,3,90,14,10,1,10871,4,122,705,2,500,2500,1,127380.00,127380.00,127380.00,0,ASSESSORAMENTO E GERENCIAMENTO DE POLÍTICAS PÚBLICAS,APOIO ÀS POLÍTICAS PÚBLICAS
2025,1710,SECRETARIA DE ESTADO DE COMUNICAÇÃO SOCIAL - SECOM,3,0,1711,SECRETARIA DE ESTADO DE COMUNICAÇÃO SOCIAL - SECOM,3,3,90,30,10,1,10871,4,122,705,2,500,2500,1,105669.00,105669.00,105669.00,0,ASSESSORAMENTO E GERENCIAMENTO DE POLÍTICAS PÚBLICAS,APOIO ÀS POLÍTICAS PÚBLICAS
2025,1710,SECRETARIA DE ESTADO DE COMUNICAÇÃO SOCIAL - SECOM,3,0,1711,SECRETARIA DE ESTADO DE COMUNICAÇÃO SOCIAL - SECOM,3,3,90,33,10,1,10871,4,122,705,2,500,2500,1,498000.00,498000.00,498000.00,0,ASSESSORAMENTO E GERENCIAMENTO DE POLÍTICAS PÚBLICAS,APOIO ÀS POLÍTICAS PÚBLICAS
2025,1710,SECRETARIA DE ESTADO DE COMUNICAÇÃO SOCIAL - SECOM,3,0,1711,SECRETARIA DE ESTADO DE COMUNICAÇÃO SOCIAL - SECOM,3,3,90,36,10,1,10871,4,122,705,2,500,2500,1,26400.00,26400.00,26400.00,0,ASSESSORAMENTO E GERENCIAMENTO DE POLÍTICAS PÚBLICAS,APOIO ÀS POLÍTICAS PÚBLICAS
2025,1710,SECRETARIA DE ESTADO DE COMUNICAÇÃO SOCIAL - SECOM,3,0,1711,SECRETARIA DE ESTADO DE COMUNICAÇÃO SOCIAL - SECOM,3,3,90,37,10,1,10871,4,122,705,2,500,2500,1,664979.00,664979.00,664979.00,0,ASSESSORAMENTO E GERENCIAMENTO DE POLÍTICAS PÚBLICAS,APOIO ÀS POLÍTICAS PÚBLICAS
2025,1710,SECRETARIA DE ESTADO DE COMUNICAÇÃO SOCIAL - SECOM,3,0,1711,SECRETARIA DE ESTADO DE COMUNICAÇÃO SOCIAL - SECOM,3,3,90,39,10,1,10871,4,122,705,2,500,2500,1,518088.00,518088.00,518088.00,0,ASSESSORAMENTO E GERENCIAMENTO DE POLÍTICAS PÚBLICAS,APOIO ÀS POLÍTICAS PÚBLICAS
2025,1710,SECRETARIA DE ESTADO DE COMUNICAÇÃO SOCIAL - SECOM,3,0,1711,SECRETARIA DE ESTADO DE COMUNICAÇÃO SOCIAL - SECOM,3,3,90,40,10,1,10871,4,122,705,2,500,2500,1,36532.00,36532.00,36532.00,0,ASSESSORAMENTO E GERENCIAMENTO DE POLÍTICAS PÚBLICAS,APOIO ÀS POLÍTICAS PÚBLICAS
2025,1710,SECRETARIA DE ESTADO DE COMUNICAÇÃO SOCIAL - SECOM,3,0,1711,SECRETARIA DE ESTADO DE COMUNICAÇÃO SOCIAL - SECOM,3,3,90,14,10,1,10241,4,131,18,2,1,2001,1,4248.00,4248.00,4248.00,0,ASSESSORIA DE PUBLICIDADE,COMUNICAÇÃO INSTITUCIONAL E DE UTILIDADE PÚBLICA
2025,1710,SECRETARIA DE ESTADO DE COMUNICAÇÃO SOCIAL - SECOM,3,0,1711,SECRETARIA DE ESTADO DE COMUNICAÇÃO SOCIAL - SECOM,3,3,90,33,10,1,10241,4,131,18,2,1,2001,1,21600.00,21600.00,21600.00,0,ASSESSORIA DE PUBLICIDADE,COMUNICAÇÃO INSTITUCIONAL E DE UTILIDADE PÚBLICA
2025,1710,SECRETARIA DE ESTADO DE COMUNICAÇÃO SOCIAL - SECOM,3,0,1711,SECRETARIA DE ESTADO DE COMUNICAÇÃO SOCIAL - SECOM,3,3,90,37,10,1,10241,4,131,18,2,1,2001,1,1181757.00,1181757.00,1181757.00,0,ASSESSORIA DE PUBLICIDADE,COMUNICAÇÃO INSTITUCIONAL E DE UTILIDADE PÚBLICA
2025,1710,SECRETARIA DE ESTADO DE COMUNICAÇÃO SOCIAL - SECOM,3,0,1711,SECRETARIA DE ESTADO DE COMUNICAÇÃO SOCIAL - SECOM,3,3,90,39,10,1,10241,4,131,18,2,1,2001,1,150411727.00,150411727.00,150411727.00,0,ASSESSORIA DE PUBLICIDADE,COMUNICAÇÃO INSTITUCIONAL E DE UTILIDADE PÚBLICA
2025,1710,SECRETARIA DE ESTADO DE COMUNICAÇÃO SOCIAL - SECOM,3,0,1711,SECRETARIA DE ESTADO DE COMUNICAÇÃO SOCIAL - SECOM,3,3,90,14,10,1,10242,4,131,18,2,2,2002,1,496128.00,496128.00,496128.00,0,ASSESSORIA DE IMPRENSA,COMUNICAÇÃO INSTITUCIONAL E DE UTILIDADE PÚBLICA
2025,1710,SECRETARIA DE ESTADO DE COMUNICAÇÃO SOCIAL - SECOM,3,0,1711,SECRETARIA DE ESTADO DE COMUNICAÇÃO SOCIAL - SECOM,3,3,90,30,10,1,10242,4,131,18,2,2,2002,1,189000.00,189000.00,189000.00,0,ASSESSORIA DE IMPRENSA,COMUNICAÇÃO INSTITUCIONAL E DE UTILIDADE PÚBLICA
2025,1710,SECRETARIA DE ESTADO DE COMUNICAÇÃO SOCIAL - SECOM,3,0,1711,SECRETARIA DE ESTADO DE COMUNICAÇÃO SOCIAL - SECOM,3,3,90,33,10,1,10242,4,131,18,2,2,2002,1,180400.00,180400.00,180400.00,0,ASSESSORIA DE IMPRENSA,COMUNICAÇÃO INSTITUCIONAL E DE UTILIDADE PÚBLICA
2025,1710,SECRETARIA DE ESTADO DE COMUNICAÇÃO SOCIAL - SECOM,3,0,1711,SECRETARIA DE ESTADO DE COMUNICAÇÃO SOCIAL - SECOM,3,3,90,36,10,1,10242,4,131,18,2,2,2002,1,2400.00,2400.00,2400.00,0,ASSESSORIA DE IMPRENSA,COMUNICAÇÃO INSTITUCIONAL E DE UTILIDADE PÚBLICA
2025,1710,SECRETARIA DE ESTADO DE COMUNICAÇÃO SOCIAL - SECOM,3,0,1711,SECRETARIA DE ESTADO DE COMUNICAÇÃO SOCIAL - SECOM,3,3,90,37,10,1,10242,4,131,18,2,2,2002,1,2271125.00,2271125.00,2271125.00,0,ASSESSORIA DE IMPRENSA,COMUNICAÇÃO INSTITUCIONAL E DE UTILIDADE PÚBLICA
2025,1710,SECRETARIA DE ESTADO DE COMUNICAÇÃO SOCIAL - SECOM,3,0,1711,SECRETARIA DE ESTADO DE COMUNICAÇÃO SOCIAL - SECOM,3,3,90,39,10,1,10242,4,131,18,2,2,2002,1,284865.00,284865.00,284865.00,0,ASSESSORIA DE IMPRENSA,COMUNICAÇÃO INSTITUCIONAL E DE UTILIDADE PÚBLICA
2025,1710,SECRETARIA DE ESTADO DE COMUNICAÇÃO SOCIAL - SECOM,3,0,1711,SECRETARIA DE ESTADO DE COMUNICAÇÃO SOCIAL - SECOM,3,3,90,40,10,1,10242,4,131,18,2,2,2002,1,386984.00,386984.00,386984.00,0,ASSESSORIA DE IMPRENSA,COMUNICAÇÃO INSTITUCIONAL E DE UTILIDADE PÚBLICA
2025,1710,SECRETARIA DE ESTADO DE COMUNICAÇÃO SOCIAL - SECOM,3,0,1711,SECRETARIA DE ESTADO DE COMUNICAÇÃO SOCIAL - SECOM,3,3,90,14,10,1,10243,4,131,18,2,3,2003,1,208512.00,208512.00,208512.00,0,ASSESSORIA DE COMUNICAÇÃO DIGITAL,COMUNICAÇÃO INSTITUCIONAL E DE UTILIDADE PÚBLICA
2025,1710,SECRETARIA DE ESTADO DE COMUNICAÇÃO SOCIAL - SECOM,3,0,1711,SECRETARIA DE ESTADO DE COMUNICAÇÃO SOCIAL - SECOM,3,3,90,30,10,1,10243,4,131,18,2,3,2003,1,1213.00,1213.00,1213.00,0,ASSESSORIA DE COMUNICAÇÃO DIGITAL,COMUNICAÇÃO INSTITUCIONAL E DE UTILIDADE PÚBLICA
2025,1710,SECRETARIA DE ESTADO DE COMUNICAÇÃO SOCIAL - SECOM,3,0,1711,SECRETARIA DE ESTADO DE COMUNICAÇÃO SOCIAL - SECOM,3,3,90,33,10,1,10243,4,131,18,2,3,2003,1,75600.00,75600.00,75600.00,0,ASSESSORIA DE COMUNICAÇÃO DIGITAL,COMUNICAÇÃO INSTITUCIONAL E DE UTILIDADE PÚBLICA
2025,1710,SECRETARIA DE ESTADO DE COMUNICAÇÃO SOCIAL - SECOM,3,0,1711,SECRETARIA DE ESTADO DE COMUNICAÇÃO SOCIAL - SECOM,3,3,90,36,10,1,10243,4,131,18,2,3,2003,1,1200.00,1200.00,1200.00,0,ASSESSORIA DE COMUNICAÇÃO DIGITAL,COMUNICAÇÃO INSTITUCIONAL E DE UTILIDADE PÚBLICA
2025,1710,SECRETARIA DE ESTADO DE COMUNICAÇÃO SOCIAL - SECOM,3,0,1711,SECRETARIA DE ESTADO DE COMUNICAÇÃO SOCIAL - SECOM,3,3,90,39,10,1,10243,4,131,18,2,3,2003,1,35834.00,35834.00,35834.00,0,ASSESSORIA DE COMUNICAÇÃO DIGITAL,COMUNICAÇÃO INSTITUCIONAL E DE UTILIDADE PÚBLICA
2025,1710,SECRETARIA DE ESTADO DE COMUNICAÇÃO SOCIAL - SECOM,3,0,1711,SECRETARIA DE ESTADO DE COMUNICAÇÃO SOCIAL - SECOM,3,3,90,40,10,1,10243,4,131,18,2,3,2003,1,53000.00,53000.00,53000.00,0,ASSESSORIA DE COMUNICAÇÃO DIGITAL,COMUNICAÇÃO INSTITUCIONAL E DE UTILIDADE PÚBLICA
2025,1710,SECRETARIA DE ESTADO DE COMUNICAÇÃO SOCIAL - SECOM,3,0,2211,FUNDAÇÃO TV MINAS CULTURAL E EDUCATIVA - TV MINAS,3,3,90,30,10,1,9571,13,122,705,2,500,2500,1,334000.00,334000.00,334000.00,0,ASSESSORAMENTO E GERENCIAMENTO DE POLÍTICAS PÚBLICAS,APOIO ÀS POLÍTICAS PÚBLICAS
2025,1710,SECRETARIA DE ESTADO DE COMUNICAÇÃO SOCIAL - SECOM,3,0,2211,FUNDAÇÃO TV MINAS CULTURAL E EDUCATIVA - TV MINAS,3,3,90,33,10,1,9571,13,122,705,2,500,2500,1,137500.00,137500.00,137500.00,0,ASSESSORAMENTO E GERENCIAMENTO DE POLÍTICAS PÚBLICAS,APOIO ÀS POLÍTICAS PÚBLICAS
2025,1710,SECRETARIA DE ESTADO DE COMUNICAÇÃO SOCIAL - SECOM,3,0,2211,FUNDAÇÃO TV MINAS CULTURAL E EDUCATIVA - TV MINAS,3,3,90,36,10,1,9571,13,122,705,2,500,2500,1,2400.00,2400.00,2400.00,0,ASSESSORAMENTO E GERENCIAMENTO DE POLÍTICAS PÚBLICAS,APOIO ÀS POLÍTICAS PÚBLICAS
2025,1710,SECRETARIA DE ESTADO DE COMUNICAÇÃO SOCIAL - SECOM,3,0,2211,FUNDAÇÃO TV MINAS CULTURAL E EDUCATIVA - TV MINAS,3,3,90,37,60,1,9571,13,122,705,2,500,2500,1,3830000.00,3830000.00,3830000.00,0,ASSESSORAMENTO E GERENCIAMENTO DE POLÍTICAS PÚBLICAS,APOIO ÀS POLÍTICAS PÚBLICAS
2025,1710,SECRETARIA DE ESTADO DE COMUNICAÇÃO SOCIAL - SECOM,3,0,2211,FUNDAÇÃO TV MINAS CULTURAL E EDUCATIVA - TV MINAS,3,3,90,39,10,1,9571,13,122,705,2,500,2500,1,1014640.00,1014640.00,1014640.00,0,ASSESSORAMENTO E GERENCIAMENTO DE POLÍTICAS PÚBLICAS,APOIO ÀS POLÍTICAS PÚBLICAS
2025,1710,SECRETARIA DE ESTADO DE COMUNICAÇÃO SOCIAL - SECOM,3,0,2211,FUNDAÇÃO TV MINAS CULTURAL E EDUCATIVA - TV MINAS,3,3,90,40,10,1,9571,13,122,705,2,500,2500,1,112680.00,112680.00,112680.00,0,ASSESSORAMENTO E GERENCIAMENTO DE POLÍTICAS PÚBLICAS,APOIO ÀS POLÍTICAS PÚBLICAS
2025,1710,SECRETARIA DE ESTADO DE COMUNICAÇÃO SOCIAL - SECOM,3,0,2211,FUNDAÇÃO TV MINAS CULTURAL E EDUCATIVA - TV MINAS,3,3,90,47,10,1,9571,13,122,705,2,500,2500,1,114000.00,114000.00,114000.00,0,ASSESSORAMENTO E GERENCIAMENTO DE POLÍTICAS PÚBLICAS,APOIO ÀS POLÍTICAS PÚBLICAS
2025,1710,SECRETARIA DE ESTADO DE COMUNICAÇÃO SOCIAL - SECOM,3,0,2211,FUNDAÇÃO TV MINAS CULTURAL E EDUCATIVA - TV MINAS,3,3,90,14,10,1,10609,13,131,121,4,302,4302,1,99000.00,99000.00,99000.00,0,"PRODUÇÃO E VEICULAÇÃO TELEVISIVA DE PROGRAMAÇÃO DE CARÁTER CULTURAL, INFORMATIVO, EDUCATIVO E DE ENTRETENIMENTO",ACESSO E ALCANCE À COMUNICAÇÃO DE INTERESSE PÚBLICO
2025,1710,SECRETARIA DE ESTADO DE COMUNICAÇÃO SOCIAL - SECOM,3,0,2211,FUNDAÇÃO TV MINAS CULTURAL E EDUCATIVA - TV MINAS,3,3,90,39,10,1,10609,13,131,121,4,302,4302,1,220000.00,220000.00,220000.00,0,"PRODUÇÃO E VEICULAÇÃO TELEVISIVA DE PROGRAMAÇÃO DE CARÁTER CULTURAL, INFORMATIVO, EDUCATIVO E DE ENTRETENIMENTO",ACESSO E ALCANCE À COMUNICAÇÃO DE INTERESSE PÚBLICO
2025,1710,SECRETARIA DE ESTADO DE COMUNICAÇÃO SOCIAL - SECOM,3,0,2211,FUNDAÇÃO TV MINAS CULTURAL E EDUCATIVA - TV MINAS,3,3,90,40,10,1,10609,13,131,121,4,302,4302,1,11940.00,11940.00,11940.00,0,"PRODUÇÃO E VEICULAÇÃO TELEVISIVA DE PROGRAMAÇÃO DE CARÁTER CULTURAL, INFORMATIVO, EDUCATIVO E DE ENTRETENIMENTO",ACESSO E ALCANCE À COMUNICAÇÃO DE INTERESSE PÚBLICO
2025,1710,SECRETARIA DE ESTADO DE COMUNICAÇÃO SOCIAL - SECOM,3,0,2211,FUNDAÇÃO TV MINAS CULTURAL E EDUCATIVA - TV MINAS,3,3,90,93,10,1,10609,13,131,121,4,302,4302,1,1000.00,1000.00,1000.00,0,"PRODUÇÃO E VEICULAÇÃO TELEVISIVA DE PROGRAMAÇÃO DE CARÁTER CULTURAL, INFORMATIVO, EDUCATIVO E DE ENTRETENIMENTO",ACESSO E ALCANCE À COMUNICAÇÃO DE INTERESSE PÚBLICO
2025,1710,SECRETARIA DE ESTADO DE COMUNICAÇÃO SOCIAL - SECOM,3,0,2211,FUNDAÇÃO TV MINAS CULTURAL E EDUCATIVA - TV MINAS,3,1,90,11,10,1,11148,13,131,705,2,417,2417,1,4844336.00,4844336.00,4844336.00,0,REMUNERAÇÃO DE PESSOAL ATIVO E ENCARGOS SOCIAIS,APOIO ÀS POLÍTICAS PÚBLICAS
2025,1710,SECRETARIA DE ESTADO DE COMUNICAÇÃO SOCIAL - SECOM,3,0,2211,FUNDAÇÃO TV MINAS CULTURAL E EDUCATIVA - TV MINAS,3,1,91,13,10,1,11148,13,131,705,2,417,2417,1,1814242.00,1814242.00,1814242.00,0,REMUNERAÇÃO DE PESSOAL ATIVO E ENCARGOS SOCIAIS,APOIO ÀS POLÍTICAS PÚBLICAS
2025,1710,SECRETARIA DE ESTADO DE COMUNICAÇÃO SOCIAL - SECOM,3,0,2211,FUNDAÇÃO TV MINAS CULTURAL E EDUCATIVA - TV MINAS,3,3,90,46,10,7,11148,13,131,705,2,417,2417,1,2231547.00,2231547.00,2231547.00,0,REMUNERAÇÃO DE PESSOAL ATIVO E ENCARGOS SOCIAIS,APOIO ÀS POLÍTICAS PÚBLICAS
2025,1710,SECRETARIA DE ESTADO DE COMUNICAÇÃO SOCIAL - SECOM,3,0,2211,FUNDAÇÃO TV MINAS CULTURAL E EDUCATIVA - TV MINAS,3,3,90,49,10,7,11148,13,131,705,2,417,2417,1,10000.00,10000.00,10000.00,0,REMUNERAÇÃO DE PESSOAL ATIVO E ENCARGOS SOCIAIS,APOIO ÀS POLÍTICAS PÚBLICAS
2025,1710,SECRETARIA DE ESTADO DE COMUNICAÇÃO SOCIAL - SECOM,3,0,2211,FUNDAÇÃO TV MINAS CULTURAL E EDUCATIVA - TV MINAS,3,3,90,30,10,1,10598,13,722,121,4,298,4298,1,160000.00,160000.00,160000.00,0,DISPONIBILIZAÇÃO E MANUTENÇÃO DO SINAL DE RETRANSMISSÃO DE TV NO INTERIOR DO ESTADO E REGIÃO METROPOLITANA DE BH,ACESSO E ALCANCE À COMUNICAÇÃO DE INTERESSE PÚBLICO
2025,1710,SECRETARIA DE ESTADO DE COMUNICAÇÃO SOCIAL - SECOM,3,0,2211,FUNDAÇÃO TV MINAS CULTURAL E EDUCATIVA - TV MINAS,3,3,90,39,10,1,10598,13,722,121,4,298,4298,1,61896.00,61896.00,61896.00,0,DISPONIBILIZAÇÃO E MANUTENÇÃO DO SINAL DE RETRANSMISSÃO DE TV NO INTERIOR DO ESTADO E REGIÃO METROPOLITANA DE BH,ACESSO E ALCANCE À COMUNICAÇÃO DE INTERESSE PÚBLICO
2025,1710,SECRETARIA DE ESTADO DE COMUNICAÇÃO SOCIAL - SECOM,3,0,2211,FUNDAÇÃO TV MINAS CULTURAL E EDUCATIVA - TV MINAS,3,3,90,47,10,1,10598,13,722,121,4,298,4298,1,120000.00,120000.00,120000.00,0,DISPONIBILIZAÇÃO E MANUTENÇÃO DO SINAL DE RETRANSMISSÃO DE TV NO INTERIOR DO ESTADO E REGIÃO METROPOLITANA DE BH,ACESSO E ALCANCE À COMUNICAÇÃO DE INTERESSE PÚBLICO
2025,1710,SECRETARIA DE ESTADO DE COMUNICAÇÃO SOCIAL - SECOM,3,0,2211,FUNDAÇÃO TV MINAS CULTURAL E EDUCATIVA - TV MINAS,3,3,90,14,10,1,10600,13,722,121,4,299,4299,1,71500.00,71500.00,71500.00,0,GESTÃO E MANUTENÇÃO DOS SISTEMAS DE TRANSMISSÃO VIA SATÉLITE E OPERAÇÃO DE TV,ACESSO E ALCANCE À COMUNICAÇÃO DE INTERESSE PÚBLICO
2025,1710,SECRETARIA DE ESTADO DE COMUNICAÇÃO SOCIAL - SECOM,3,0,2211,FUNDAÇÃO TV MINAS CULTURAL E EDUCATIVA - TV MINAS,3,3,90,30,10,1,10600,13,722,121,4,299,4299,1,80000.00,80000.00,80000.00,0,GESTÃO E MANUTENÇÃO DOS SISTEMAS DE TRANSMISSÃO VIA SATÉLITE E OPERAÇÃO DE TV,ACESSO E ALCANCE À COMUNICAÇÃO DE INTERESSE PÚBLICO
2025,1710,SECRETARIA DE ESTADO DE COMUNICAÇÃO SOCIAL - SECOM,3,0,2211,FUNDAÇÃO TV MINAS CULTURAL E EDUCATIVA - TV MINAS,3,3,90,39,10,1,10600,13,722,121,4,299,4299,1,312389.00,312389.00,312389.00,0,GESTÃO E MANUTENÇÃO DOS SISTEMAS DE TRANSMISSÃO VIA SATÉLITE E OPERAÇÃO DE TV,ACESSO E ALCANCE À COMUNICAÇÃO DE INTERESSE PÚBLICO
2025,1710,SECRETARIA DE ESTADO DE COMUNICAÇÃO SOCIAL - SECOM,3,0,2211,FUNDAÇÃO TV MINAS CULTURAL E EDUCATIVA - TV MINAS,3,3,90,40,10,1,10600,13,722,121,4,299,4299,1,100000.00,100000.00,100000.00,0,GESTÃO E MANUTENÇÃO DOS SISTEMAS DE TRANSMISSÃO VIA SATÉLITE E OPERAÇÃO DE TV,ACESSO E ALCANCE À COMUNICAÇÃO DE INTERESSE PÚBLICO
2025,1710,SECRETARIA DE ESTADO DE COMUNICAÇÃO SOCIAL - SECOM,3,0,2211,FUNDAÇÃO TV MINAS CULTURAL E EDUCATIVA - TV MINAS,3,1,90,91,10,9,1387,28,846,705,7,4,7004,1,1000.00,1000.00,1000.00,0,PRECATÓRIOS E SENTENÇAS JUDICIÁRIAS,APOIO ÀS POLÍTICAS PÚBLICAS
2025,1710,SECRETARIA DE ESTADO DE COMUNICAÇÃO SOCIAL - SECOM,3,0,3151,EMPRESA MINEIRA DE COMUNICAÇÃO - EMC,3,1,90,11,10,1,9215,13,122,705,2,500,2500,1,1933781.00,1933781.00,1933781.00,0,ASSESSORAMENTO E GERENCIAMENTO DE POLÍTICAS PÚBLICAS,APOIO ÀS POLÍTICAS PÚBLICAS
2025,1710,SECRETARIA DE ESTADO DE COMUNICAÇÃO SOCIAL - SECOM,3,0,3151,EMPRESA MINEIRA DE COMUNICAÇÃO - EMC,3,1,90,13,10,1,9215,13,122,705,2,500,2500,1,952459.00,952459.00,952459.00,0,ASSESSORAMENTO E GERENCIAMENTO DE POLÍTICAS PÚBLICAS,APOIO ÀS POLÍTICAS PÚBLICAS
2025,1710,SECRETARIA DE ESTADO DE COMUNICAÇÃO SOCIAL - SECOM,3,0,3151,EMPRESA MINEIRA DE COMUNICAÇÃO - EMC,3,3,90,30,10,1,9215,13,122,705,2,500,2500,1,86200.00,86200.00,86200.00,0,ASSESSORAMENTO E GERENCIAMENTO DE POLÍTICAS PÚBLICAS,APOIO ÀS POLÍTICAS PÚBLICAS
2025,1710,SECRETARIA DE ESTADO DE COMUNICAÇÃO SOCIAL - SECOM,3,0,3151,EMPRESA MINEIRA DE COMUNICAÇÃO - EMC,3,3,90,35,10,1,9215,13,122,705,2,500,2500,1,47666.00,47666.00,47666.00,0,ASSESSORAMENTO E GERENCIAMENTO DE POLÍTICAS PÚBLICAS,APOIO ÀS POLÍTICAS PÚBLICAS
2025,1710,SECRETARIA DE ESTADO DE COMUNICAÇÃO SOCIAL - SECOM,3,0,3151,EMPRESA MINEIRA DE COMUNICAÇÃO - EMC,3,3,90,36,10,1,9215,13,122,705,2,500,2500,1,52800.00,52800.00,52800.00,0,ASSESSORAMENTO E GERENCIAMENTO DE POLÍTICAS PÚBLICAS,APOIO ÀS POLÍTICAS PÚBLICAS
2025,1710,SECRETARIA DE ESTADO DE COMUNICAÇÃO SOCIAL - SECOM,3,0,3151,EMPRESA MINEIRA DE COMUNICAÇÃO - EMC,3,3,90,37,10,1,9215,13,122,705,2,500,2500,1,345014.00,345014.00,345014.00,0,ASSESSORAMENTO E GERENCIAMENTO DE POLÍTICAS PÚBLICAS,APOIO ÀS POLÍTICAS PÚBLICAS
2025,1710,SECRETARIA DE ESTADO DE COMUNICAÇÃO SOCIAL - SECOM,3,0,3151,EMPRESA MINEIRA DE COMUNICAÇÃO - EMC,3,3,90,39,10,1,9215,13,122,705,2,500,2500,1,991495.00,991495.00,991495.00,0,ASSESSORAMENTO E GERENCIAMENTO DE POLÍTICAS PÚBLICAS,APOIO ÀS POLÍTICAS PÚBLICAS
2025,1710,SECRETARIA DE ESTADO DE COMUNICAÇÃO SOCIAL - SECOM,3,0,3151,EMPRESA MINEIRA DE COMUNICAÇÃO - EMC,3,3,90,40,10,1,9215,13,122,705,2,500,2500,1,436932.00,436932.00,436932.00,0,ASSESSORAMENTO E GERENCIAMENTO DE POLÍTICAS PÚBLICAS,APOIO ÀS POLÍTICAS PÚBLICAS
2025,1710,SECRETARIA DE ESTADO DE COMUNICAÇÃO SOCIAL - SECOM,3,0,3151,EMPRESA MINEIRA DE COMUNICAÇÃO - EMC,3,3,90,46,10,1,9215,13,122,705,2,500,2500,1,1134000.00,1134000.00,1134000.00,0,ASSESSORAMENTO E GERENCIAMENTO DE POLÍTICAS PÚBLICAS,APOIO ÀS POLÍTICAS PÚBLICAS
2025,1710,SECRETARIA DE ESTADO DE COMUNICAÇÃO SOCIAL - SECOM,3,0,3151,EMPRESA MINEIRA DE COMUNICAÇÃO - EMC,3,3,90,47,10,1,9215,13,122,705,2,500,2500,1,18300.00,18300.00,18300.00,0,ASSESSORAMENTO E GERENCIAMENTO DE POLÍTICAS PÚBLICAS,APOIO ÀS POLÍTICAS PÚBLICAS
2025,1710,SECRETARIA DE ESTADO DE COMUNICAÇÃO SOCIAL - SECOM,3,0,3151,EMPRESA MINEIRA DE COMUNICAÇÃO - EMC,3,3,90,49,10,1,9215,13,122,705,2,500,2500,1,49560.00,49560.00,49560.00,0,ASSESSORAMENTO E GERENCIAMENTO DE POLÍTICAS PÚBLICAS,APOIO ÀS POLÍTICAS PÚBLICAS
2025,1710,SECRETARIA DE ESTADO DE COMUNICAÇÃO SOCIAL - SECOM,3,0,3151,EMPRESA MINEIRA DE COMUNICAÇÃO - EMC,3,3,90,39,59,2,11192,13,131,102,4,424,4424,1,1000.00,1000.00,1000.00,1,FOMENTO AO DESENVOLVIMENTO E À DIFUSÃO DO AUDIOVISUAL MINEIRO,FOMENTO À ECONOMIA DA CRIATIVIDADE
2025,1710,SECRETARIA DE ESTADO DE COMUNICAÇÃO SOCIAL - SECOM,3,0,3151,EMPRESA MINEIRA DE COMUNICAÇÃO - EMC,3,1,90,11,10,1,11193,13,131,121,2,31,2031,1,322297.00,322297.00,322297.00,0,GESTÃO DE PROJETOS E AÇÕES DE PUBLICIDADE E PROPAGANDA,ACESSO E ALCANCE À COMUNICAÇÃO DE INTERESSE PÚBLICO
2025,1710,SECRETARIA DE ESTADO DE COMUNICAÇÃO SOCIAL - SECOM,3,0,3151,EMPRESA MINEIRA DE COMUNICAÇÃO - EMC,3,1,90,13,10,1,11193,13,131,121,2,31,2031,1,158743.00,158743.00,158743.00,0,GESTÃO DE PROJETOS E AÇÕES DE PUBLICIDADE E PROPAGANDA,ACESSO E ALCANCE À COMUNICAÇÃO DE INTERESSE PÚBLICO
2025,1710,SECRETARIA DE ESTADO DE COMUNICAÇÃO SOCIAL - SECOM,3,0,3151,EMPRESA MINEIRA DE COMUNICAÇÃO - EMC,3,3,90,39,10,1,11193,13,131,121,2,31,2031,1,1000.00,1000.00,1000.00,0,GESTÃO DE PROJETOS E AÇÕES DE PUBLICIDADE E PROPAGANDA,ACESSO E ALCANCE À COMUNICAÇÃO DE INTERESSE PÚBLICO
2025,1710,SECRETARIA DE ESTADO DE COMUNICAÇÃO SOCIAL - SECOM,3,0,3151,EMPRESA MINEIRA DE COMUNICAÇÃO - EMC,3,3,90,39,10,1,10624,13,131,121,2,52,2052,1,6180000.00,6180000.00,6180000.00,0,GESTÃO E OPERAÇÃO DO CENTRO DE CULTURA PRESIDENTE ITAMAR FRANCO,ACESSO E ALCANCE À COMUNICAÇÃO DE INTERESSE PÚBLICO
2025,1710,SECRETARIA DE ESTADO DE COMUNICAÇÃO SOCIAL - SECOM,3,0,3151,EMPRESA MINEIRA DE COMUNICAÇÃO - EMC,3,1,90,11,10,1,10592,13,131,121,4,294,4294,1,193378.00,193378.00,193378.00,0,DISPONIBILIZAÇÃO E DISTRIBUIÇÃO DE CONTEÚDO MULTIPLATAFORMA EM PRODUTOS DIGITAIS ONLINE,ACESSO E ALCANCE À COMUNICAÇÃO DE INTERESSE PÚBLICO
2025,1710,SECRETARIA DE ESTADO DE COMUNICAÇÃO SOCIAL - SECOM,3,0,3151,EMPRESA MINEIRA DE COMUNICAÇÃO - EMC,3,1,90,13,10,1,10592,13,131,121,4,294,4294,1,95246.00,95246.00,95246.00,0,DISPONIBILIZAÇÃO E DISTRIBUIÇÃO DE CONTEÚDO MULTIPLATAFORMA EM PRODUTOS DIGITAIS ONLINE,ACESSO E ALCANCE À COMUNICAÇÃO DE INTERESSE PÚBLICO
2025,1710,SECRETARIA DE ESTADO DE COMUNICAÇÃO SOCIAL - SECOM,3,0,3151,EMPRESA MINEIRA DE COMUNICAÇÃO - EMC,3,3,90,36,10,1,10592,13,131,121,4,294,4294,1,4800.00,4800.00,4800.00,0,DISPONIBILIZAÇÃO E DISTRIBUIÇÃO DE CONTEÚDO MULTIPLATAFORMA EM PRODUTOS DIGITAIS ONLINE,ACESSO E ALCANCE À COMUNICAÇÃO DE INTERESSE PÚBLICO
2025,1710,SECRETARIA DE ESTADO DE COMUNICAÇÃO SOCIAL - SECOM,3,0,3151,EMPRESA MINEIRA DE COMUNICAÇÃO - EMC,3,3,90,39,10,1,10592,13,131,121,4,294,4294,1,56856.00,56856.00,56856.00,0,DISPONIBILIZAÇÃO E DISTRIBUIÇÃO DE CONTEÚDO MULTIPLATAFORMA EM PRODUTOS DIGITAIS ONLINE,ACESSO E ALCANCE À COMUNICAÇÃO DE INTERESSE PÚBLICO
2025,1710,SECRETARIA DE ESTADO DE COMUNICAÇÃO SOCIAL - SECOM,3,0,3151,EMPRESA MINEIRA DE COMUNICAÇÃO - EMC,3,3,90,40,10,1,10592,13,131,121,4,294,4294,1,887724.00,887724.00,887724.00,0,DISPONIBILIZAÇÃO E DISTRIBUIÇÃO DE CONTEÚDO MULTIPLATAFORMA EM PRODUTOS DIGITAIS ONLINE,ACESSO E ALCANCE À COMUNICAÇÃO DE INTERESSE PÚBLICO
2025,1710,SECRETARIA DE ESTADO DE COMUNICAÇÃO SOCIAL - SECOM,3,0,3151,EMPRESA MINEIRA DE COMUNICAÇÃO - EMC,3,3,90,46,10,1,10592,13,131,121,4,294,4294,1,107952.00,107952.00,107952.00,0,DISPONIBILIZAÇÃO E DISTRIBUIÇÃO DE CONTEÚDO MULTIPLATAFORMA EM PRODUTOS DIGITAIS ONLINE,ACESSO E ALCANCE À COMUNICAÇÃO DE INTERESSE PÚBLICO
2025,1710,SECRETARIA DE ESTADO DE COMUNICAÇÃO SOCIAL - SECOM,3,0,3151,EMPRESA MINEIRA DE COMUNICAÇÃO - EMC,3,3,90,49,10,1,10592,13,131,121,4,294,4294,1,4728.00,4728.00,4728.00,0,DISPONIBILIZAÇÃO E DISTRIBUIÇÃO DE CONTEÚDO MULTIPLATAFORMA EM PRODUTOS DIGITAIS ONLINE,ACESSO E ALCANCE À COMUNICAÇÃO DE INTERESSE PÚBLICO
2025,1710,SECRETARIA DE ESTADO DE COMUNICAÇÃO SOCIAL - SECOM,3,0,3151,EMPRESA MINEIRA DE COMUNICAÇÃO - EMC,3,1,90,11,10,1,10594,13,131,121,4,295,4295,1,128919.00,128919.00,128919.00,0,ATUALIZAÇÃO DE PLATAFORMA DE STREAMING E VOD COM CONTEÚDO INÉDITO,ACESSO E ALCANCE À COMUNICAÇÃO DE INTERESSE PÚBLICO
2025,1710,SECRETARIA DE ESTADO DE COMUNICAÇÃO SOCIAL - SECOM,3,0,3151,EMPRESA MINEIRA DE COMUNICAÇÃO - EMC,3,1,90,13,10,1,10594,13,131,121,4,295,4295,1,63497.00,63497.00,63497.00,0,ATUALIZAÇÃO DE PLATAFORMA DE STREAMING E VOD COM CONTEÚDO INÉDITO,ACESSO E ALCANCE À COMUNICAÇÃO DE INTERESSE PÚBLICO
2025,1710,SECRETARIA DE ESTADO DE COMUNICAÇÃO SOCIAL - SECOM,3,0,3151,EMPRESA MINEIRA DE COMUNICAÇÃO - EMC,3,3,90,36,10,1,10594,13,131,121,4,295,4295,1,2400.00,2400.00,2400.00,0,ATUALIZAÇÃO DE PLATAFORMA DE STREAMING E VOD COM CONTEÚDO INÉDITO,ACESSO E ALCANCE À COMUNICAÇÃO DE INTERESSE PÚBLICO
2025,1710,SECRETARIA DE ESTADO DE COMUNICAÇÃO SOCIAL - SECOM,3,0,3151,EMPRESA MINEIRA DE COMUNICAÇÃO - EMC,3,1,90,11,10,1,10623,13,131,121,4,316,4316,1,4125399.00,4125399.00,4125399.00,0,"PRODUÇÃO E VEICULAÇÃO DE CONTEÚDO EM ÁUDIO COM ÊNFASE NA CULTURA, EDUCAÇÃO, INFORMAÇÃO, PRESTAÇÃO DE SERVIÇO E ENTRETENIMENTO.",ACESSO E ALCANCE À COMUNICAÇÃO DE INTERESSE PÚBLICO
2025,1710,SECRETARIA DE ESTADO DE COMUNICAÇÃO SOCIAL - SECOM,3,0,3151,EMPRESA MINEIRA DE COMUNICAÇÃO - EMC,3,1,90,13,10,1,10623,13,131,121,4,316,4316,1,2031913.00,2031913.00,2031913.00,0,"PRODUÇÃO E VEICULAÇÃO DE CONTEÚDO EM ÁUDIO COM ÊNFASE NA CULTURA, EDUCAÇÃO, INFORMAÇÃO, PRESTAÇÃO DE SERVIÇO E ENTRETENIMENTO.",ACESSO E ALCANCE À COMUNICAÇÃO DE INTERESSE PÚBLICO
2025,1710,SECRETARIA DE ESTADO DE COMUNICAÇÃO SOCIAL - SECOM,3,0,3151,EMPRESA MINEIRA DE COMUNICAÇÃO - EMC,3,3,90,14,10,1,10623,13,131,121,4,316,4316,1,136320.00,136320.00,136320.00,0,"PRODUÇÃO E VEICULAÇÃO DE CONTEÚDO EM ÁUDIO COM ÊNFASE NA CULTURA, EDUCAÇÃO, INFORMAÇÃO, PRESTAÇÃO DE SERVIÇO E ENTRETENIMENTO.",ACESSO E ALCANCE À COMUNICAÇÃO DE INTERESSE PÚBLICO
2025,1710,SECRETARIA DE ESTADO DE COMUNICAÇÃO SOCIAL - SECOM,3,0,3151,EMPRESA MINEIRA DE COMUNICAÇÃO - EMC,3,3,90,39,10,1,10623,13,131,121,4,316,4316,1,1099560.00,1099560.00,1099560.00,0,"PRODUÇÃO E VEICULAÇÃO DE CONTEÚDO EM ÁUDIO COM ÊNFASE NA CULTURA, EDUCAÇÃO, INFORMAÇÃO, PRESTAÇÃO DE SERVIÇO E ENTRETENIMENTO.",ACESSO E ALCANCE À COMUNICAÇÃO DE INTERESSE PÚBLICO
2025,1710,SECRETARIA DE ESTADO DE COMUNICAÇÃO SOCIAL - SECOM,3,0,3151,EMPRESA MINEIRA DE COMUNICAÇÃO - EMC,3,3,90,40,10,1,10623,13,131,121,4,316,4316,1,561180.00,561180.00,561180.00,0,"PRODUÇÃO E VEICULAÇÃO DE CONTEÚDO EM ÁUDIO COM ÊNFASE NA CULTURA, EDUCAÇÃO, INFORMAÇÃO, PRESTAÇÃO DE SERVIÇO E ENTRETENIMENTO.",ACESSO E ALCANCE À COMUNICAÇÃO DE INTERESSE PÚBLICO
2025,1710,SECRETARIA DE ESTADO DE COMUNICAÇÃO SOCIAL - SECOM,3,0,3151,EMPRESA MINEIRA DE COMUNICAÇÃO - EMC,3,3,90,46,10,1,10623,13,131,121,4,316,4316,1,1524240.00,1524240.00,1524240.00,0,"PRODUÇÃO E VEICULAÇÃO DE CONTEÚDO EM ÁUDIO COM ÊNFASE NA CULTURA, EDUCAÇÃO, INFORMAÇÃO, PRESTAÇÃO DE SERVIÇO E ENTRETENIMENTO.",ACESSO E ALCANCE À COMUNICAÇÃO DE INTERESSE PÚBLICO
2025,1710,SECRETARIA DE ESTADO DE COMUNICAÇÃO SOCIAL - SECOM,3,0,3151,EMPRESA MINEIRA DE COMUNICAÇÃO - EMC,3,3,90,49,10,1,10623,13,131,121,4,316,4316,1,68460.00,68460.00,68460.00,0,"PRODUÇÃO E VEICULAÇÃO DE CONTEÚDO EM ÁUDIO COM ÊNFASE NA CULTURA, EDUCAÇÃO, INFORMAÇÃO, PRESTAÇÃO DE SERVIÇO E ENTRETENIMENTO.",ACESSO E ALCANCE À COMUNICAÇÃO DE INTERESSE PÚBLICO
2025,1710,SECRETARIA DE ESTADO DE COMUNICAÇÃO SOCIAL - SECOM,3,0,3151,EMPRESA MINEIRA DE COMUNICAÇÃO - EMC,3,3,90,30,10,1,10643,13,131,121,4,333,4333,1,186000.00,186000.00,186000.00,0,"PRODUÇÃO E VEICULAÇÃO TELEVISIVA DE PROGRAMAÇÃO DE CARÁTER CULTURAL, INFORMATIVO, EDUCATIVO E DE ENTRETENIMENTO",ACESSO E ALCANCE À COMUNICAÇÃO DE INTERESSE PÚBLICO
2025,1710,SECRETARIA DE ESTADO DE COMUNICAÇÃO SOCIAL - SECOM,3,0,3151,EMPRESA MINEIRA DE COMUNICAÇÃO - EMC,3,3,90,39,10,1,10643,13,131,121,4,333,4333,1,287280.00,287280.00,287280.00,0,"PRODUÇÃO E VEICULAÇÃO TELEVISIVA DE PROGRAMAÇÃO DE CARÁTER CULTURAL, INFORMATIVO, EDUCATIVO E DE ENTRETENIMENTO",ACESSO E ALCANCE À COMUNICAÇÃO DE INTERESSE PÚBLICO
2025,1710,SECRETARIA DE ESTADO DE COMUNICAÇÃO SOCIAL - SECOM,3,0,3151,EMPRESA MINEIRA DE COMUNICAÇÃO - EMC,3,3,90,39,10,1,10596,13,722,121,4,296,4296,1,65228.00,65228.00,65228.00,0,GESTÃO E MANUTENÇÃO DOS SISTEMAS DE TRANSMISSÃO VIA SATÉLITE E OPERAÇÃO DE TV,ACESSO E ALCANCE À COMUNICAÇÃO DE INTERESSE PÚBLICO
2025,1710,SECRETARIA DE ESTADO DE COMUNICAÇÃO SOCIAL - SECOM,3,0,3151,EMPRESA MINEIRA DE COMUNICAÇÃO - EMC,3,3,90,40,10,1,10596,13,722,121,4,296,4296,1,130000.00,130000.00,130000.00,0,GESTÃO E MANUTENÇÃO DOS SISTEMAS DE TRANSMISSÃO VIA SATÉLITE E OPERAÇÃO DE TV,ACESSO E ALCANCE À COMUNICAÇÃO DE INTERESSE PÚBLICO
2025,1710,SECRETARIA DE ESTADO DE COMUNICAÇÃO SOCIAL - SECOM,3,0,3151,EMPRESA MINEIRA DE COMUNICAÇÃO - EMC,3,3,90,39,10,1,10597,13,722,121,4,297,4297,1,82201.00,82201.00,82201.00,0,DISPONIBILIZAÇÃO E MANUTENÇÃO DO SINAL DE RETRANSMISSÃO DE TV NO INTERIOR DO ESTADO E REGIÃO METROPOLITANA DE BH,ACESSO E ALCANCE À COMUNICAÇÃO DE INTERESSE PÚBLICO
2025,1710,SECRETARIA DE ESTADO DE COMUNICAÇÃO SOCIAL - SECOM,3,0,3151,EMPRESA MINEIRA DE COMUNICAÇÃO - EMC,3,3,90,39,60,1,10597,13,722,121,4,297,4297,1,500000.00,500000.00,500000.00,0,DISPONIBILIZAÇÃO E MANUTENÇÃO DO SINAL DE RETRANSMISSÃO DE TV NO INTERIOR DO ESTADO E REGIÃO METROPOLITANA DE BH,ACESSO E ALCANCE À COMUNICAÇÃO DE INTERESSE PÚBLICO
2025,1710,SECRETARIA DE ESTADO DE COMUNICAÇÃO SOCIAL - SECOM,3,0,3151,EMPRESA MINEIRA DE COMUNICAÇÃO - EMC,3,3,90,40,10,1,10597,13,722,121,4,297,4297,1,3001992.00,3001992.00,3001992.00,0,DISPONIBILIZAÇÃO E MANUTENÇÃO DO SINAL DE RETRANSMISSÃO DE TV NO INTERIOR DO ESTADO E REGIÃO METROPOLITANA DE BH,ACESSO E ALCANCE À COMUNICAÇÃO DE INTERESSE PÚBLICO
2025,1710,SECRETARIA DE ESTADO DE COMUNICAÇÃO SOCIAL - SECOM,3,0,3151,EMPRESA MINEIRA DE COMUNICAÇÃO - EMC,3,1,90,11,10,1,10622,13,722,121,4,315,4315,1,2642834.00,2642834.00,2642834.00,0,GESTÃO E MANUTENÇÃO DOS SISTEMAS DE TRANSMISSÃO E OPERAÇÃO DE RÁDIO,ACESSO E ALCANCE À COMUNICAÇÃO DE INTERESSE PÚBLICO
2025,1710,SECRETARIA DE ESTADO DE COMUNICAÇÃO SOCIAL - SECOM,3,0,3151,EMPRESA MINEIRA DE COMUNICAÇÃO - EMC,3,1,90,13,10,1,10622,13,722,121,4,315,4315,1,1301694.00,1301694.00,1301694.00,0,GESTÃO E MANUTENÇÃO DOS SISTEMAS DE TRANSMISSÃO E OPERAÇÃO DE RÁDIO,ACESSO E ALCANCE À COMUNICAÇÃO DE INTERESSE PÚBLICO
2025,1710,SECRETARIA DE ESTADO DE COMUNICAÇÃO SOCIAL - SECOM,3,0,3151,EMPRESA MINEIRA DE COMUNICAÇÃO - EMC,3,3,90,30,10,1,10622,13,722,121,4,315,4315,1,51000.00,51000.00,51000.00,0,GESTÃO E MANUTENÇÃO DOS SISTEMAS DE TRANSMISSÃO E OPERAÇÃO DE RÁDIO,ACESSO E ALCANCE À COMUNICAÇÃO DE INTERESSE PÚBLICO
2025,1710,SECRETARIA DE ESTADO DE COMUNICAÇÃO SOCIAL - SECOM,3,0,3151,EMPRESA MINEIRA DE COMUNICAÇÃO - EMC,3,3,90,39,10,1,10622,13,722,121,4,315,4315,1,293461.00,293461.00,293461.00,0,GESTÃO E MANUTENÇÃO DOS SISTEMAS DE TRANSMISSÃO E OPERAÇÃO DE RÁDIO,ACESSO E ALCANCE À COMUNICAÇÃO DE INTERESSE PÚBLICO
2025,1710,SECRETARIA DE ESTADO DE COMUNICAÇÃO SOCIAL - SECOM,3,0,3151,EMPRESA MINEIRA DE COMUNICAÇÃO - EMC,3,3,90,39,60,1,10622,13,722,121,4,315,4315,1,700000.00,700000.00,700000.00,0,GESTÃO E MANUTENÇÃO DOS SISTEMAS DE TRANSMISSÃO E OPERAÇÃO DE RÁDIO,ACESSO E ALCANCE À COMUNICAÇÃO DE INTERESSE PÚBLICO
2025,1710,SECRETARIA DE ESTADO DE COMUNICAÇÃO SOCIAL - SECOM,3,0,3151,EMPRESA MINEIRA DE COMUNICAÇÃO - EMC,3,3,90,40,10,1,10622,13,722,121,4,315,4315,1,383595.00,383595.00,383595.00,0,GESTÃO E MANUTENÇÃO DOS SISTEMAS DE TRANSMISSÃO E OPERAÇÃO DE RÁDIO,ACESSO E ALCANCE À COMUNICAÇÃO DE INTERESSE PÚBLICO
2025,1710,SECRETARIA DE ESTADO DE COMUNICAÇÃO SOCIAL - SECOM,3,0,3151,EMPRESA MINEIRA DE COMUNICAÇÃO - EMC,3,3,90,46,10,1,10622,13,722,121,4,315,4315,1,1022727.00,1022727.00,1022727.00,0,GESTÃO E MANUTENÇÃO DOS SISTEMAS DE TRANSMISSÃO E OPERAÇÃO DE RÁDIO,ACESSO E ALCANCE À COMUNICAÇÃO DE INTERESSE PÚBLICO
2025,1710,SECRETARIA DE ESTADO DE COMUNICAÇÃO SOCIAL - SECOM,3,0,3151,EMPRESA MINEIRA DE COMUNICAÇÃO - EMC,3,3,90,47,10,1,10622,13,722,121,4,315,4315,1,610000.00,610000.00,610000.00,0,GESTÃO E MANUTENÇÃO DOS SISTEMAS DE TRANSMISSÃO E OPERAÇÃO DE RÁDIO,ACESSO E ALCANCE À COMUNICAÇÃO DE INTERESSE PÚBLICO
2025,1710,SECRETARIA DE ESTADO DE COMUNICAÇÃO SOCIAL - SECOM,3,0,3151,EMPRESA MINEIRA DE COMUNICAÇÃO - EMC,3,3,90,49,10,1,10622,13,722,121,4,315,4315,1,46132.00,46132.00,46132.00,0,GESTÃO E MANUTENÇÃO DOS SISTEMAS DE TRANSMISSÃO E OPERAÇÃO DE RÁDIO,ACESSO E ALCANCE À COMUNICAÇÃO DE INTERESSE PÚBLICO
2025,1710,SECRETARIA DE ESTADO DE COMUNICAÇÃO SOCIAL - SECOM,3,0,3151,EMPRESA MINEIRA DE COMUNICAÇÃO - EMC,3,3,90,91,10,9,1076,28,846,705,7,4,7004,1,1000.00,1000.00,1000.00,0,PRECATÓRIOS E SENTENÇAS JUDICIÁRIAS,APOIO ÀS POLÍTICAS PÚBLICAS
2025,1720,SECRETARIA DE ESTADO DA CASA CIVIL - SCC,3,0,1721,SECRETARIA DE ESTADO DA CASA CIVIL - SCC,3,3,90,14,10,1,10698,4,121,131,2,70,2070,1,28200.00,28200.00,28200.00,0,"COORDENAÇÃO DO PROCESSO DE CAPTAÇÃO DE RECURSOS E PARCERIAS, MONITORAMENTO DE CONVÊNIOS DE ENTRADA, INSTRUMENTOS CONGÊNERES E OPERAÇÕES DE CRÉDITO","ARTICULAÇÃO INTERFEDERATIVA, ATRAÇÃO DE INVESTIMENTOS, CAPTAÇÃO E TRANSFERÊNCIA DE RECURSOS E PARCERIAS"
2025,1720,SECRETARIA DE ESTADO DA CASA CIVIL - SCC,3,0,1721,SECRETARIA DE ESTADO DA CASA CIVIL - SCC,3,3,90,33,10,1,10698,4,121,131,2,70,2070,1,51000.00,51000.00,51000.00,0,"COORDENAÇÃO DO PROCESSO DE CAPTAÇÃO DE RECURSOS E PARCERIAS, MONITORAMENTO DE CONVÊNIOS DE ENTRADA, INSTRUMENTOS CONGÊNERES E OPERAÇÕES DE CRÉDITO","ARTICULAÇÃO INTERFEDERATIVA, ATRAÇÃO DE INVESTIMENTOS, CAPTAÇÃO E TRANSFERÊNCIA DE RECURSOS E PARCERIAS"
2025,1720,SECRETARIA DE ESTADO DA CASA CIVIL - SCC,3,0,1721,SECRETARIA DE ESTADO DA CASA CIVIL - SCC,3,3,90,37,10,1,10698,4,121,131,2,70,2070,1,600951.00,600951.00,600951.00,0,"COORDENAÇÃO DO PROCESSO DE CAPTAÇÃO DE RECURSOS E PARCERIAS, MONITORAMENTO DE CONVÊNIOS DE ENTRADA, INSTRUMENTOS CONGÊNERES E OPERAÇÕES DE CRÉDITO","ARTICULAÇÃO INTERFEDERATIVA, ATRAÇÃO DE INVESTIMENTOS, CAPTAÇÃO E TRANSFERÊNCIA DE RECURSOS E PARCERIAS"
2025,1720,SECRETARIA DE ESTADO DA CASA CIVIL - SCC,3,0,1721,SECRETARIA DE ESTADO DA CASA CIVIL - SCC,3,3,90,39,10,1,10698,4,121,131,2,70,2070,1,90869.00,90869.00,90869.00,0,"COORDENAÇÃO DO PROCESSO DE CAPTAÇÃO DE RECURSOS E PARCERIAS, MONITORAMENTO DE CONVÊNIOS DE ENTRADA, INSTRUMENTOS CONGÊNERES E OPERAÇÕES DE CRÉDITO","ARTICULAÇÃO INTERFEDERATIVA, ATRAÇÃO DE INVESTIMENTOS, CAPTAÇÃO E TRANSFERÊNCIA DE RECURSOS E PARCERIAS"
2025,1720,SECRETARIA DE ESTADO DA CASA CIVIL - SCC,3,0,1721,SECRETARIA DE ESTADO DA CASA CIVIL - SCC,3,3,90,40,10,1,10698,4,121,131,2,70,2070,1,674181.00,674181.00,674181.00,0,"COORDENAÇÃO DO PROCESSO DE CAPTAÇÃO DE RECURSOS E PARCERIAS, MONITORAMENTO DE CONVÊNIOS DE ENTRADA, INSTRUMENTOS CONGÊNERES E OPERAÇÕES DE CRÉDITO","ARTICULAÇÃO INTERFEDERATIVA, ATRAÇÃO DE INVESTIMENTOS, CAPTAÇÃO E TRANSFERÊNCIA DE RECURSOS E PARCERIAS"
2025,1720,SECRETARIA DE ESTADO DA CASA CIVIL - SCC,3,0,1721,SECRETARIA DE ESTADO DA CASA CIVIL - SCC,4,4,90,40,10,1,10698,4,121,131,2,70,2070,1,79959.00,79959.00,79959.00,0,"COORDENAÇÃO DO PROCESSO DE CAPTAÇÃO DE RECURSOS E PARCERIAS, MONITORAMENTO DE CONVÊNIOS DE ENTRADA, INSTRUMENTOS CONGÊNERES E OPERAÇÕES DE CRÉDITO","ARTICULAÇÃO INTERFEDERATIVA, ATRAÇÃO DE INVESTIMENTOS, CAPTAÇÃO E TRANSFERÊNCIA DE RECURSOS E PARCERIAS"
2025,1720,SECRETARIA DE ESTADO DA CASA CIVIL - SCC,3,0,1721,SECRETARIA DE ESTADO DA CASA CIVIL - SCC,3,3,90,14,10,1,11039,4,122,5,4,111,4111,1,7520.00,7520.00,7520.00,0,"COORDENAÇÃO, GOVERNANÇA E COMUNICAÇÃO DO PROMAIS","PROGRAMA MINEIRO DE ACESSIBILIDADE, INCLUSÃO E SAÚDE (PROMAIS)"
2025,1720,SECRETARIA DE ESTADO DA CASA CIVIL - SCC,3,0,1721,SECRETARIA DE ESTADO DA CASA CIVIL - SCC,3,3,90,30,10,1,11039,4,122,5,4,111,4111,1,3480.00,3480.00,3480.00,0,"COORDENAÇÃO, GOVERNANÇA E COMUNICAÇÃO DO PROMAIS","PROGRAMA MINEIRO DE ACESSIBILIDADE, INCLUSÃO E SAÚDE (PROMAIS)"
2025,1720,SECRETARIA DE ESTADO DA CASA CIVIL - SCC,3,0,1721,SECRETARIA DE ESTADO DA CASA CIVIL - SCC,3,3,90,33,10,1,11039,4,122,5,4,111,4111,1,4000.00,4000.00,4000.00,0,"COORDENAÇÃO, GOVERNANÇA E COMUNICAÇÃO DO PROMAIS","PROGRAMA MINEIRO DE ACESSIBILIDADE, INCLUSÃO E SAÚDE (PROMAIS)"
2025,1720,SECRETARIA DE ESTADO DA CASA CIVIL - SCC,3,0,1721,SECRETARIA DE ESTADO DA CASA CIVIL - SCC,3,3,90,39,10,1,11032,4,122,131,2,10,2010,1,1000.00,1000.00,1000.00,0,TRANSFERÊNCIAS ESPECIAIS - CASA CIVIL,"ARTICULAÇÃO INTERFEDERATIVA, ATRAÇÃO DE INVESTIMENTOS, CAPTAÇÃO E TRANSFERÊNCIA DE RECURSOS E PARCERIAS"
2025,1720,SECRETARIA DE ESTADO DA CASA CIVIL - SCC,3,0,1721,SECRETARIA DE ESTADO DA CASA CIVIL - SCC,3,3,90,14,10,1,10691,4,122,131,2,62,2062,1,23040.00,23040.00,23040.00,0,REPRESENTAÇÃO E DEFESA DOS INTERESSES DO ESTADO DE MINAS GERAIS EM BRASILIA,"ARTICULAÇÃO INTERFEDERATIVA, ATRAÇÃO DE INVESTIMENTOS, CAPTAÇÃO E TRANSFERÊNCIA DE RECURSOS E PARCERIAS"
2025,1720,SECRETARIA DE ESTADO DA CASA CIVIL - SCC,3,0,1721,SECRETARIA DE ESTADO DA CASA CIVIL - SCC,3,3,90,33,10,1,10691,4,122,131,2,62,2062,1,18000.00,18000.00,18000.00,0,REPRESENTAÇÃO E DEFESA DOS INTERESSES DO ESTADO DE MINAS GERAIS EM BRASILIA,"ARTICULAÇÃO INTERFEDERATIVA, ATRAÇÃO DE INVESTIMENTOS, CAPTAÇÃO E TRANSFERÊNCIA DE RECURSOS E PARCERIAS"
2025,1720,SECRETARIA DE ESTADO DA CASA CIVIL - SCC,3,0,1721,SECRETARIA DE ESTADO DA CASA CIVIL - SCC,3,3,90,36,10,1,10691,4,122,131,2,62,2062,1,2400.00,2400.00,2400.00,0,REPRESENTAÇÃO E DEFESA DOS INTERESSES DO ESTADO DE MINAS GERAIS EM BRASILIA,"ARTICULAÇÃO INTERFEDERATIVA, ATRAÇÃO DE INVESTIMENTOS, CAPTAÇÃO E TRANSFERÊNCIA DE RECURSOS E PARCERIAS"
2025,1720,SECRETARIA DE ESTADO DA CASA CIVIL - SCC,3,0,1721,SECRETARIA DE ESTADO DA CASA CIVIL - SCC,3,3,90,37,10,1,10691,4,122,131,2,62,2062,1,451070.00,451070.00,451070.00,0,REPRESENTAÇÃO E DEFESA DOS INTERESSES DO ESTADO DE MINAS GERAIS EM BRASILIA,"ARTICULAÇÃO INTERFEDERATIVA, ATRAÇÃO DE INVESTIMENTOS, CAPTAÇÃO E TRANSFERÊNCIA DE RECURSOS E PARCERIAS"
2025,1720,SECRETARIA DE ESTADO DA CASA CIVIL - SCC,3,0,1721,SECRETARIA DE ESTADO DA CASA CIVIL - SCC,3,3,90,39,10,1,10691,4,122,131,2,62,2062,1,239129.00,239129.00,239129.00,0,REPRESENTAÇÃO E DEFESA DOS INTERESSES DO ESTADO DE MINAS GERAIS EM BRASILIA,"ARTICULAÇÃO INTERFEDERATIVA, ATRAÇÃO DE INVESTIMENTOS, CAPTAÇÃO E TRANSFERÊNCIA DE RECURSOS E PARCERIAS"
2025,1720,SECRETARIA DE ESTADO DA CASA CIVIL - SCC,3,0,1721,SECRETARIA DE ESTADO DA CASA CIVIL - SCC,3,3,90,40,10,1,10691,4,122,131,2,62,2062,1,33180.00,33180.00,33180.00,0,REPRESENTAÇÃO E DEFESA DOS INTERESSES DO ESTADO DE MINAS GERAIS EM BRASILIA,"ARTICULAÇÃO INTERFEDERATIVA, ATRAÇÃO DE INVESTIMENTOS, CAPTAÇÃO E TRANSFERÊNCIA DE RECURSOS E PARCERIAS"
2025,1720,SECRETARIA DE ESTADO DA CASA CIVIL - SCC,3,0,1721,SECRETARIA DE ESTADO DA CASA CIVIL - SCC,3,3,90,39,10,1,11035,4,122,131,4,100,4100,1,1000.00,1000.00,1000.00,0,APOIO AOS MUNICÍPIOS,"ARTICULAÇÃO INTERFEDERATIVA, ATRAÇÃO DE INVESTIMENTOS, CAPTAÇÃO E TRANSFERÊNCIA DE RECURSOS E PARCERIAS"
2025,1720,SECRETARIA DE ESTADO DA CASA CIVIL - SCC,3,0,1721,SECRETARIA DE ESTADO DA CASA CIVIL - SCC,3,1,90,11,10,1,11054,4,122,705,2,417,2417,1,5895597.00,5895597.00,5895597.00,0,REMUNERAÇÃO DE PESSOAL ATIVO E ENCARGOS SOCIAIS,APOIO ÀS POLÍTICAS PÚBLICAS
2025,1720,SECRETARIA DE ESTADO DA CASA CIVIL - SCC,3,0,1721,SECRETARIA DE ESTADO DA CASA CIVIL - SCC,3,1,90,13,10,1,11054,4,122,705,2,417,2417,1,901251.00,901251.00,901251.00,0,REMUNERAÇÃO DE PESSOAL ATIVO E ENCARGOS SOCIAIS,APOIO ÀS POLÍTICAS PÚBLICAS
2025,1720,SECRETARIA DE ESTADO DA CASA CIVIL - SCC,3,0,1721,SECRETARIA DE ESTADO DA CASA CIVIL - SCC,3,1,91,13,10,1,11054,4,122,705,2,417,2417,1,594958.00,594958.00,594958.00,0,REMUNERAÇÃO DE PESSOAL ATIVO E ENCARGOS SOCIAIS,APOIO ÀS POLÍTICAS PÚBLICAS
2025,1720,SECRETARIA DE ESTADO DA CASA CIVIL - SCC,3,0,1721,SECRETARIA DE ESTADO DA CASA CIVIL - SCC,3,3,90,46,10,7,11054,4,122,705,2,417,2417,1,926739.00,926739.00,926739.00,0,REMUNERAÇÃO DE PESSOAL ATIVO E ENCARGOS SOCIAIS,APOIO ÀS POLÍTICAS PÚBLICAS
2025,1720,SECRETARIA DE ESTADO DA CASA CIVIL - SCC,3,0,1721,SECRETARIA DE ESTADO DA CASA CIVIL - SCC,3,3,90,49,10,7,11054,4,122,705,2,417,2417,1,14243.00,14243.00,14243.00,0,REMUNERAÇÃO DE PESSOAL ATIVO E ENCARGOS SOCIAIS,APOIO ÀS POLÍTICAS PÚBLICAS
2025,1720,SECRETARIA DE ESTADO DA CASA CIVIL - SCC,3,0,1721,SECRETARIA DE ESTADO DA CASA CIVIL - SCC,3,3,90,14,10,1,10851,4,122,705,2,500,2500,1,484391.00,484391.00,484391.00,0,ASSESSORAMENTO E GERENCIAMENTO DE POLÍTICAS PÚBLICAS,APOIO ÀS POLÍTICAS PÚBLICAS
2025,1720,SECRETARIA DE ESTADO DA CASA CIVIL - SCC,3,0,1721,SECRETARIA DE ESTADO DA CASA CIVIL - SCC,3,3,90,30,10,1,10851,4,122,705,2,500,2500,1,73520.00,73520.00,73520.00,0,ASSESSORAMENTO E GERENCIAMENTO DE POLÍTICAS PÚBLICAS,APOIO ÀS POLÍTICAS PÚBLICAS
2025,1720,SECRETARIA DE ESTADO DA CASA CIVIL - SCC,3,0,1721,SECRETARIA DE ESTADO DA CASA CIVIL - SCC,3,3,90,33,10,1,10851,4,122,705,2,500,2500,1,275900.00,275900.00,275900.00,0,ASSESSORAMENTO E GERENCIAMENTO DE POLÍTICAS PÚBLICAS,APOIO ÀS POLÍTICAS PÚBLICAS
2025,1720,SECRETARIA DE ESTADO DA CASA CIVIL - SCC,3,0,1721,SECRETARIA DE ESTADO DA CASA CIVIL - SCC,3,3,90,36,10,1,10851,4,122,705,2,500,2500,1,22800.00,22800.00,22800.00,0,ASSESSORAMENTO E GERENCIAMENTO DE POLÍTICAS PÚBLICAS,APOIO ÀS POLÍTICAS PÚBLICAS
2025,1720,SECRETARIA DE ESTADO DA CASA CIVIL - SCC,3,0,1721,SECRETARIA DE ESTADO DA CASA CIVIL - SCC,3,3,90,37,10,1,10851,4,122,705,2,500,2500,1,155311.00,155311.00,155311.00,0,ASSESSORAMENTO E GERENCIAMENTO DE POLÍTICAS PÚBLICAS,APOIO ÀS POLÍTICAS PÚBLICAS
2025,1720,SECRETARIA DE ESTADO DA CASA CIVIL - SCC,3,0,1721,SECRETARIA DE ESTADO DA CASA CIVIL - SCC,3,3,90,39,10,1,10851,4,122,705,2,500,2500,1,298751.00,298751.00,298751.00,0,ASSESSORAMENTO E GERENCIAMENTO DE POLÍTICAS PÚBLICAS,APOIO ÀS POLÍTICAS PÚBLICAS
2025,1720,SECRETARIA DE ESTADO DA CASA CIVIL - SCC,3,0,1721,SECRETARIA DE ESTADO DA CASA CIVIL - SCC,3,3,90,40,10,1,10851,4,122,705,2,500,2500,1,3000.00,3000.00,3000.00,0,ASSESSORAMENTO E GERENCIAMENTO DE POLÍTICAS PÚBLICAS,APOIO ÀS POLÍTICAS PÚBLICAS
2025,1720,SECRETARIA DE ESTADO DA CASA CIVIL - SCC,3,0,1721,SECRETARIA DE ESTADO DA CASA CIVIL - SCC,3,3,90,14,10,1,10695,7,212,131,2,66,2066,1,284420.00,284420.00,284420.00,0,MINAS INTERNACIONAL,"ARTICULAÇÃO INTERFEDERATIVA, ATRAÇÃO DE INVESTIMENTOS, CAPTAÇÃO E TRANSFERÊNCIA DE RECURSOS E PARCERIAS"
2025,1720,SECRETARIA DE ESTADO DA CASA CIVIL - SCC,3,0,1721,SECRETARIA DE ESTADO DA CASA CIVIL - SCC,3,3,90,33,10,1,10695,7,212,131,2,66,2066,1,222371.00,222371.00,222371.00,0,MINAS INTERNACIONAL,"ARTICULAÇÃO INTERFEDERATIVA, ATRAÇÃO DE INVESTIMENTOS, CAPTAÇÃO E TRANSFERÊNCIA DE RECURSOS E PARCERIAS"
2025,1720,SECRETARIA DE ESTADO DA CASA CIVIL - SCC,3,0,1721,SECRETARIA DE ESTADO DA CASA CIVIL - SCC,3,3,90,36,10,1,10695,7,212,131,2,66,2066,1,1800.00,1800.00,1800.00,0,MINAS INTERNACIONAL,"ARTICULAÇÃO INTERFEDERATIVA, ATRAÇÃO DE INVESTIMENTOS, CAPTAÇÃO E TRANSFERÊNCIA DE RECURSOS E PARCERIAS"
2025,1720,SECRETARIA DE ESTADO DA CASA CIVIL - SCC,3,0,1721,SECRETARIA DE ESTADO DA CASA CIVIL - SCC,3,3,90,39,10,1,10695,7,212,131,2,66,2066,1,239148.00,239148.00,239148.00,0,MINAS INTERNACIONAL,"ARTICULAÇÃO INTERFEDERATIVA, ATRAÇÃO DE INVESTIMENTOS, CAPTAÇÃO E TRANSFERÊNCIA DE RECURSOS E PARCERIAS"
2025,1910,ENCARGOS GERAIS DO ESTADO - SECRETARIA DE ESTADO DE FAZENDA - EGE SEF,3,0,1911,EGE SEC.FAZENDA-ENCARGOS DIVERSOS - EGE - SEF,3,3,90,39,10,1,6008,4,123,705,2,49,2049,1,8765551.00,8765551.00,8765551.00,0,ENCARGOS DA ADMINISTRAÇÃO FINANCEIRA CENTRAL,APOIO ÀS POLÍTICAS PÚBLICAS
2025,1910,ENCARGOS GERAIS DO ESTADO - SECRETARIA DE ESTADO DE FAZENDA - EGE SEF,3,0,1911,EGE SEC.FAZENDA-ENCARGOS DIVERSOS - EGE - SEF,3,3,90,47,10,1,1971,28,846,705,7,663,7663,1,884211418.00,881999520.00,881999520.00,0,CAPTAÇÃO DE RECURSOS PARA FORMAÇÃO DO PROGRAMA DE FORMAÇÃO DO PATRIMÔNIO DO SERVIDOR PÚBLICO - PASEP,APOIO ÀS POLÍTICAS PÚBLICAS
2025,1910,ENCARGOS GERAIS DO ESTADO - SECRETARIA DE ESTADO DE FAZENDA - EGE SEF,3,0,1911,EGE SEC.FAZENDA-ENCARGOS DIVERSOS - EGE - SEF,3,3,90,47,51,1,1971,28,846,705,7,663,7663,1,2000000.00,2000000.00,2000000.00,0,CAPTAÇÃO DE RECURSOS PARA FORMAÇÃO DO PROGRAMA DE FORMAÇÃO DO PATRIMÔNIO DO SERVIDOR PÚBLICO - PASEP,APOIO ÀS POLÍTICAS PÚBLICAS
2025,1910,ENCARGOS GERAIS DO ESTADO - SECRETARIA DE ESTADO DE FAZENDA - EGE SEF,3,0,1915,PARTICIPAÇÃO NO AUMENTO DO CAPITAL SOCIAL DE EMPRESAS - PARTICIPAÇÃO EMPRESAS,4,5,90,65,10,1,2495,4,122,705,7,707,7707,1,1000.00,1000.00,1000.00,0,PROGRAMAÇÃO A CARGO DO ESTADO PARA A MINAS GERAIS ADMINISTRAÇÃO E SERVIÇOS S/A - MGS,APOIO ÀS POLÍTICAS PÚBLICAS
2025,1910,ENCARGOS GERAIS DO ESTADO - SECRETARIA DE ESTADO DE FAZENDA - EGE SEF,3,0,1915,PARTICIPAÇÃO NO AUMENTO DO CAPITAL SOCIAL DE EMPRESAS - PARTICIPAÇÃO EMPRESAS,4,5,90,65,10,1,2496,4,123,705,7,700,7700,1,1000.00,1000.00,1000.00,0,PROGRAMAÇÃO A CARGO DO ESTADO PARA A MINAS GERAIS PARTICIPAÇÕES S/A - MGI,APOIO ÀS POLÍTICAS PÚBLICAS
2025,1910,ENCARGOS GERAIS DO ESTADO - SECRETARIA DE ESTADO DE FAZENDA - EGE SEF,3,0,1915,PARTICIPAÇÃO NO AUMENTO DO CAPITAL SOCIAL DE EMPRESAS - PARTICIPAÇÃO EMPRESAS,4,5,90,65,10,1,2498,4,126,705,7,723,7723,1,1000.00,1000.00,1000.00,0,PROGRAMAÇÃO A CARGO DO ESTADO PARA A COMPANHIA DE TECNOLOGIA DA INFORMAÇÃO DO ESTADO DE MINAS GERAIS - PRODEMGE,APOIO ÀS POLÍTICAS PÚBLICAS
2025,1910,ENCARGOS GERAIS DO ESTADO - SECRETARIA DE ESTADO DE FAZENDA - EGE SEF,3,0,1915,PARTICIPAÇÃO NO AUMENTO DO CAPITAL SOCIAL DE EMPRESAS - PARTICIPAÇÃO EMPRESAS,4,5,90,65,10,1,2499,16,482,705,7,734,7734,1,1000.00,1000.00,1000.00,0,PROGRAMAÇÃO A CARGO DO ESTADO PARA COMPANHIA DE HABITAÇÃO DO ESTADO DE MINAS GERAIS - COHAB,APOIO ÀS POLÍTICAS PÚBLICAS
2025,1910,ENCARGOS GERAIS DO ESTADO - SECRETARIA DE ESTADO DE FAZENDA - EGE SEF,3,0,1915,PARTICIPAÇÃO NO AUMENTO DO CAPITAL SOCIAL DE EMPRESAS - PARTICIPAÇÃO EMPRESAS,4,5,90,65,10,1,2500,17,512,705,7,737,7737,1,1000.00,1000.00,1000.00,0,PROGRAMAÇÃO A CARGO DO ESTADO PARA A COMPANHIA DE SANEAMENTO DE MINAS GERAIS - COPASA,APOIO ÀS POLÍTICAS PÚBLICAS
2025,1910,ENCARGOS GERAIS DO ESTADO - SECRETARIA DE ESTADO DE FAZENDA - EGE SEF,3,0,1915,PARTICIPAÇÃO NO AUMENTO DO CAPITAL SOCIAL DE EMPRESAS - PARTICIPAÇÃO EMPRESAS,4,5,90,65,10,1,9007,22,662,705,7,54,7054,1,1000.00,1000.00,1000.00,0,PROGRAMAÇÃO A CARGO DO ESTADO PARA A COMPANHIA DE DESENVOLVIMENTO DE MINAS GERAIS - CODEMGE,APOIO ÀS POLÍTICAS PÚBLICAS
2025,1910,ENCARGOS GERAIS DO ESTADO - SECRETARIA DE ESTADO DE FAZENDA - EGE SEF,3,0,1915,PARTICIPAÇÃO NO AUMENTO DO CAPITAL SOCIAL DE EMPRESAS - PARTICIPAÇÃO EMPRESAS,4,5,90,65,10,1,2802,22,662,705,7,541,7541,1,1000.00,1000.00,1000.00,0,PROGRAMAÇÃO A CARGO DO ESTADO PARA A COMPANHIA DE DESENVOLVIMENTO DO ESTADO DE MINAS GERAIS - CODEMIG,APOIO ÀS POLÍTICAS PÚBLICAS
2025,1910,ENCARGOS GERAIS DO ESTADO - SECRETARIA DE ESTADO DE FAZENDA - EGE SEF,3,0,1915,PARTICIPAÇÃO NO AUMENTO DO CAPITAL SOCIAL DE EMPRESAS - PARTICIPAÇÃO EMPRESAS,4,5,90,65,61,2,2503,23,694,705,7,752,7752,1,110000.00,110000.00,110000.00,0,PROGRAMAÇÃO A CARGO DO ESTADO PARA O BANCO DE DESENVOLVIMENTO DE MINAS GERAIS - BDMG,APOIO ÀS POLÍTICAS PÚBLICAS
2025,1910,ENCARGOS GERAIS DO ESTADO - SECRETARIA DE ESTADO DE FAZENDA - EGE SEF,3,0,1915,PARTICIPAÇÃO NO AUMENTO DO CAPITAL SOCIAL DE EMPRESAS - PARTICIPAÇÃO EMPRESAS,4,5,90,65,80,1,2503,23,694,705,7,752,7752,1,110000000.00,110000000.00,110000000.00,0,PROGRAMAÇÃO A CARGO DO ESTADO PARA O BANCO DE DESENVOLVIMENTO DE MINAS GERAIS - BDMG,APOIO ÀS POLÍTICAS PÚBLICAS
2025,1910,ENCARGOS GERAIS DO ESTADO - SECRETARIA DE ESTADO DE FAZENDA - EGE SEF,3,0,1915,PARTICIPAÇÃO NO AUMENTO DO CAPITAL SOCIAL DE EMPRESAS - PARTICIPAÇÃO EMPRESAS,4,5,90,65,10,1,2504,25,752,705,7,758,7758,1,1000.00,1000.00,1000.00,0,PROGRAMAÇÃO A CARGO DO ESTADO PARA A COMPANHIA ENEGÉTICA DE MINAS GERAIS - CEMIG,APOIO ÀS POLÍTICAS PÚBLICAS
2025,1910,ENCARGOS GERAIS DO ESTADO - SECRETARIA DE ESTADO DE FAZENDA - EGE SEF,3,0,1915,PARTICIPAÇÃO NO AUMENTO DO CAPITAL SOCIAL DE EMPRESAS - PARTICIPAÇÃO EMPRESAS,4,5,90,65,10,1,2505,26,783,705,7,759,7759,1,1000.00,1000.00,1000.00,0,PROGRAMAÇÃO A CARGO DO ESTADO PARA TREM METROPOLITANO DE BELO HORIZONTE S/A,APOIO ÀS POLÍTICAS PÚBLICAS
2025,1910,ENCARGOS GERAIS DO ESTADO - SECRETARIA DE ESTADO DE FAZENDA - EGE SEF,3,0,1916,GESTÃO DA DÍVIDA PÚBLICA ESTADUAL - GDPE - SEF,3,2,90,21,10,1,2048,28,843,705,7,886,7886,1,844838450.00,844838450.00,844838450.00,0,GESTÃO DA DÍVIDA FUNDADA CONTRATUAL INTERNA,APOIO ÀS POLÍTICAS PÚBLICAS
2025,1910,ENCARGOS GERAIS DO ESTADO - SECRETARIA DE ESTADO DE FAZENDA - EGE SEF,3,0,1916,GESTÃO DA DÍVIDA PÚBLICA ESTADUAL - GDPE - SEF,3,2,90,21,11,1,2048,28,843,705,7,886,7886,1,289215634.00,289215634.00,289215634.00,0,GESTÃO DA DÍVIDA FUNDADA CONTRATUAL INTERNA,APOIO ÀS POLÍTICAS PÚBLICAS
2025,1910,ENCARGOS GERAIS DO ESTADO - SECRETARIA DE ESTADO DE FAZENDA - EGE SEF,3,0,1916,GESTÃO DA DÍVIDA PÚBLICA ESTADUAL - GDPE - SEF,3,2,90,21,19,1,2048,28,843,705,7,886,7886,1,504269510.00,504269510.00,504269510.00,0,GESTÃO DA DÍVIDA FUNDADA CONTRATUAL INTERNA,APOIO ÀS POLÍTICAS PÚBLICAS
2025,1910,ENCARGOS GERAIS DO ESTADO - SECRETARIA DE ESTADO DE FAZENDA - EGE SEF,3,0,1916,GESTÃO DA DÍVIDA PÚBLICA ESTADUAL - GDPE - SEF,3,2,90,22,10,1,2048,28,843,705,7,886,7886,1,100626163.00,100626163.00,100626163.00,0,GESTÃO DA DÍVIDA FUNDADA CONTRATUAL INTERNA,APOIO ÀS POLÍTICAS PÚBLICAS
2025,1910,ENCARGOS GERAIS DO ESTADO - SECRETARIA DE ESTADO DE FAZENDA - EGE SEF,3,0,1916,GESTÃO DA DÍVIDA PÚBLICA ESTADUAL - GDPE - SEF,4,6,90,71,10,1,2048,28,843,705,7,886,7886,1,3581578883.00,3581578883.00,3581578883.00,0,GESTÃO DA DÍVIDA FUNDADA CONTRATUAL INTERNA,APOIO ÀS POLÍTICAS PÚBLICAS
2025,1910,ENCARGOS GERAIS DO ESTADO - SECRETARIA DE ESTADO DE FAZENDA - EGE SEF,3,0,1916,GESTÃO DA DÍVIDA PÚBLICA ESTADUAL - GDPE - SEF,3,2,90,21,10,1,2053,28,844,705,7,896,7896,1,313687644.00,313687644.00,313687644.00,0,GESTÃO DA DÍVIDA FUNDADA CONTRATUAL EXTERNA,APOIO ÀS POLÍTICAS PÚBLICAS
2025,1910,ENCARGOS GERAIS DO ESTADO - SECRETARIA DE ESTADO DE FAZENDA - EGE SEF,3,0,1916,GESTÃO DA DÍVIDA PÚBLICA ESTADUAL - GDPE - SEF,4,6,90,71,10,1,2053,28,844,705,7,896,7896,1,572714378.00,572714378.00,572714378.00,0,GESTÃO DA DÍVIDA FUNDADA CONTRATUAL EXTERNA,APOIO ÀS POLÍTICAS PÚBLICAS
2025,1910,ENCARGOS GERAIS DO ESTADO - SECRETARIA DE ESTADO DE FAZENDA - EGE SEF,3,0,1916,GESTÃO DA DÍVIDA PÚBLICA ESTADUAL - GDPE - SEF,4,6,90,93,10,1,10121,28,846,705,7,3,7003,1,900000000.00,900000000.00,900000000.00,0,RESTITUIÇÃO AO TJMG DOS DEPÓSITOS JUDICIAIS,APOIO ÀS POLÍTICAS PÚBLICAS
2025,1910,ENCARGOS GERAIS DO ESTADO - SECRETARIA DE ESTADO DE FAZENDA - EGE SEF,3,0,1916,GESTÃO DA DÍVIDA PÚBLICA ESTADUAL - GDPE - SEF,4,6,91,93,10,1,10121,28,846,705,7,3,7003,1,83126506.00,83126506.00,83126506.00,0,RESTITUIÇÃO AO TJMG DOS DEPÓSITOS JUDICIAIS,APOIO ÀS POLÍTICAS PÚBLICAS
2025,1910,ENCARGOS GERAIS DO ESTADO - SECRETARIA DE ESTADO DE FAZENDA - EGE SEF,3,0,1916,GESTÃO DA DÍVIDA PÚBLICA ESTADUAL - GDPE - SEF,4,5,90,27,10,1,11221,28,846,705,7,13,7013,1,1000.00,1000.00,1000.00,0,GESTÃO DE GARANTIA E/OU CONTRAGARANTIA EM OPERAÇÕES DE TERCEIROS,APOIO ÀS POLÍTICAS PÚBLICAS
2025,1910,ENCARGOS GERAIS DO ESTADO - SECRETARIA DE ESTADO DE FAZENDA - EGE SEF,3,0,1916,GESTÃO DA DÍVIDA PÚBLICA ESTADUAL - GDPE - SEF,3,2,90,21,10,1,5841,28,846,705,7,30,7030,1,83008174.00,83008174.00,83008174.00,0,ENCARGOS DEVIDOS POR FINANCIAMENTO JUNTO AO INSTITUTO NACIONAL DA SEGURIDADE SOCIAL - INSS,APOIO ÀS POLÍTICAS PÚBLICAS
2025,1910,ENCARGOS GERAIS DO ESTADO - SECRETARIA DE ESTADO DE FAZENDA - EGE SEF,3,0,1916,GESTÃO DA DÍVIDA PÚBLICA ESTADUAL - GDPE - SEF,4,6,90,71,10,1,5841,28,846,705,7,30,7030,1,134213731.00,134213731.00,134213731.00,0,ENCARGOS DEVIDOS POR FINANCIAMENTO JUNTO AO INSTITUTO NACIONAL DA SEGURIDADE SOCIAL - INSS,APOIO ÀS POLÍTICAS PÚBLICAS
2025,1910,ENCARGOS GERAIS DO ESTADO - SECRETARIA DE ESTADO DE FAZENDA - EGE SEF,3,0,1916,GESTÃO DA DÍVIDA PÚBLICA ESTADUAL - GDPE - SEF,3,2,90,21,10,1,8412,28,846,705,7,43,7043,1,36424309.00,36424309.00,36424309.00,0,ENCARGOS DEVIDOS POR FINANCIAMENTO JUNTO AO PROGRAMA DE FORMAÇÃO DO PATRIMÔNIO DO SERVIDOR PÚBLICO - PASEP,APOIO ÀS POLÍTICAS PÚBLICAS
2025,1910,ENCARGOS GERAIS DO ESTADO - SECRETARIA DE ESTADO DE FAZENDA - EGE SEF,3,0,1916,GESTÃO DA DÍVIDA PÚBLICA ESTADUAL - GDPE - SEF,4,6,90,71,10,1,8412,28,846,705,7,43,7043,1,44624684.00,44624684.00,44624684.00,0,ENCARGOS DEVIDOS POR FINANCIAMENTO JUNTO AO PROGRAMA DE FORMAÇÃO DO PATRIMÔNIO DO SERVIDOR PÚBLICO - PASEP,APOIO ÀS POLÍTICAS PÚBLICAS
2025,1910,ENCARGOS GERAIS DO ESTADO - SECRETARIA DE ESTADO DE FAZENDA - EGE SEF,3,0,1916,GESTÃO DA DÍVIDA PÚBLICA ESTADUAL - GDPE - SEF,3,2,91,21,10,1,1964,28,846,705,7,658,7658,1,57616260.00,57616260.00,57616260.00,0,ENCARGOS DEVIDOS POR FINANCIAMENTO JUNTO AOS INSTITUTOS DE PREVIDÊNCIA DOS SERVIDORES MILITARES DO ESTADO DE MINAS GERAIS - IPSM,APOIO ÀS POLÍTICAS PÚBLICAS
2025,1910,ENCARGOS GERAIS DO ESTADO - SECRETARIA DE ESTADO DE FAZENDA - EGE SEF,3,0,1916,GESTÃO DA DÍVIDA PÚBLICA ESTADUAL - GDPE - SEF,4,6,91,71,10,1,1964,28,846,705,7,658,7658,1,15243040.00,15243040.00,15243040.00,0,ENCARGOS DEVIDOS POR FINANCIAMENTO JUNTO AOS INSTITUTOS DE PREVIDÊNCIA DOS SERVIDORES MILITARES DO ESTADO DE MINAS GERAIS - IPSM,APOIO ÀS POLÍTICAS PÚBLICAS
2025,1940,ENCARGOS GERAIS DO ESTADO - SECRETARIA DE ESTADO DE PLANEJAMENTO E GESTÃO - EGE SEPLAG,3,0,1941,EGE-SECRETARIA DE ESTADO DE PLANEJAMENTO E GESTÃO - EGE-SEPLAG,3,3,90,39,10,1,10868,4,122,160,4,488,4488,1,1000.00,1000.00,1000.00,0,IMPLANTAÇÃO E OPERAÇÃO DO ALMOXARIFADO VIRTUAL,MELHORIA DA GESTÃO LOGÍSTICA E PATRIMONIAL
2025,1940,ENCARGOS GERAIS DO ESTADO - SECRETARIA DE ESTADO DE PLANEJAMENTO E GESTÃO - EGE SEPLAG,3,0,1941,EGE-SECRETARIA DE ESTADO DE PLANEJAMENTO E GESTÃO - EGE-SEPLAG,3,3,90,39,10,1,10869,4,122,160,4,489,4489,1,2452208.00,2452208.00,2452208.00,0,APRIMORAMENTO DA REDE DE POSTOS PRÓPRIOS QUE ATENDE A FROTA ESTADUAL,MELHORIA DA GESTÃO LOGÍSTICA E PATRIMONIAL
2025,1940,ENCARGOS GERAIS DO ESTADO - SECRETARIA DE ESTADO DE PLANEJAMENTO E GESTÃO - EGE SEPLAG,3,0,1941,EGE-SECRETARIA DE ESTADO DE PLANEJAMENTO E GESTÃO - EGE-SEPLAG,3,1,90,59,10,1,8277,4,274,705,7,24,7024,1,35800160.00,35800160.00,35800160.00,0,PAGAMENTOS MENSAIS DE PROVENTOS AOS ASSISTIDOS E PENSIONISTAS DO PLANO DE PREVIDÊNCIA COMPLEMENTAR MINASCAIXA RP-2,APOIO ÀS POLÍTICAS PÚBLICAS
2025,1940,ENCARGOS GERAIS DO ESTADO - SECRETARIA DE ESTADO DE PLANEJAMENTO E GESTÃO - EGE SEPLAG,3,0,1941,EGE-SECRETARIA DE ESTADO DE PLANEJAMENTO E GESTÃO - EGE-SEPLAG,3,1,91,13,10,1,8277,4,274,705,7,24,7024,1,159550.00,159550.00,159550.00,0,PAGAMENTOS MENSAIS DE PROVENTOS AOS ASSISTIDOS E PENSIONISTAS DO PLANO DE PREVIDÊNCIA COMPLEMENTAR MINASCAIXA RP-2,APOIO ÀS POLÍTICAS PÚBLICAS
2025,1940,ENCARGOS GERAIS DO ESTADO - SECRETARIA DE ESTADO DE PLANEJAMENTO E GESTÃO - EGE SEPLAG,3,0,1941,EGE-SECRETARIA DE ESTADO DE PLANEJAMENTO E GESTÃO - EGE-SEPLAG,3,1,90,59,10,1,2562,4,274,705,7,441,7441,1,172109325.00,172109325.00,172109325.00,0,PENSÕES ESPECIAIS DE RESPONSABILIDADE DO PODER EXECUTIVO ESTADUAL,APOIO ÀS POLÍTICAS PÚBLICAS
2025,1940,ENCARGOS GERAIS DO ESTADO - SECRETARIA DE ESTADO DE PLANEJAMENTO E GESTÃO - EGE SEPLAG,3,0,1941,EGE-SECRETARIA DE ESTADO DE PLANEJAMENTO E GESTÃO - EGE-SEPLAG,3,1,91,13,10,1,2562,4,274,705,7,441,7441,1,1323588.00,1323588.00,1323588.00,0,PENSÕES ESPECIAIS DE RESPONSABILIDADE DO PODER EXECUTIVO ESTADUAL,APOIO ÀS POLÍTICAS PÚBLICAS
2025,1950,ENCARGOS GERAIS DO ESTADO - INSTRUMENTOS DE ENTRADA DE RECURSOS - EGE - CASA CIVIL,3,0,1951,ENCARGOS GERAIS DO ESTADO - INSTRUMENTOS DE ENTRADA DE RECURSOS - EGE - CASA CIVIL,3,3,90,39,97,1,10996,4,122,705,2,131,2131,1,100000000.00,100000000.00,100000000.00,0,RECURSOS DE TRANSFERÊNCIAS ESPECIAIS DA UNIÃO,APOIO ÀS POLÍTICAS PÚBLICAS
2025,1950,ENCARGOS GERAIS DO ESTADO - INSTRUMENTOS DE ENTRADA DE RECURSOS - EGE - CASA CIVIL,3,0,1951,ENCARGOS GERAIS DO ESTADO - INSTRUMENTOS DE ENTRADA DE RECURSOS - EGE - CASA CIVIL,3,3,90,39,10,3,10997,4,122,705,2,132,2132,1,7000000.00,7000000.00,7000000.00,0,RECURSOS PARA CONTRAPARTIDA A CONVÊNIOS E CONGÊNERES,APOIO ÀS POLÍTICAS PÚBLICAS
2025,1950,ENCARGOS GERAIS DO ESTADO - INSTRUMENTOS DE ENTRADA DE RECURSOS - EGE - CASA CIVIL,3,0,1951,ENCARGOS GERAIS DO ESTADO - INSTRUMENTOS DE ENTRADA DE RECURSOS - EGE - CASA CIVIL,3,3,90,39,71,3,10997,4,122,705,2,132,2132,1,13498418.00,13498418.00,13498418.00,0,RECURSOS PARA CONTRAPARTIDA A CONVÊNIOS E CONGÊNERES,APOIO ÀS POLÍTICAS PÚBLICAS
2025,1950,ENCARGOS GERAIS DO ESTADO - INSTRUMENTOS DE ENTRADA DE RECURSOS - EGE - CASA CIVIL,3,0,1951,ENCARGOS GERAIS DO ESTADO - INSTRUMENTOS DE ENTRADA DE RECURSOS - EGE - CASA CIVIL,4,4,90,52,10,3,10997,4,122,705,2,132,2132,1,11702339.00,11702339.00,11702339.00,0,RECURSOS PARA CONTRAPARTIDA A CONVÊNIOS E CONGÊNERES,APOIO ÀS POLÍTICAS PÚBLICAS
2025,1990,RESERVA DE CONTINGÊNCIA - RC,3,0,1991,RESERVA DE CONTINGÊNCIA - RC,3,3,99,99,15,8,2343,99,999,999,9,999,9999,1,15035000.00,15035000.00,15035000.00,0,RESERVA DE CONTINGÊNCIA,RESERVA DE CONTINGÊNCIA
2025,1990,RESERVA DE CONTINGÊNCIA - RC,3,0,1991,RESERVA DE CONTINGÊNCIA - RC,9,9,99,99,10,1,2343,99,999,999,9,999,9999,1,1038063607.00,1038063607.00,1038063607.00,0,RESERVA DE CONTINGÊNCIA,RESERVA DE CONTINGÊNCIA
2025,1090,MINISTÉRIO PÚBLICO DO ESTADO DE MINAS GERAIS - MPMG,4,0,1091,PROCURADORIA GERAL DE JUSTIÇA - PGJ,3,1,90,11,10,1,2285,3,62,703,4,493,4493,1,627000000.00,627000000.00,627000000.00,0,OPERACIONALIZAÇÃO DAS ATRIBUIÇÕES INSTITUCIONAIS DO MINISTÉRIO PÚBLICO - PROCURADORIA E PROMOTORIA DE JUSTIÇA,PROCESSO JUDICIÁRIO
2025,1090,MINISTÉRIO PÚBLICO DO ESTADO DE MINAS GERAIS - MPMG,4,0,1091,PROCURADORIA GERAL DE JUSTIÇA - PGJ,3,1,90,92,10,1,2285,3,62,703,4,493,4493,1,444000000.00,444000000.00,444000000.00,0,OPERACIONALIZAÇÃO DAS ATRIBUIÇÕES INSTITUCIONAIS DO MINISTÉRIO PÚBLICO - PROCURADORIA E PROMOTORIA DE JUSTIÇA,PROCESSO JUDICIÁRIO
2025,1090,MINISTÉRIO PÚBLICO DO ESTADO DE MINAS GERAIS - MPMG,4,0,1091,PROCURADORIA GERAL DE JUSTIÇA - PGJ,3,1,91,13,10,1,2285,3,62,703,4,493,4493,1,205000000.00,205000000.00,205000000.00,0,OPERACIONALIZAÇÃO DAS ATRIBUIÇÕES INSTITUCIONAIS DO MINISTÉRIO PÚBLICO - PROCURADORIA E PROMOTORIA DE JUSTIÇA,PROCESSO JUDICIÁRIO
2025,1090,MINISTÉRIO PÚBLICO DO ESTADO DE MINAS GERAIS - MPMG,4,0,1091,PROCURADORIA GERAL DE JUSTIÇA - PGJ,3,3,90,46,10,7,2285,3,62,703,4,493,4493,1,28100000.00,28100000.00,28100000.00,0,OPERACIONALIZAÇÃO DAS ATRIBUIÇÕES INSTITUCIONAIS DO MINISTÉRIO PÚBLICO - PROCURADORIA E PROMOTORIA DE JUSTIÇA,PROCESSO JUDICIÁRIO
2025,1090,MINISTÉRIO PÚBLICO DO ESTADO DE MINAS GERAIS - MPMG,4,0,1091,PROCURADORIA GERAL DE JUSTIÇA - PGJ,3,3,90,93,10,7,2285,3,62,703,4,493,4493,1,41900000.00,41900000.00,41900000.00,0,OPERACIONALIZAÇÃO DAS ATRIBUIÇÕES INSTITUCIONAIS DO MINISTÉRIO PÚBLICO - PROCURADORIA E PROMOTORIA DE JUSTIÇA,PROCESSO JUDICIÁRIO
2025,1090,MINISTÉRIO PÚBLICO DO ESTADO DE MINAS GERAIS - MPMG,4,0,1091,PROCURADORIA GERAL DE JUSTIÇA - PGJ,3,3,90,39,10,1,3877,3,62,714,1,64,1064,1,2000000.00,2000000.00,2000000.00,0,"CONSTRUÇÃO, AMPLIAÇÃO E REFORMA DE SEDES PRÓPRIAS","AQUISIÇÃO, CONSTRUÇÃO, REPAROS DE BENS IMÓVEIS"
2025,1090,MINISTÉRIO PÚBLICO DO ESTADO DE MINAS GERAIS - MPMG,4,0,1091,PROCURADORIA GERAL DE JUSTIÇA - PGJ,4,4,90,51,10,1,3877,3,62,714,1,64,1064,1,20000000.00,20000000.00,20000000.00,0,"CONSTRUÇÃO, AMPLIAÇÃO E REFORMA DE SEDES PRÓPRIAS","AQUISIÇÃO, CONSTRUÇÃO, REPAROS DE BENS IMÓVEIS"
2025,1090,MINISTÉRIO PÚBLICO DO ESTADO DE MINAS GERAIS - MPMG,4,0,1091,PROCURADORIA GERAL DE JUSTIÇA - PGJ,4,4,90,51,70,1,3877,3,62,714,1,64,1064,1,4500000.00,4500000.00,4500000.00,0,"CONSTRUÇÃO, AMPLIAÇÃO E REFORMA DE SEDES PRÓPRIAS","AQUISIÇÃO, CONSTRUÇÃO, REPAROS DE BENS IMÓVEIS"
2025,1090,MINISTÉRIO PÚBLICO DO ESTADO DE MINAS GERAIS - MPMG,4,0,1091,PROCURADORIA GERAL DE JUSTIÇA - PGJ,4,5,90,61,10,1,3877,3,62,714,1,64,1064,1,5000000.00,5000000.00,5000000.00,0,"CONSTRUÇÃO, AMPLIAÇÃO E REFORMA DE SEDES PRÓPRIAS","AQUISIÇÃO, CONSTRUÇÃO, REPAROS DE BENS IMÓVEIS"
2025,1090,MINISTÉRIO PÚBLICO DO ESTADO DE MINAS GERAIS - MPMG,4,0,1091,PROCURADORIA GERAL DE JUSTIÇA - PGJ,3,1,90,11,10,1,9232,3,122,703,2,9,2009,1,927000000.00,927000000.00,927000000.00,0,DIREÇÃO ADMINISTRATIVA,PROCESSO JUDICIÁRIO
2025,1090,MINISTÉRIO PÚBLICO DO ESTADO DE MINAS GERAIS - MPMG,4,0,1091,PROCURADORIA GERAL DE JUSTIÇA - PGJ,3,1,90,92,10,1,9232,3,122,703,2,9,2009,1,195024838.00,195024838.00,195024838.00,0,DIREÇÃO ADMINISTRATIVA,PROCESSO JUDICIÁRIO
2025,1090,MINISTÉRIO PÚBLICO DO ESTADO DE MINAS GERAIS - MPMG,4,0,1091,PROCURADORIA GERAL DE JUSTIÇA - PGJ,3,1,91,13,10,1,9232,3,122,703,2,9,2009,1,152975162.00,152975162.00,152975162.00,0,DIREÇÃO ADMINISTRATIVA,PROCESSO JUDICIÁRIO
2025,1090,MINISTÉRIO PÚBLICO DO ESTADO DE MINAS GERAIS - MPMG,4,0,1091,PROCURADORIA GERAL DE JUSTIÇA - PGJ,3,3,90,8,10,1,9232,3,122,703,2,9,2009,1,15000000.00,15000000.00,15000000.00,0,DIREÇÃO ADMINISTRATIVA,PROCESSO JUDICIÁRIO
2025,1090,MINISTÉRIO PÚBLICO DO ESTADO DE MINAS GERAIS - MPMG,4,0,1091,PROCURADORIA GERAL DE JUSTIÇA - PGJ,3,3,90,14,10,1,9232,3,122,703,2,9,2009,1,8500000.00,8500000.00,8500000.00,0,DIREÇÃO ADMINISTRATIVA,PROCESSO JUDICIÁRIO
2025,1090,MINISTÉRIO PÚBLICO DO ESTADO DE MINAS GERAIS - MPMG,4,0,1091,PROCURADORIA GERAL DE JUSTIÇA - PGJ,3,3,90,30,10,1,9232,3,122,703,2,9,2009,1,30000000.00,30000000.00,30000000.00,0,DIREÇÃO ADMINISTRATIVA,PROCESSO JUDICIÁRIO
2025,1090,MINISTÉRIO PÚBLICO DO ESTADO DE MINAS GERAIS - MPMG,4,0,1091,PROCURADORIA GERAL DE JUSTIÇA - PGJ,3,3,90,36,10,1,9232,3,122,703,2,9,2009,1,58500000.00,58500000.00,58500000.00,0,DIREÇÃO ADMINISTRATIVA,PROCESSO JUDICIÁRIO
2025,1090,MINISTÉRIO PÚBLICO DO ESTADO DE MINAS GERAIS - MPMG,4,0,1091,PROCURADORIA GERAL DE JUSTIÇA - PGJ,3,3,90,37,10,1,9232,3,122,703,2,9,2009,1,243752678.00,243752678.00,243752678.00,0,DIREÇÃO ADMINISTRATIVA,PROCESSO JUDICIÁRIO
2025,1090,MINISTÉRIO PÚBLICO DO ESTADO DE MINAS GERAIS - MPMG,4,0,1091,PROCURADORIA GERAL DE JUSTIÇA - PGJ,3,3,90,39,10,1,9232,3,122,703,2,9,2009,1,64100476.00,64100476.00,64100476.00,0,DIREÇÃO ADMINISTRATIVA,PROCESSO JUDICIÁRIO
2025,1090,MINISTÉRIO PÚBLICO DO ESTADO DE MINAS GERAIS - MPMG,4,0,1091,PROCURADORIA GERAL DE JUSTIÇA - PGJ,3,3,90,40,10,1,9232,3,122,703,2,9,2009,1,10100000.00,10100000.00,10100000.00,0,DIREÇÃO ADMINISTRATIVA,PROCESSO JUDICIÁRIO
2025,1090,MINISTÉRIO PÚBLICO DO ESTADO DE MINAS GERAIS - MPMG,4,0,1091,PROCURADORIA GERAL DE JUSTIÇA - PGJ,3,3,90,46,10,7,9232,3,122,703,2,9,2009,1,82100000.00,82100000.00,82100000.00,0,DIREÇÃO ADMINISTRATIVA,PROCESSO JUDICIÁRIO
2025,1090,MINISTÉRIO PÚBLICO DO ESTADO DE MINAS GERAIS - MPMG,4,0,1091,PROCURADORIA GERAL DE JUSTIÇA - PGJ,3,3,90,47,10,1,9232,3,122,703,2,9,2009,1,200000.00,200000.00,200000.00,0,DIREÇÃO ADMINISTRATIVA,PROCESSO JUDICIÁRIO
2025,1090,MINISTÉRIO PÚBLICO DO ESTADO DE MINAS GERAIS - MPMG,4,0,1091,PROCURADORIA GERAL DE JUSTIÇA - PGJ,3,3,90,93,10,1,9232,3,122,703,2,9,2009,1,2356330.00,2356330.00,2356330.00,0,DIREÇÃO ADMINISTRATIVA,PROCESSO JUDICIÁRIO
2025,1090,MINISTÉRIO PÚBLICO DO ESTADO DE MINAS GERAIS - MPMG,4,0,1091,PROCURADORIA GERAL DE JUSTIÇA - PGJ,3,3,90,93,10,7,9232,3,122,703,2,9,2009,1,32095000.00,32095000.00,32095000.00,0,DIREÇÃO ADMINISTRATIVA,PROCESSO JUDICIÁRIO
2025,1090,MINISTÉRIO PÚBLICO DO ESTADO DE MINAS GERAIS - MPMG,4,0,1091,PROCURADORIA GERAL DE JUSTIÇA - PGJ,3,3,91,39,10,1,9232,3,122,703,2,9,2009,1,3199524.00,3199524.00,3199524.00,0,DIREÇÃO ADMINISTRATIVA,PROCESSO JUDICIÁRIO
2025,1090,MINISTÉRIO PÚBLICO DO ESTADO DE MINAS GERAIS - MPMG,4,0,1091,PROCURADORIA GERAL DE JUSTIÇA - PGJ,4,4,90,40,10,1,9232,3,122,703,2,9,2009,1,2000000.00,2000000.00,2000000.00,0,DIREÇÃO ADMINISTRATIVA,PROCESSO JUDICIÁRIO
2025,1090,MINISTÉRIO PÚBLICO DO ESTADO DE MINAS GERAIS - MPMG,4,0,1091,PROCURADORIA GERAL DE JUSTIÇA - PGJ,4,4,90,52,10,1,9232,3,122,703,2,9,2009,1,13000000.00,13000000.00,13000000.00,0,DIREÇÃO ADMINISTRATIVA,PROCESSO JUDICIÁRIO
2025,1090,MINISTÉRIO PÚBLICO DO ESTADO DE MINAS GERAIS - MPMG,4,0,1091,PROCURADORIA GERAL DE JUSTIÇA - PGJ,4,4,90,52,47,1,9232,3,122,703,2,9,2009,1,6200000.00,6200000.00,6200000.00,0,DIREÇÃO ADMINISTRATIVA,PROCESSO JUDICIÁRIO
2025,1090,MINISTÉRIO PÚBLICO DO ESTADO DE MINAS GERAIS - MPMG,4,0,1091,PROCURADORIA GERAL DE JUSTIÇA - PGJ,3,1,90,11,60,1,9234,3,122,703,2,28,2028,1,2600000.00,2600000.00,2600000.00,0,DIREÇÃO DA POLÍTICA INSTITUCIONAL,PROCESSO JUDICIÁRIO
2025,1090,MINISTÉRIO PÚBLICO DO ESTADO DE MINAS GERAIS - MPMG,4,0,1091,PROCURADORIA GERAL DE JUSTIÇA - PGJ,3,3,90,36,60,1,9234,3,122,703,2,28,2028,1,12672000.00,12672000.00,12672000.00,0,DIREÇÃO DA POLÍTICA INSTITUCIONAL,PROCESSO JUDICIÁRIO
2025,1090,MINISTÉRIO PÚBLICO DO ESTADO DE MINAS GERAIS - MPMG,4,0,1091,PROCURADORIA GERAL DE JUSTIÇA - PGJ,4,4,90,52,60,1,9234,3,122,703,2,28,2028,1,27150000.00,27150000.00,27150000.00,0,DIREÇÃO DA POLÍTICA INSTITUCIONAL,PROCESSO JUDICIÁRIO
2025,1090,MINISTÉRIO PÚBLICO DO ESTADO DE MINAS GERAIS - MPMG,4,0,1091,PROCURADORIA GERAL DE JUSTIÇA - PGJ,3,1,90,1,42,5,2395,9,272,705,7,6,7006,1,160000000.00,160000000.00,160000000.00,0,PROVENTOS DE INATIVOS CIVIS E PENSIONISTAS,APOIO ÀS POLÍTICAS PÚBLICAS
2025,1090,MINISTÉRIO PÚBLICO DO ESTADO DE MINAS GERAIS - MPMG,4,0,1091,PROCURADORIA GERAL DE JUSTIÇA - PGJ,3,1,90,1,43,5,2395,9,272,705,7,6,7006,1,180000000.00,180000000.00,180000000.00,0,PROVENTOS DE INATIVOS CIVIS E PENSIONISTAS,APOIO ÀS POLÍTICAS PÚBLICAS
2025,1090,MINISTÉRIO PÚBLICO DO ESTADO DE MINAS GERAIS - MPMG,4,0,1091,PROCURADORIA GERAL DE JUSTIÇA - PGJ,3,1,90,3,42,5,2395,9,272,705,7,6,7006,1,61000000.00,61000000.00,61000000.00,0,PROVENTOS DE INATIVOS CIVIS E PENSIONISTAS,APOIO ÀS POLÍTICAS PÚBLICAS
2025,1090,MINISTÉRIO PÚBLICO DO ESTADO DE MINAS GERAIS - MPMG,4,0,1091,PROCURADORIA GERAL DE JUSTIÇA - PGJ,3,1,90,59,10,1,2395,9,272,705,7,6,7006,1,29000000.00,29000000.00,29000000.00,0,PROVENTOS DE INATIVOS CIVIS E PENSIONISTAS,APOIO ÀS POLÍTICAS PÚBLICAS
2025,1090,MINISTÉRIO PÚBLICO DO ESTADO DE MINAS GERAIS - MPMG,4,0,1091,PROCURADORIA GERAL DE JUSTIÇA - PGJ,3,1,90,92,10,1,2395,9,272,705,7,6,7006,1,32830000.00,32830000.00,32830000.00,0,PROVENTOS DE INATIVOS CIVIS E PENSIONISTAS,APOIO ÀS POLÍTICAS PÚBLICAS
2025,1090,MINISTÉRIO PÚBLICO DO ESTADO DE MINAS GERAIS - MPMG,4,0,1091,PROCURADORIA GERAL DE JUSTIÇA - PGJ,3,1,90,92,10,5,2395,9,272,705,7,6,7006,1,138620000.00,138620000.00,138620000.00,0,PROVENTOS DE INATIVOS CIVIS E PENSIONISTAS,APOIO ÀS POLÍTICAS PÚBLICAS
2025,1090,MINISTÉRIO PÚBLICO DO ESTADO DE MINAS GERAIS - MPMG,4,0,1091,PROCURADORIA GERAL DE JUSTIÇA - PGJ,3,1,90,92,42,5,2395,9,272,705,7,6,7006,1,136975162.00,136975162.00,136975162.00,0,PROVENTOS DE INATIVOS CIVIS E PENSIONISTAS,APOIO ÀS POLÍTICAS PÚBLICAS
2025,1090,MINISTÉRIO PÚBLICO DO ESTADO DE MINAS GERAIS - MPMG,4,0,1091,PROCURADORIA GERAL DE JUSTIÇA - PGJ,3,1,90,92,43,5,2395,9,272,705,7,6,7006,1,62041652.00,62041652.00,62041652.00,0,PROVENTOS DE INATIVOS CIVIS E PENSIONISTAS,APOIO ÀS POLÍTICAS PÚBLICAS
2025,1090,MINISTÉRIO PÚBLICO DO ESTADO DE MINAS GERAIS - MPMG,4,0,1091,PROCURADORIA GERAL DE JUSTIÇA - PGJ,3,3,90,93,10,7,2395,9,272,705,7,6,7006,1,21705000.00,21705000.00,21705000.00,0,PROVENTOS DE INATIVOS CIVIS E PENSIONISTAS,APOIO ÀS POLÍTICAS PÚBLICAS
2025,1090,MINISTÉRIO PÚBLICO DO ESTADO DE MINAS GERAIS - MPMG,4,0,1091,PROCURADORIA GERAL DE JUSTIÇA - PGJ,3,1,90,91,10,9,2559,28,846,705,7,4,7004,1,1000.00,1000.00,1000.00,0,PRECATÓRIOS E SENTENÇAS JUDICIÁRIAS,APOIO ÀS POLÍTICAS PÚBLICAS
2025,1090,MINISTÉRIO PÚBLICO DO ESTADO DE MINAS GERAIS - MPMG,4,0,4441,FUNDO ESPECIAL DO MINISTÉRIO PÚBLICO DO ESTADO DE MINAS GERAIS - FUNEMP,3,3,90,35,60,1,4207,3,122,737,1,9,1009,1,4000000.00,4000000.00,4000000.00,0,REAPARELHAMENTO E APERFEIÇOAMENTO INSTITUICIONAL,MODERNIZAÇÃO INSTITUCIONAL
2025,1090,MINISTÉRIO PÚBLICO DO ESTADO DE MINAS GERAIS - MPMG,4,0,4441,FUNDO ESPECIAL DO MINISTÉRIO PÚBLICO DO ESTADO DE MINAS GERAIS - FUNEMP,3,3,90,36,60,1,4207,3,122,737,1,9,1009,1,1600000.00,1600000.00,1600000.00,0,REAPARELHAMENTO E APERFEIÇOAMENTO INSTITUICIONAL,MODERNIZAÇÃO INSTITUCIONAL
2025,1090,MINISTÉRIO PÚBLICO DO ESTADO DE MINAS GERAIS - MPMG,4,0,4441,FUNDO ESPECIAL DO MINISTÉRIO PÚBLICO DO ESTADO DE MINAS GERAIS - FUNEMP,3,3,90,39,60,1,4207,3,122,737,1,9,1009,1,16400000.00,16400000.00,16400000.00,0,REAPARELHAMENTO E APERFEIÇOAMENTO INSTITUICIONAL,MODERNIZAÇÃO INSTITUCIONAL
2025,1090,MINISTÉRIO PÚBLICO DO ESTADO DE MINAS GERAIS - MPMG,4,0,4441,FUNDO ESPECIAL DO MINISTÉRIO PÚBLICO DO ESTADO DE MINAS GERAIS - FUNEMP,3,3,90,40,60,1,4207,3,122,737,1,9,1009,1,2000000.00,2000000.00,2000000.00,0,REAPARELHAMENTO E APERFEIÇOAMENTO INSTITUICIONAL,MODERNIZAÇÃO INSTITUCIONAL
2025,1090,MINISTÉRIO PÚBLICO DO ESTADO DE MINAS GERAIS - MPMG,4,0,4441,FUNDO ESPECIAL DO MINISTÉRIO PÚBLICO DO ESTADO DE MINAS GERAIS - FUNEMP,4,4,90,40,60,1,4207,3,122,737,1,9,1009,1,2200000.00,2200000.00,2200000.00,0,REAPARELHAMENTO E APERFEIÇOAMENTO INSTITUICIONAL,MODERNIZAÇÃO INSTITUCIONAL
2025,1090,MINISTÉRIO PÚBLICO DO ESTADO DE MINAS GERAIS - MPMG,4,0,4441,FUNDO ESPECIAL DO MINISTÉRIO PÚBLICO DO ESTADO DE MINAS GERAIS - FUNEMP,4,4,90,52,47,1,4207,3,122,737,1,9,1009,1,50000.00,50000.00,50000.00,0,REAPARELHAMENTO E APERFEIÇOAMENTO INSTITUICIONAL,MODERNIZAÇÃO INSTITUCIONAL
2025,1090,MINISTÉRIO PÚBLICO DO ESTADO DE MINAS GERAIS - MPMG,4,0,4441,FUNDO ESPECIAL DO MINISTÉRIO PÚBLICO DO ESTADO DE MINAS GERAIS - FUNEMP,4,4,90,52,60,1,4207,3,122,737,1,9,1009,1,15750000.00,15750000.00,15750000.00,0,REAPARELHAMENTO E APERFEIÇOAMENTO INSTITUICIONAL,MODERNIZAÇÃO INSTITUCIONAL
2025,1090,MINISTÉRIO PÚBLICO DO ESTADO DE MINAS GERAIS - MPMG,4,0,4441,FUNDO ESPECIAL DO MINISTÉRIO PÚBLICO DO ESTADO DE MINAS GERAIS - FUNEMP,4,4,91,41,60,1,4207,3,122,737,1,9,1009,1,8000000.00,8000000.00,8000000.00,0,REAPARELHAMENTO E APERFEIÇOAMENTO INSTITUICIONAL,MODERNIZAÇÃO INSTITUCIONAL
2025,1090,MINISTÉRIO PÚBLICO DO ESTADO DE MINAS GERAIS - MPMG,4,0,4451,FUNDO ESTADUAL DE PROTEÇÃO E DEFESA DO CONSUMIDOR - FEPDC,3,3,90,14,60,1,4208,3,61,738,4,256,4256,1,4200000.00,4200000.00,4200000.00,0,APOIO ÀS AÇÕES DE PROTEÇÃO E DEFESA AO CONSUMIDOR,PROTEÇÃO E DEFESA DO CONSUMIDOR
2025,1090,MINISTÉRIO PÚBLICO DO ESTADO DE MINAS GERAIS - MPMG,4,0,4451,FUNDO ESTADUAL DE PROTEÇÃO E DEFESA DO CONSUMIDOR - FEPDC,3,3,90,33,60,1,4208,3,61,738,4,256,4256,1,1000000.00,1000000.00,1000000.00,0,APOIO ÀS AÇÕES DE PROTEÇÃO E DEFESA AO CONSUMIDOR,PROTEÇÃO E DEFESA DO CONSUMIDOR
2025,1090,MINISTÉRIO PÚBLICO DO ESTADO DE MINAS GERAIS - MPMG,4,0,4451,FUNDO ESTADUAL DE PROTEÇÃO E DEFESA DO CONSUMIDOR - FEPDC,3,3,90,36,60,1,4208,3,61,738,4,256,4256,1,3500000.00,3500000.00,3500000.00,0,APOIO ÀS AÇÕES DE PROTEÇÃO E DEFESA AO CONSUMIDOR,PROTEÇÃO E DEFESA DO CONSUMIDOR
2025,1090,MINISTÉRIO PÚBLICO DO ESTADO DE MINAS GERAIS - MPMG,4,0,4451,FUNDO ESTADUAL DE PROTEÇÃO E DEFESA DO CONSUMIDOR - FEPDC,3,3,90,37,60,1,4208,3,61,738,4,256,4256,1,8050000.00,8050000.00,8050000.00,0,APOIO ÀS AÇÕES DE PROTEÇÃO E DEFESA AO CONSUMIDOR,PROTEÇÃO E DEFESA DO CONSUMIDOR
2025,1090,MINISTÉRIO PÚBLICO DO ESTADO DE MINAS GERAIS - MPMG,4,0,4451,FUNDO ESTADUAL DE PROTEÇÃO E DEFESA DO CONSUMIDOR - FEPDC,3,3,90,39,60,1,4208,3,61,738,4,256,4256,1,750000.00,750000.00,750000.00,0,APOIO ÀS AÇÕES DE PROTEÇÃO E DEFESA AO CONSUMIDOR,PROTEÇÃO E DEFESA DO CONSUMIDOR
2025,1090,MINISTÉRIO PÚBLICO DO ESTADO DE MINAS GERAIS - MPMG,4,0,4451,FUNDO ESTADUAL DE PROTEÇÃO E DEFESA DO CONSUMIDOR - FEPDC,3,3,90,41,60,1,4208,3,61,738,4,256,4256,1,7450000.00,7450000.00,7450000.00,0,APOIO ÀS AÇÕES DE PROTEÇÃO E DEFESA AO CONSUMIDOR,PROTEÇÃO E DEFESA DO CONSUMIDOR
2025,1090,MINISTÉRIO PÚBLICO DO ESTADO DE MINAS GERAIS - MPMG,4,0,4451,FUNDO ESTADUAL DE PROTEÇÃO E DEFESA DO CONSUMIDOR - FEPDC,3,3,91,41,60,1,4208,3,61,738,4,256,4256,1,50000.00,50000.00,50000.00,0,APOIO ÀS AÇÕES DE PROTEÇÃO E DEFESA AO CONSUMIDOR,PROTEÇÃO E DEFESA DO CONSUMIDOR
2025,1090,MINISTÉRIO PÚBLICO DO ESTADO DE MINAS GERAIS - MPMG,4,0,4451,FUNDO ESTADUAL DE PROTEÇÃO E DEFESA DO CONSUMIDOR - FEPDC,4,4,90,40,60,1,4208,3,61,738,4,256,4256,1,5900000.00,5900000.00,5900000.00,0,APOIO ÀS AÇÕES DE PROTEÇÃO E DEFESA AO CONSUMIDOR,PROTEÇÃO E DEFESA DO CONSUMIDOR
2025,1090,MINISTÉRIO PÚBLICO DO ESTADO DE MINAS GERAIS - MPMG,4,0,4451,FUNDO ESTADUAL DE PROTEÇÃO E DEFESA DO CONSUMIDOR - FEPDC,4,4,90,52,47,1,4208,3,61,738,4,256,4256,1,50000.00,50000.00,50000.00,0,APOIO ÀS AÇÕES DE PROTEÇÃO E DEFESA AO CONSUMIDOR,PROTEÇÃO E DEFESA DO CONSUMIDOR
2025,1090,MINISTÉRIO PÚBLICO DO ESTADO DE MINAS GERAIS - MPMG,4,0,4451,FUNDO ESTADUAL DE PROTEÇÃO E DEFESA DO CONSUMIDOR - FEPDC,4,4,90,52,60,1,4208,3,61,738,4,256,4256,1,6550000.00,6550000.00,6550000.00,0,APOIO ÀS AÇÕES DE PROTEÇÃO E DEFESA AO CONSUMIDOR,PROTEÇÃO E DEFESA DO CONSUMIDOR
2025,1090,MINISTÉRIO PÚBLICO DO ESTADO DE MINAS GERAIS - MPMG,4,0,4451,FUNDO ESTADUAL DE PROTEÇÃO E DEFESA DO CONSUMIDOR - FEPDC,4,4,90,61,60,1,4208,3,61,738,4,256,4256,1,7500000.00,7500000.00,7500000.00,0,APOIO ÀS AÇÕES DE PROTEÇÃO E DEFESA AO CONSUMIDOR,PROTEÇÃO E DEFESA DO CONSUMIDOR
2025,1440,DEFENSORIA PUBLICA DO ESTADO DE MINAS GERAIS - DEF PUB,6,0,1441,DEFENSORIA PUBLICA DO ESTADO DE MINAS GERAIS - DEF PUB,3,3,90,39,10,1,7249,3,92,726,1,50,1050,1,1000.00,1000.00,1000.00,0,EXPANSÃO DA DEFENSORIA PÚBLICA NO ESTADO,ACESSO À JUSTIÇA
2025,1440,DEFENSORIA PUBLICA DO ESTADO DE MINAS GERAIS - DEF PUB,6,0,1441,DEFENSORIA PUBLICA DO ESTADO DE MINAS GERAIS - DEF PUB,3,3,90,39,10,1,3993,3,92,726,1,99,1099,1,1000.00,1000.00,1000.00,0,IMPLANTAÇÃO E ESTRUTURAÇÃO DE DEFENSORIAS ESPECIALIZADAS E NÚCLEOS DA DEFENSORIA PÚBLICA,ACESSO À JUSTIÇA
2025,1440,DEFENSORIA PUBLICA DO ESTADO DE MINAS GERAIS - DEF PUB,6,0,1441,DEFENSORIA PUBLICA DO ESTADO DE MINAS GERAIS - DEF PUB,3,3,90,39,10,1,6142,3,92,726,4,33,4033,1,1000.00,1000.00,1000.00,0,CONSTRUÇÃO E REFORMA DE UNIDADES DA DEFENSORIA PÚBLICA,ACESSO À JUSTIÇA
2025,1440,DEFENSORIA PUBLICA DO ESTADO DE MINAS GERAIS - DEF PUB,6,0,1441,DEFENSORIA PUBLICA DO ESTADO DE MINAS GERAIS - DEF PUB,3,3,90,14,10,1,3968,3,92,726,4,150,4150,1,1000000.00,1000000.00,1000000.00,0,OPERACIONALIZAÇÃO DAS ATRIBUIÇÕES DA DEFENSORIA PÚBLICA E DIREÇÃO ADMIINISTRATIVA,ACESSO À JUSTIÇA
2025,1440,DEFENSORIA PUBLICA DO ESTADO DE MINAS GERAIS - DEF PUB,6,0,1441,DEFENSORIA PUBLICA DO ESTADO DE MINAS GERAIS - DEF PUB,3,3,90,30,10,1,3968,3,92,726,4,150,4150,1,5679817.00,5679817.00,5679817.00,0,OPERACIONALIZAÇÃO DAS ATRIBUIÇÕES DA DEFENSORIA PÚBLICA E DIREÇÃO ADMIINISTRATIVA,ACESSO À JUSTIÇA
2025,1440,DEFENSORIA PUBLICA DO ESTADO DE MINAS GERAIS - DEF PUB,6,0,1441,DEFENSORIA PUBLICA DO ESTADO DE MINAS GERAIS - DEF PUB,3,3,90,33,10,1,3968,3,92,726,4,150,4150,1,469814.00,469814.00,469814.00,0,OPERACIONALIZAÇÃO DAS ATRIBUIÇÕES DA DEFENSORIA PÚBLICA E DIREÇÃO ADMIINISTRATIVA,ACESSO À JUSTIÇA
2025,1440,DEFENSORIA PUBLICA DO ESTADO DE MINAS GERAIS - DEF PUB,6,0,1441,DEFENSORIA PUBLICA DO ESTADO DE MINAS GERAIS - DEF PUB,3,3,90,35,10,1,3968,3,92,726,4,150,4150,1,600000.00,600000.00,600000.00,0,OPERACIONALIZAÇÃO DAS ATRIBUIÇÕES DA DEFENSORIA PÚBLICA E DIREÇÃO ADMIINISTRATIVA,ACESSO À JUSTIÇA
2025,1440,DEFENSORIA PUBLICA DO ESTADO DE MINAS GERAIS - DEF PUB,6,0,1441,DEFENSORIA PUBLICA DO ESTADO DE MINAS GERAIS - DEF PUB,3,3,90,36,10,1,3968,3,92,726,4,150,4150,1,43869644.00,43869644.00,43869644.00,0,OPERACIONALIZAÇÃO DAS ATRIBUIÇÕES DA DEFENSORIA PÚBLICA E DIREÇÃO ADMIINISTRATIVA,ACESSO À JUSTIÇA
2025,1440,DEFENSORIA PUBLICA DO ESTADO DE MINAS GERAIS - DEF PUB,6,0,1441,DEFENSORIA PUBLICA DO ESTADO DE MINAS GERAIS - DEF PUB,3,3,90,37,10,1,3968,3,92,726,4,150,4150,1,56987967.00,56987967.00,56987967.00,0,OPERACIONALIZAÇÃO DAS ATRIBUIÇÕES DA DEFENSORIA PÚBLICA E DIREÇÃO ADMIINISTRATIVA,ACESSO À JUSTIÇA
2025,1440,DEFENSORIA PUBLICA DO ESTADO DE MINAS GERAIS - DEF PUB,6,0,1441,DEFENSORIA PUBLICA DO ESTADO DE MINAS GERAIS - DEF PUB,3,3,90,39,10,1,3968,3,92,726,4,150,4150,1,38550761.00,38300761.00,38300761.00,0,OPERACIONALIZAÇÃO DAS ATRIBUIÇÕES DA DEFENSORIA PÚBLICA E DIREÇÃO ADMIINISTRATIVA,ACESSO À JUSTIÇA
2025,1440,DEFENSORIA PUBLICA DO ESTADO DE MINAS GERAIS - DEF PUB,6,0,1441,DEFENSORIA PUBLICA DO ESTADO DE MINAS GERAIS - DEF PUB,3,3,90,39,60,1,3968,3,92,726,4,150,4150,1,6000000.00,6000000.00,6000000.00,0,OPERACIONALIZAÇÃO DAS ATRIBUIÇÕES DA DEFENSORIA PÚBLICA E DIREÇÃO ADMIINISTRATIVA,ACESSO À JUSTIÇA
2025,1440,DEFENSORIA PUBLICA DO ESTADO DE MINAS GERAIS - DEF PUB,6,0,1441,DEFENSORIA PUBLICA DO ESTADO DE MINAS GERAIS - DEF PUB,3,3,90,40,10,1,3968,3,92,726,4,150,4150,1,16935781.00,16935781.00,16935781.00,0,OPERACIONALIZAÇÃO DAS ATRIBUIÇÕES DA DEFENSORIA PÚBLICA E DIREÇÃO ADMIINISTRATIVA,ACESSO À JUSTIÇA
2025,1440,DEFENSORIA PUBLICA DO ESTADO DE MINAS GERAIS - DEF PUB,6,0,1441,DEFENSORIA PUBLICA DO ESTADO DE MINAS GERAIS - DEF PUB,3,3,90,47,10,1,3968,3,92,726,4,150,4150,1,310000.00,310000.00,310000.00,0,OPERACIONALIZAÇÃO DAS ATRIBUIÇÕES DA DEFENSORIA PÚBLICA E DIREÇÃO ADMIINISTRATIVA,ACESSO À JUSTIÇA
2025,1440,DEFENSORIA PUBLICA DO ESTADO DE MINAS GERAIS - DEF PUB,6,0,1441,DEFENSORIA PUBLICA DO ESTADO DE MINAS GERAIS - DEF PUB,3,3,91,39,10,1,3968,3,92,726,4,150,4150,1,850000.00,1100000.00,1100000.00,0,OPERACIONALIZAÇÃO DAS ATRIBUIÇÕES DA DEFENSORIA PÚBLICA E DIREÇÃO ADMIINISTRATIVA,ACESSO À JUSTIÇA
2025,1440,DEFENSORIA PUBLICA DO ESTADO DE MINAS GERAIS - DEF PUB,6,0,1441,DEFENSORIA PUBLICA DO ESTADO DE MINAS GERAIS - DEF PUB,4,4,90,40,10,1,3968,3,92,726,4,150,4150,1,4500000.00,4500000.00,4500000.00,0,OPERACIONALIZAÇÃO DAS ATRIBUIÇÕES DA DEFENSORIA PÚBLICA E DIREÇÃO ADMIINISTRATIVA,ACESSO À JUSTIÇA
2025,1440,DEFENSORIA PUBLICA DO ESTADO DE MINAS GERAIS - DEF PUB,6,0,1441,DEFENSORIA PUBLICA DO ESTADO DE MINAS GERAIS - DEF PUB,4,4,90,40,60,1,3968,3,92,726,4,150,4150,1,7000000.00,7000000.00,7000000.00,0,OPERACIONALIZAÇÃO DAS ATRIBUIÇÕES DA DEFENSORIA PÚBLICA E DIREÇÃO ADMIINISTRATIVA,ACESSO À JUSTIÇA
2025,1440,DEFENSORIA PUBLICA DO ESTADO DE MINAS GERAIS - DEF PUB,6,0,1441,DEFENSORIA PUBLICA DO ESTADO DE MINAS GERAIS - DEF PUB,4,4,90,52,10,1,3968,3,92,726,4,150,4150,1,7800000.00,7800000.00,7800000.00,0,OPERACIONALIZAÇÃO DAS ATRIBUIÇÕES DA DEFENSORIA PÚBLICA E DIREÇÃO ADMIINISTRATIVA,ACESSO À JUSTIÇA
2025,1440,DEFENSORIA PUBLICA DO ESTADO DE MINAS GERAIS - DEF PUB,6,0,1441,DEFENSORIA PUBLICA DO ESTADO DE MINAS GERAIS - DEF PUB,4,4,90,52,47,1,3968,3,92,726,4,150,4150,1,50000.00,50000.00,50000.00,0,OPERACIONALIZAÇÃO DAS ATRIBUIÇÕES DA DEFENSORIA PÚBLICA E DIREÇÃO ADMIINISTRATIVA,ACESSO À JUSTIÇA
2025,1440,DEFENSORIA PUBLICA DO ESTADO DE MINAS GERAIS - DEF PUB,6,0,1441,DEFENSORIA PUBLICA DO ESTADO DE MINAS GERAIS - DEF PUB,3,1,90,11,10,1,9381,3,92,726,4,193,4193,1,448243342.00,448243342.00,448243342.00,0,REMUNERAÇAO DE PESSOAL ATIVO E ENCARGOS SOCIAIS,ACESSO À JUSTIÇA
2025,1440,DEFENSORIA PUBLICA DO ESTADO DE MINAS GERAIS - DEF PUB,6,0,1441,DEFENSORIA PUBLICA DO ESTADO DE MINAS GERAIS - DEF PUB,3,1,90,13,10,1,9381,3,92,726,4,193,4193,1,6138529.00,6138529.00,6138529.00,0,REMUNERAÇAO DE PESSOAL ATIVO E ENCARGOS SOCIAIS,ACESSO À JUSTIÇA
2025,1440,DEFENSORIA PUBLICA DO ESTADO DE MINAS GERAIS - DEF PUB,6,0,1441,DEFENSORIA PUBLICA DO ESTADO DE MINAS GERAIS - DEF PUB,3,1,90,92,10,1,9381,3,92,726,4,193,4193,1,163912417.00,163912417.00,163912417.00,0,REMUNERAÇAO DE PESSOAL ATIVO E ENCARGOS SOCIAIS,ACESSO À JUSTIÇA
2025,1440,DEFENSORIA PUBLICA DO ESTADO DE MINAS GERAIS - DEF PUB,6,0,1441,DEFENSORIA PUBLICA DO ESTADO DE MINAS GERAIS - DEF PUB,3,1,91,13,10,1,9381,3,92,726,4,193,4193,1,103705712.00,103705712.00,103705712.00,0,REMUNERAÇAO DE PESSOAL ATIVO E ENCARGOS SOCIAIS,ACESSO À JUSTIÇA
2025,1440,DEFENSORIA PUBLICA DO ESTADO DE MINAS GERAIS - DEF PUB,6,0,1441,DEFENSORIA PUBLICA DO ESTADO DE MINAS GERAIS - DEF PUB,3,3,90,46,10,7,9381,3,92,726,4,193,4193,1,31667056.00,31667056.00,31667056.00,0,REMUNERAÇAO DE PESSOAL ATIVO E ENCARGOS SOCIAIS,ACESSO À JUSTIÇA
2025,1440,DEFENSORIA PUBLICA DO ESTADO DE MINAS GERAIS - DEF PUB,6,0,1441,DEFENSORIA PUBLICA DO ESTADO DE MINAS GERAIS - DEF PUB,3,3,90,49,10,7,9381,3,92,726,4,193,4193,1,336000.00,336000.00,336000.00,0,REMUNERAÇAO DE PESSOAL ATIVO E ENCARGOS SOCIAIS,ACESSO À JUSTIÇA
2025,1440,DEFENSORIA PUBLICA DO ESTADO DE MINAS GERAIS - DEF PUB,6,0,1441,DEFENSORIA PUBLICA DO ESTADO DE MINAS GERAIS - DEF PUB,3,3,90,14,10,1,7317,3,128,726,2,68,2068,1,60000.00,60000.00,60000.00,0,"CAPACITAÇÃO DE MEMBROS, SERVIDORES E CIDADÃOS POR MEIO DA ESCOLA SUPERIOR DA DEFENSORIA PÚBLICA",ACESSO À JUSTIÇA
2025,1440,DEFENSORIA PUBLICA DO ESTADO DE MINAS GERAIS - DEF PUB,6,0,1441,DEFENSORIA PUBLICA DO ESTADO DE MINAS GERAIS - DEF PUB,3,3,90,33,10,1,7317,3,128,726,2,68,2068,1,55000.00,55000.00,55000.00,0,"CAPACITAÇÃO DE MEMBROS, SERVIDORES E CIDADÃOS POR MEIO DA ESCOLA SUPERIOR DA DEFENSORIA PÚBLICA",ACESSO À JUSTIÇA
2025,1440,DEFENSORIA PUBLICA DO ESTADO DE MINAS GERAIS - DEF PUB,6,0,1441,DEFENSORIA PUBLICA DO ESTADO DE MINAS GERAIS - DEF PUB,3,3,90,39,10,1,7317,3,128,726,2,68,2068,1,235000.00,235000.00,235000.00,0,"CAPACITAÇÃO DE MEMBROS, SERVIDORES E CIDADÃOS POR MEIO DA ESCOLA SUPERIOR DA DEFENSORIA PÚBLICA",ACESSO À JUSTIÇA
2025,1440,DEFENSORIA PUBLICA DO ESTADO DE MINAS GERAIS - DEF PUB,6,0,1441,DEFENSORIA PUBLICA DO ESTADO DE MINAS GERAIS - DEF PUB,3,1,90,1,10,5,5231,9,272,705,7,6,7006,1,1000000.00,1000000.00,1000000.00,0,PROVENTOS DE INATIVOS CIVIS E PENSIONISTAS,APOIO ÀS POLÍTICAS PÚBLICAS
2025,1440,DEFENSORIA PUBLICA DO ESTADO DE MINAS GERAIS - DEF PUB,6,0,1441,DEFENSORIA PUBLICA DO ESTADO DE MINAS GERAIS - DEF PUB,3,1,90,1,42,5,5231,9,272,705,7,6,7006,1,93738515.00,93738515.00,93738515.00,0,PROVENTOS DE INATIVOS CIVIS E PENSIONISTAS,APOIO ÀS POLÍTICAS PÚBLICAS
2025,1440,DEFENSORIA PUBLICA DO ESTADO DE MINAS GERAIS - DEF PUB,6,0,1441,DEFENSORIA PUBLICA DO ESTADO DE MINAS GERAIS - DEF PUB,3,1,90,1,43,5,5231,9,272,705,7,6,7006,1,65292305.00,65292305.00,65292305.00,0,PROVENTOS DE INATIVOS CIVIS E PENSIONISTAS,APOIO ÀS POLÍTICAS PÚBLICAS
2025,1440,DEFENSORIA PUBLICA DO ESTADO DE MINAS GERAIS - DEF PUB,6,0,1441,DEFENSORIA PUBLICA DO ESTADO DE MINAS GERAIS - DEF PUB,3,1,90,91,10,9,6996,28,846,705,7,4,7004,1,1000.00,1000.00,1000.00,0,PRECATÓRIOS E SENTENÇAS JUDICIÁRIAS,APOIO ÀS POLÍTICAS PÚBLICAS
